leftRight
-1.3431317806243896,-0.6108473539352417,10.420886039733887,0.06393246352672577,-0.2637958824634552,0.05423523113131523
-1.2497080564498901,-0.4814915060997009,10.253202438354492,0.2599409520626068,-0.5492865443229675,0.24491740763187408
0.24507051706314087,-0.15331095457077026,9.867530822753906,0.41759997606277466,-0.7218592166900635,0.19591528177261353
-0.08550552278757095,0.20121988654136658,8.657814025878906,-0.015962310135364532,0.10585058480501175,0.0840626135468483
-0.05436430498957634,-0.12456521391868591,9.819621086120605,0.07565036416053772,0.04086950048804283,0.08193209022283554
0.3073529601097107,-0.05270084738731384,9.623191833496094,-0.09905286133289337,-0.004936831071972847,0.07767102867364883
0.10613275319337845,-0.011977717280387878,9.879508018493652,0.003212435869500041,0.06750109046697617,0.11069419980049133
0.26423436403274536,0.009581595659255981,9.64475154876709,-0.008505463600158691,0.007846331223845482,0.0883236676454544
0.0965508446097374,0.03593185544013977,9.563304901123047,-0.04046337306499481,-0.0028063037898391485,0.05956154689192772
0.13966944813728333,0.0910278707742691,9.548932075500488,-0.056442324072122574,-0.05606948584318161,0.05956154689192772
0.2426750361919403,-0.11737877130508423,9.601632118225098,-0.07348654419183731,-0.09015791863203049,0.020146796479821205
0.1851835548877716,-0.12216973304748535,9.663914680480957,-0.06283390522003174,-0.07950528711080551,0.016951005905866623
0.0773870125412941,-0.09342397749423981,9.50341796875,-0.026614945381879807,-0.0613958016037941,0.030799435451626778
0.05582771450281143,-0.08623754978179932,9.350107192993164,-0.04792021960020065,-0.084831602871418,0.027603643015027046
0.012709096074104309,-0.10779684782028198,9.29980182647705,-0.08733497560024261,-0.11146319657564163,0.028668908402323723
0.15643781423568726,-0.22277981042861938,9.587259292602539,-0.13740235567092896,-0.16366109251976013,0.04358259588479996
0.2810027003288269,-0.2515255808830261,10.028027534484863,-0.07668232917785645,-0.18496637046337128,0.030799435451626778
0.2929801046848297,-0.28745773434638977,9.965744972229004,-0.027680208906531334,-0.18177057802677155,0.012689953669905663
0.20195192098617554,-0.2515255808830261,9.707033157348633,0.000016645295545458794,-0.188162162899971,0.004167844541370869
0.38640376925468445,-0.2730848789215088,9.594446182250977,-0.04365916550159454,-0.15940004587173462,0.010559424757957458
0.43191784620285034,-0.246734619140625,9.726197242736816,-0.06283390522003174,-0.14448635280132294,0.004167844541370869
0.352867066860199,-0.22277981042861938,9.874716758728027,-0.022353891283273697,-0.08376633375883102,-0.021398482844233513
0.22111573815345764,-0.2658984363079071,9.685474395751953,0.026648234575986862,-0.0518084317445755,0.005233107600361109
0.20674285292625427,-0.23236173391342163,9.546536445617676,0.02771349623799324,-0.042221058160066605,0.030799435451626778
0.417544960975647,-0.1581019163131714,9.465089797973633,-0.05750758945941925,-0.04328631982207298,0.03506048396229744
0.6067878007888794,-0.10779684782028198,9.625587463378906,-0.08626970648765564,-0.007067358121275902,0.011624690145254135
0.6043922901153564,-0.16289284825325012,9.82441234588623,-0.08733497560024261,0.02915160171687603,-0.020333217456936836
0.491804838180542,-0.30183061957359314,10.085518836975098,-0.020223364233970642,0.05258740112185478,-0.07359639555215836
0.34807610511779785,-0.23715269565582275,9.872322082519531,0.04795350506901741,0.11224215477705002,-0.05974797159433365
0.47024548053741455,-0.25631651282310486,9.261474609375,0.03623560443520546,0.24646537005901337,-0.05016060173511505
0.2762117385864258,-0.23954817652702332,8.149971961975098,-0.008505463600158691,0.501063346862793,-0.05974797159433365
-0.3945222496986389,-0.016768664121627808,9.043485641479492,-0.30784451961517334,0.14313481748104095,-0.025659536942839622
0.17081069946289062,-0.34734469652175903,10.00886344909668,-0.3291497826576233,-0.033698949962854385,0.040386803448200226
0.3337032198905945,-0.4263954758644104,10.425677299499512,-0.24179817736148834,-0.053938958793878555,0.040386803448200226
0.30974844098091125,-0.4000452160835266,10.796976089477539,-0.005309673957526684,-0.10187581926584244,0.0020373170264065266
0.19716095924377441,-0.653965950012207,10.301112174987793,0.20454725623130798,-0.03156842291355133,-0.0011584735475480556
0.10852823406457901,-0.6635478734970093,9.934603691101074,0.2567451596260071,0.005715805105865002,0.0297341700643301
-0.12862414121627808,-0.26829391717910767,9.271056175231934,0.23117884993553162,0.01636844128370285,0.12880368530750275
0.05582771450281143,-0.12456521391868591,9.390830039978027,0.10654300451278687,-0.20201058685779572,0.17567527294158936
0.2738162577152252,-0.19403406977653503,9.469881057739258,0.08417247235774994,-0.23503375053405762,0.1692836880683899
0.491804838180542,-0.17966121435165405,9.61361026763916,0.07884614169597626,-0.18070530891418457,0.12773843109607697
0.520550549030304,-0.18205669522285461,9.515395164489746,0.05860614404082298,-0.055004220455884933,0.052104704082012177
0.285793662071228,-0.1700792908668518,9.419575691223145,0.010669280774891376,-0.01985052041709423,0.026538381353020668
0.1851835548877716,-0.18684765696525574,9.630378723144531,-0.023419154807925224,-0.023046312853693962,0.053169965744018555
0.39838114380836487,-0.24913010001182556,9.774106979370117,-0.007440200075507164,-0.06672211736440659,0.05423523113131523
0.4414997696876526,-0.2347572147846222,9.754942893981934,0.0096040153875947,-0.07204843312501907,0.044647857546806335
0.45587265491485596,-0.24913010001182556,9.651937484741211,0.029844023287296295,-0.1178547665476799,0.011624690145254135
0.42473143339157104,-0.2515255808830261,9.517790794372559,0.02345244213938713,-0.16898740828037262,-0.0043542650528252125
0.29777103662490845,-0.2802713215351105,9.283034324645996,-0.0362023189663887,-0.2446211278438568,0.007363635115325451
0.29058462381362915,-0.3233899176120758,9.321361541748047,-0.07135601341724396,-0.23929481208324432,0.03506048396229744
0.2762117385864258,-0.2994351387023926,9.407598495483398,-0.09479181468486786,-0.197749525308609,0.07234471291303635
0.2929801046848297,-0.31380799412727356,9.431553840637207,-0.10970550775527954,-0.14874739944934845,0.11388999223709106
0.6091832518577576,-0.22277981042861938,9.237520217895508,-0.1970571130514145,-0.12424635142087936,0.14691315591335297
1.4547871351242065,-0.2706893980503082,9.730988502502441,-0.25032028555870056,-0.14768214523792267,0.12773843109607697
1.3901093006134033,-0.47909605503082275,9.695055961608887,-0.28440871834754944,-0.18283583223819733,0.0744752436876297
0.6475109457969666,-0.5389829874038696,10.590965270996094,-0.2961266338825226,-0.188162162899971,-0.023529009893536568
-0.4639911353588104,-0.5773106217384338,10.75146198272705,-0.23008029162883759,-0.14874739944934845,-0.07572691887617111
-0.36098554730415344,-0.46232765913009644,10.555032730102539,0.03623560443520546,0.03234739229083061,0.04997417703270912
0.4726409912109375,-0.4240000247955322,9.587259292602539,0.14489249885082245,0.018498968333005905,0.1969805508852005
1.2296122312545776,-0.11019232869148254,8.938084602355957,0.19602514803409576,-0.03476421535015106,0.33546483516693115
1.1864936351776123,-0.09821493923664093,8.789565086364746,0.034105077385902405,0.003585277823731303,0.20550265908241272
0.9613186120986938,-0.28985321521759033,8.995576858520508,-0.06496443599462509,-0.003871567314490676,0.11282473057508469
0.22830218076705933,-0.5701242089271545,10.0352144241333,-0.18533921241760254,0.14952640235424042,-0.03098585270345211
0.1157146766781807,-0.6443840265274048,10.104682922363281,-0.3483245372772217,1.0954803228378296,0.10430262237787247
-0.46159565448760986,-0.4910734295845032,10.145405769348145,-0.313170850276947,1.3532741069793701,0.15756578743457794
-0.12383317947387695,-0.4192090630531311,9.501022338867188,-0.19918763637542725,1.1721793413162231,0.24065634608268738
0.029477447271347046,-0.3353673219680786,10.459214210510254,-0.16722972691059113,0.9207772016525269,0.28859323263168335
0.11092371493577957,-0.2802713215351105,9.903462409973145,-0.11077076196670532,0.6161118149757385,0.23106898367404938
-0.6388610601425171,-0.589288055896759,9.469881057739258,0.0863029956817627,-0.02837262861430645,0.04784364998340607
-0.8568496108055115,-0.6371976137161255,9.421971321105957,0.19815567135810852,-0.2030758410692215,0.036125749349594116
-0.4520137310028076,-0.6300112009048462,9.453112602233887,0.21413463354110718,-0.2073369026184082,0.11815104633569717
0.8247763514518738,-0.4192090630531311,9.802852630615234,0.1800461858510971,-0.09548423439264297,0.3098984956741333
1.550606369972229,-0.3377628028392792,9.948976516723633,0.13104405999183655,0.06004424765706062,0.3706185221672058
3.2657687664031982,-0.014373183250427246,10.58138370513916,0.11293458938598633,0.07176215201616287,0.32694271206855774
5.601360321044922,0.004790633916854858,11.587484359741211,0.09908615052700043,-0.04009053111076355,0.17993633449077606
7.033856391906738,-0.014373183250427246,12.042625427246094,0.13423985242843628,-0.39375802874565125,0.04571312293410301
11.017537117004395,0.08144594728946686,12.720545768737793,0.15874092280864716,-0.5716570615768433,0.04571312293410301
15.10422420501709,0.07425951957702637,12.313314437866211,0.2897683382034302,-0.5460907220840454,-0.01074584573507309
15.827658653259277,-0.10540138185024261,11.434173583984375,0.48045051097869873,-0.04115579277276993,-0.6839923858642578
14.342461585998535,-0.6324066519737244,9.66631031036377,0.503886342048645,0.13887375593185425,-1.2624305486679077
10.909740447998047,-1.4420783519744873,9.021926879882812,0.4058820605278015,0.3625791072845459,-2.4406120777130127
9.122714042663574,-1.8397278785705566,9.045881271362305,0.28124624490737915,0.2773580253124237,-3.2789745330810547
5.656456470489502,-2.6254446506500244,9.304593086242676,0.28657254576683044,0.15272219479084015,-3.5580735206604004
2.4872384071350098,-3.590822696685791,9.53455924987793,0.4346441924571991,-0.3852359354496002,-3.9245243072509766
0.9493411779403687,-3.8902573585510254,9.57288646697998,0.663675844669342,-1.183118462562561,-4.076857089996338
-1.8629505634307861,-4.036381721496582,9.225542068481445,0.7723327279090881,-1.6081585884094238,-4.0885748863220215
-4.411739826202393,-3.8255794048309326,8.585949897766113,0.8745980262756348,-2.366626262664795,-3.9596779346466064
-5.288485050201416,-3.7656924724578857,8.552412986755371,0.6892421841621399,-2.6425294876098633,-3.584705114364624
-5.896936416625977,-3.756110668182373,9.220751762390137,0.525191605091095,-2.5487864017486572,-3.2938880920410156
-6.323331832885742,-3.5069808959960938,11.803077697753906,0.03623560443520546,-2.4475862979888916,-2.742081642150879
-6.577252388000488,-3.5237491130828857,13.642805099487305,-0.4175666868686676,-2.375148296356201,-2.385218381881714
-7.28870964050293,-3.5548903942108154,16.323345184326172,-0.4314151108264923,-2.256904125213623,-2.2275593280792236
-7.698336601257324,-3.073399305343628,15.437018394470215,0.06925877928733826,-1.9575650691986084,-1.8600434064865112
-7.528257369995117,-2.7140774726867676,14.069199562072754,0.7435706257820129,-1.5218722820281982,-1.4158284664154053
-7.590539932250977,-2.08406662940979,11.589879989624023,0.8948380351066589,-1.1490299701690674,-1.2155590057373047
-8.560708999633789,-1.952315330505371,10.447236061096191,0.7957685589790344,0.03341265767812729,-0.8757398128509521
-9.181138038635254,-2.0696938037872314,10.145405769348145,0.5379747748374939,1.2552698850631714,-0.5028975605964661
-10.067464828491211,-2.2397727966308594,9.738174438476562,0.4484926164150238,1.7271816730499268,-0.23338593542575836
-10.110583305358887,-2.7188684940338135,9.206378936767578,0.35687994956970215,2.341838836669922,0.42494696378707886
-9.974040985107422,-2.8625972270965576,9.036299705505371,0.28231149911880493,2.6049587726593018,1.1099114418029785
-9.411103248596191,-3.6866416931152344,8.9716215133667,0.2226567417383194,2.56021785736084,1.4284251928329468
-8.57747745513916,-4.685556411743164,9.144096374511719,0.06819351017475128,2.16713547706604,2.0484085083007812
-7.8660197257995605,-5.272448539733887,9.19919204711914,-0.116097092628479,1.7367690801620483,2.6811752319335938
-5.666970729827881,-6.264176845550537,9.592050552368164,-0.36430349946022034,1.7719227075576782,3.3661396503448486
-2.7396957874298096,-6.815136909484863,9.405202865600586,-0.501722514629364,1.9636701345443726,3.6548261642456055
-1.1730527877807617,-6.992402076721191,8.906943321228027,-0.7978657484054565,2.603893518447876,4.047908306121826
0.2546524405479431,-7.198413372039795,8.506898880004883,-1.0098532438278198,2.9277336597442627,4.0798659324646
0.4414997696876526,-7.43556547164917,10.495145797729492,-1.7171882390975952,3.149308443069458,3.9477736949920654
1.473950982093811,-7.337350845336914,11.97555160522461,-2.310539960861206,2.609220027923584,4.121411323547363
6.894918918609619,-5.567092418670654,16.06942367553711,-2.425588607788086,2.073392391204834,4.429272651672363
13.920857429504395,-2.75480055809021,17.923524856567383,-2.086834669113159,0.9921498894691467,4.886270523071289
17.399093627929688,-0.2515255808830261,15.123210906982422,-1.0077226161956787,0.584153950214386,4.358964920043945
16.692426681518555,0.3641124367713928,12.746895790100098,-0.16190341114997864,0.8728403449058533,2.9219248294830322
12.148202896118164,0.915072500705719,10.904772758483887,-0.14805498719215393,1.0304993391036987,2.1112592220306396
8.981380462646484,1.1426429748535156,13.733833312988281,-0.7456678748130798,1.3277078866958618,1.0971282720565796
10.509696006774902,1.904405117034912,16.081401824951172,-0.9992006421089172,1.3127940893173218,0.9501219391822815
11.84876823425293,2.5607662200927734,15.94725513458252,-0.40584877133369446,0.5607181191444397,0.9937977194786072
13.57351303100586,3.1931726932525635,13.844024658203125,0.06819351017475128,0.28588011860847473,0.7626355290412903
13.396247863769531,3.063816785812378,12.449856758117676,0.8053559064865112,-0.2680569291114807,-0.20995013415813446
11.355299949645996,1.6744391918182373,10.425677299499512,0.9555580615997314,-0.5375686287879944,-0.8480429649353027
9.120318412780762,-0.4072316884994507,10.983823776245117,0.8170738220214844,-0.8507561087608337,-2.0102455615997314
8.480725288391113,-1.4157280921936035,11.8749418258667,0.6136084794998169,-0.8869750499725342,-2.4416773319244385
8.255550384521484,-3.497398853302002,13.614059448242188,0.3419662415981293,-0.7303813099861145,-2.9828312397003174
8.013607025146484,-4.2208333015441895,14.335098266601562,0.3835115432739258,-0.6515518426895142,-3.3897619247436523
7.632726192474365,-4.75262975692749,14.950736045837402,0.4921684265136719,-0.7410339713096619,-3.6273157596588135
7.15363073348999,-5.258075714111328,15.40108585357666,0.6445010900497437,-0.8944319486618042,-3.8712611198425293
5.6157331466674805,-6.592357158660889,14.969900131225586,0.8469011783599854,-1.0819183588027954,-4.119467735290527
4.580886363983154,-7.3277692794799805,14.0524320602417,1.3358571529388428,-1.4600869417190552,-4.566878318786621
3.263373374938965,-7.804469585418701,13.034353256225586,1.5499751567840576,-1.6528996229171753,-4.725602626800537
1.6991260051727295,-7.924242973327637,12.15521240234375,1.6927204132080078,-1.885127067565918,-4.833194255828857
-0.8640360236167908,-7.785305500030518,11.18743896484375,1.7502447366714478,-2.1908576488494873,-4.873674392700195
-2.636690378189087,-7.447543144226074,10.689179420471191,1.6895246505737305,-2.9290854930877686,-4.794844627380371
-3.281074047088623,-7.198413372039795,10.593360900878906,1.515886664390564,-3.3509297370910645,-4.550899505615234
-4.900417327880859,-6.098888397216797,10.701157569885254,1.4072297811508179,-3.45212984085083,-4.400697231292725
-6.107738494873047,-4.788561820983887,10.840094566345215,1.1792634725570679,-3.443607807159424,-3.9692652225494385
-6.823987007141113,-3.9405622482299805,10.372976303100586,1.0897812843322754,-3.2060539722442627,-3.4345030784606934
-7.41327428817749,-2.3619420528411865,8.399102210998535,1.0738023519515991,-3.0089802742004395,-3.139425039291382
-7.0515570640563965,-1.0875475406646729,6.969001770019531,0.8767285943031311,-2.2931230068206787,-2.5215721130371094
-6.907828330993652,-0.6467795372009277,7.416955947875977,0.2599409520626068,-1.5367859601974487,-2.070965528488159
-7.358178615570068,-0.3952542543411255,10.749066352844238,-0.13740235567092896,-1.248099446296692,-1.9505908489227295
-8.50561237335205,-0.692293643951416,13.369720458984375,-0.5848130583763123,-0.9551519751548767,-1.793997049331665
-9.260188102722168,-0.7593669891357422,13.944635391235352,-0.34512874484062195,-0.7687308192253113,-1.5575085878372192
-9.964459419250488,-0.859977126121521,13.360137939453125,-0.08733497560024261,-0.6408991813659668,-1.3380643129348755
-9.959668159484863,-0.7785308361053467,10.919145584106445,0.458079993724823,-0.18177057802677155,-0.7223418951034546
-9.760843276977539,-0.7785308361053467,9.790875434875488,0.6775242686271667,0.584153950214386,-0.028855325654149055
-9.602742195129395,-1.2384626865386963,8.595531463623047,0.5912379026412964,1.0304993391036987,0.29818060994148254
-9.760843276977539,-2.3739194869995117,8.7296781539917,0.203481987118721,1.890166997909546,0.8755534887313843
-9.993205070495605,-3.1907777786254883,8.935689926147461,-0.1736213117837906,2.480323076248169,1.4177725315093994
-10.378876686096191,-5.500019073486328,9.283034324645996,-0.3248887360095978,2.60282826423645,1.7053937911987305
-9.928526878356934,-8.238051414489746,9.85555362701416,-0.6178362369537354,2.6124157905578613,2.4148592948913574
-9.197905540466309,-9.766366004943848,9.649541854858398,-0.9129142165184021,2.6006977558135986,3.2692008018493652
-7.276732444763184,-12.511584281921387,8.928503036499023,-1.0833563804626465,2.6550261974334717,3.7293944358825684
-3.2786784172058105,-13.70932388305664,8.741655349731445,-1.6617945432662964,3.051304340362549,4.771222114562988
-0.7011435031890869,-13.728487968444824,8.444616317749023,-2.4468936920166016,3.545586585998535,5.728894233703613
4.041903972625732,-12.93558406829834,9.374062538146973,-2.926262378692627,3.7160286903381348,5.997340679168701
5.8960041999816895,-11.994161605834961,11.084433555603027,-4.081007957458496,3.8651657104492188,6.016515254974365
7.158421516418457,-10.535314559936523,12.962489128112793,-4.552919864654541,3.7266814708709717,5.818376064300537
8.301064491271973,-8.829733848571777,15.607097625732422,-4.882086277008057,3.3762097358703613,5.591475009918213
13.535185813903809,-5.224538803100586,22.63542938232422,-5.002460956573486,2.8989715576171875,5.4199676513671875
17.997962951660156,-0.7617624998092651,26.197507858276367,-4.236536502838135,1.8614048957824707,5.016232490539551
17.672178268432617,0.23954753577709198,23.902639389038086,-2.033571481704712,1.41079843044281,3.5344512462615967
12.337446212768555,-0.4216045141220093,18.21577262878418,-0.8990657925605774,1.135960340499878,2.4894278049468994
5.0599822998046875,-1.0420334339141846,15.99516487121582,0.39949047565460205,-0.010263148695230484,0.8244208097457886
3.534062385559082,-1.0348470211029053,15.56397819519043,1.0088212490081787,-1.6486386060714722,0.5719533562660217
4.585677623748779,-0.49346888065338135,13.410443305969238,1.340118169784546,-2.216423988342285,0.8670313954353333
5.112682819366455,0.6348015069961548,9.922626495361328,2.009103775024414,-2.5029799938201904,1.2718315124511719
4.832411766052246,1.0420328378677368,8.284119606018066,2.192329168319702,-2.1546387672424316,0.9746230244636536
2.532752513885498,1.612156629562378,6.937860488891602,2.0272133350372314,-1.9021713733673096,0.6752839088439941
0.5421098470687866,1.5283150672912598,7.711599826812744,1.3635540008544922,-1.545307993888855,0.11282473057508469
0.10134180635213852,1.2504394054412842,8.530853271484375,0.7190695405006409,-1.3801921606063843,-0.10981535911560059
-0.34182173013687134,0.915072500705719,9.32375717163086,0.5283873677253723,-1.3237332105636597,-0.15455643832683563
-0.45680469274520874,0.5198185443878174,9.5513277053833,0.3536841571331024,-1.1128109693527222,-0.2174069881439209
-0.43764087557792664,0.36890339851379395,9.630378723144531,0.22904831171035767,-0.8901708722114563,-0.3122154176235199
-0.705934464931488,0.263502299785614,10.102287292480469,0.1566103994846344,-0.7889708280563354,-0.36547860503196716
-1.144307017326355,-0.055096328258514404,10.514309883117676,0.022387180477380753,-0.61000657081604,-0.47413548827171326
-1.3718775510787964,-0.16768380999565125,10.559823989868164,0.0053429631516337395,-0.39801910519599915,-0.47839653491973877
-1.7479676008224487,-0.26829391717910767,10.432863235473633,0.04795350506901741,-0.2680569291114807,-0.42726388573646545
-1.8078545331954956,-0.1125878095626831,9.992095947265625,0.16513250768184662,-0.046482112258672714,-0.2461691051721573
-1.3934367895126343,-0.026350587606430054,9.848366737365723,0.2183956801891327,0.06430530548095703,-0.017137425020337105
-0.18611562252044678,0.22996562719345093,9.668705940246582,0.2269177883863449,0.11117690056562424,0.08938892930746078
-0.10946030914783478,0.469513475894928,9.333338737487793,0.23330935835838318,0.2507264316082001,0.12028157711029053
-0.32265791296958923,0.5078411102294922,8.904548645019531,0.26207149028778076,0.43608227372169495,-0.04376902058720589
-0.41847702860832214,0.5533552169799805,8.411079406738281,0.2684630751609802,0.5394128561019897,-0.09916272014379501
0.3576579988002777,0.26110684871673584,8.185904502868652,0.23543989658355713,0.8259687423706055,-0.13644695281982422
1.1361885070800781,0.08863238990306854,8.415870666503906,0.27165886759757996,1.235029935836792,-0.20249329507350922
-5.798721790313721,2.0649020671844482,5.055014133453369,0.3685978353023529,1.599350094795227,-0.3122154176235199
-1.7311992645263672,-0.3665085434913635,4.9855451583862305,0.15447986125946045,0.5692402124404907,-0.5817270874977112
0.3696354031562805,-0.033537015318870544,9.43394947052002,-0.7563204765319824,-1.5815269947052002,0.10217209160327911
1.0547422170639038,0.7234342098236084,11.47729206085205,-0.7009267807006836,-1.91708505153656,0.13945631682872772
0.5253415107727051,0.13175100088119507,8.221837043762207,-0.12674972414970398,-1.5730048418045044,-0.16201327741146088
0.06540962308645248,0.033536382019519806,8.928503036499023,-0.17468658089637756,-0.5365033745765686,-0.23977752029895782
-0.38733580708503723,-0.035932496190071106,10.79218578338623,-0.5528551340103149,-0.050743166357278824,-0.20142802596092224
-2.176758289337158,-0.06946919858455658,13.144545555114746,-1.122771143913269,0.7109202742576599,-0.08637955784797668
-1.3958323001861572,-0.756971538066864,13.249946594238281,-0.9746994972229004,0.9814972281455994,0.13306473195552826
-0.23402518033981323,-0.6611524224281311,13.158918380737305,-0.7509941458702087,0.7918803095817566,0.3205511271953583
0.08696893602609634,0.3545305132865906,11.685698509216309,-0.18853500485420227,0.2166379988193512,0.4654269814491272
-0.34900814294815063,0.34255310893058777,10.099891662597656,0.2887030839920044,-0.21159794926643372,0.20443738996982574
-0.6891661286354065,0.39525362849235535,9.77650260925293,0.3078778088092804,-0.12105055898427963,0.07873629778623581
-0.9023637175559998,0.5222139954566956,9.493836402893066,0.2567451596260071,0.07708846777677536,0.08725840598344803
-0.8161264657974243,0.572519063949585,9.71422004699707,0.011734542436897755,0.3444696068763733,0.21509002149105072
-0.6364656090736389,0.469513475894928,9.865135192871094,-0.023419154807925224,0.2869453728199005,0.2342647761106491
-0.27714380621910095,0.3904626965522766,10.4232816696167,-0.012766518630087376,0.1836148351430893,0.24065634608268738
-0.018432125449180603,0.41920843720436096,10.430468559265137,0.1097387969493866,-0.16153056919574738,0.19591528177261353
0.1157146766781807,0.5629371404647827,9.774106979370117,0.2226567417383194,-0.26592642068862915,0.14371736347675323
-0.2747483253479004,0.5461688041687012,9.091395378112793,0.30468201637268066,-0.3298422396183014,0.07021418958902359
-0.4903413951396942,0.30422544479370117,9.596841812133789,0.33877047896385193,-0.3383643329143524,0.0009720535017549992
-0.46878209710121155,0.26829326152801514,9.819621086120605,0.2183956801891327,-0.17324846982955933,-0.05655217915773392
-0.4903413951396942,0.30422544479370117,10.001677513122559,0.07884614169597626,-0.011328412219882011,-0.006484792102128267
-0.3705674707889557,0.263502299785614,10.222061157226562,0.05860614404082298,-0.0017410402651876211,0.01375521719455719
-0.20527945458889008,0.1940334439277649,10.437654495239258,0.08204193413257599,-0.09228844195604324,0.030799435451626778
-0.313075989484787,0.2323611080646515,10.29871654510498,0.11399984359741211,-0.22970743477344513,0.02547311596572399
-0.46159565448760986,0.23475658893585205,9.580073356628418,0.17258934676647186,-0.27551379799842834,0.010559424757957458
-0.801753580570221,0.12216908484697342,9.256683349609375,0.325987309217453,-0.18709689378738403,-0.032051119953393936
-0.9622506499290466,0.3473440706729889,9.127327919006348,0.32918310165405273,-0.050743166357278824,-0.017137425020337105
-0.7921717166900635,0.3712988495826721,9.146492004394531,0.24396201968193054,0.06217477098107338,0.06595313549041748
-0.4280589520931244,0.36890339851379395,9.263870239257812,0.14169670641422272,0.027021074667572975,0.1692836880683899
0.1732061505317688,0.5246094465255737,9.491440773010254,0.07138930261135101,-0.06352632492780685,0.211894229054451
0.22111573815345764,0.6204286217689514,9.419575691223145,0.07778088748455048,-0.06033053994178772,0.12028157711029053
-0.32984432578086853,0.6587562561035156,9.90825366973877,0.08417247235774994,-0.003871567314490676,0.056365758180618286
-0.8113355040550232,0.469513475894928,9.810039520263672,0.09802089631557465,0.0376737117767334,-0.033116381615400314
-0.7442620992660522,0.7138522863388062,9.215960502624512,0.19709040224552155,0.002520014299079776,0.030799435451626778
-0.4017086923122406,0.8336262106895447,8.947667121887207,0.2322441041469574,-0.04328631982207298,0.14904367923736572
0.13008755445480347,1.018078088760376,8.760819435119629,0.20135146379470825,-0.03582947701215744,0.1778057962656021
0.21872025728225708,1.018078088760376,9.077022552490234,0.08310720324516296,0.017433704808354378,0.11495525389909744
-0.02322307974100113,0.9653775095939636,9.409994125366211,-0.019158100709319115,0.17509272694587708,0.007363635115325451
-0.5119007229804993,0.8599764704704285,9.259078979492188,-0.007440200075507164,0.22835589945316315,-0.04589954763650894
-0.17653369903564453,0.9102815389633179,8.310469627380371,0.11186932027339935,0.2912064492702484,-0.07572691887617111
0.21872025728225708,0.6635472178459167,7.908029079437256,0.13104405999183655,0.5127812623977661,-0.044834282249212265
1.2296122312545776,0.10540074110031128,8.854243278503418,0.08097667992115021,0.8419477343559265,-0.021398482844233513
-4.3997626304626465,2.227794885635376,5.651488304138184,0.10334721207618713,1.3522088527679443,-0.17692697048187256
-3.209209680557251,2.261331558227539,2.245117664337158,0.09162931144237518,0.40625491738319397,-0.7148850560188293
0.7409345507621765,-0.08863303065299988,8.264955520629883,-0.5070488452911377,-1.2779269218444824,-0.5497691631317139
-0.19809302687644958,0.1293555200099945,11.415009498596191,-1.1195753812789917,-1.5495691299438477,-0.3068891167640686
-0.3178669512271881,-0.6300112009048462,11.101202011108398,-0.8159752488136292,-0.8262550830841064,-0.44111230969429016
-0.45680469274520874,-0.6228247284889221,10.955078125,-0.6945351958274841,-0.3096022307872772,-0.3740007281303406
-0.363381028175354,-0.5557513236999512,12.665449142456055,-0.8063879013061523,0.4190380573272705,-0.1321859061717987
-1.1179567575454712,-0.5246101021766663,13.166104316711426,-0.8841521143913269,0.8494045734405518,-0.05548691749572754
-2.8977973461151123,-0.8096720576286316,13.386488914489746,-0.7946699857711792,0.978301465511322,-0.019267955794930458
-2.1288487911224365,-0.7809263467788696,12.624726295471191,-0.4601772129535675,0.7205076813697815,0.2438521385192871
-1.0987929105758667,-0.3233899176120758,11.798286437988281,0.11293458938598633,0.14313481748104095,0.6369344592094421
0.45108169317245483,0.3090164065361023,10.248412132263184,0.33450940251350403,-0.14555160701274872,0.6944586634635925
-0.08311004936695099,0.5078411102294922,9.15128231048584,0.5049515962600708,-0.5066759586334229,0.45903539657592773
-0.5502283573150635,0.46472251415252686,8.899757385253906,0.4101431369781494,-0.39269277453422546,0.1543699949979782
-0.9886009097099304,0.29224807024002075,8.744050979614258,0.30468201637268066,-0.264861136674881,0.09897630661725998
-0.8855953216552734,0.27308422327041626,9.065045356750488,0.08204193413257599,0.030216867104172707,0.14158684015274048
-0.5119007229804993,0.2826661467552185,9.364480018615723,-0.07242128252983093,0.21770326793193817,0.23852582275867462
-0.1406015306711197,0.3856717348098755,9.620796203613281,-0.0884002298116684,0.20065905153751373,0.24491740763187408
-0.32265791296958923,0.33776217699050903,9.405202865600586,-0.007440200075507164,0.021694758906960487,0.13413000106811523
-0.4208725094795227,0.36890339851379395,9.409994125366211,0.0532798208296299,-0.18603162467479706,0.027603643015027046
-0.41129058599472046,0.1173781305551529,9.345315933227539,0.07351982593536377,-0.21798953413963318,-0.00009321002289652824
-0.6939570903778076,0.0982142984867096,9.43394947052002,0.0767156183719635,-0.23503375053405762,-0.029920591041445732
-0.6364656090736389,0.11977361142635345,9.489045143127441,0.017060860991477966,-0.12637686729431152,0.012689953669905663
-0.3561945855617523,0.05030473321676254,9.730988502502441,-0.01489704567939043,-0.07737474888563156,0.04358259588479996
-0.3825448453426361,0.12696003913879395,9.9393949508667,-0.06176864355802536,-0.011328412219882011,0.052104704082012177
-0.32744884490966797,0.10540074110031128,9.795666694641113,-0.015962310135364532,0.0067810676991939545,0.03399522230029106
-0.10466935485601425,0.05749116837978363,9.853157997131348,0.01386506948620081,0.0003894863184541464,0.024407854303717613
-0.32984432578086853,0.09342334419488907,9.90825366973877,0.029844023287296295,-0.07844001799821854,-0.036312174052000046
-0.3945222496986389,0.08384142816066742,9.742965698242188,0.08097667992115021,-0.07844001799821854,-0.09383640438318253
-0.4855504333972931,0.1101916953921318,9.338129997253418,0.08949878811836243,-0.049677904695272446,-0.09596692770719528
-0.6268836855888367,0.16528770327568054,9.522582054138184,0.03517034277319908,0.03341265767812729,-0.08851008862257004
-0.6364656090736389,0.18924248218536377,9.599237442016602,-0.02448441833257675,0.05258740112185478,-0.06613954901695251
-0.43045443296432495,0.1293555200099945,9.649541854858398,-0.022353891283273697,0.02915160171687603,-0.05122586339712143
-0.48794591426849365,0.08384142816066742,9.608819007873535,0.003212435869500041,-0.06352632492780685,-0.05868270993232727
-0.5047142505645752,0.062282122671604156,9.50341796875,0.03197455033659935,-0.1040063425898552,-0.07253113389015198
-0.502318799495697,0.0982142984867096,9.36208438873291,0.029844023287296295,-0.09654950350522995,-0.07466165721416473
-0.6244881749153137,0.1173781305551529,9.486649513244629,-0.004244410432875156,-0.06991790980100632,-0.07466165721416473
-0.6436520218849182,0.11498264968395233,9.570491790771484,-0.056442324072122574,-0.06033053994178772,-0.08851008862257004
-0.6508384346961975,0.1293555200099945,9.429158210754395,-0.055377062410116196,-0.03689473867416382,-0.07998798042535782
-0.6652113199234009,0.1101916953921318,9.400412559509277,-0.05431179702281952,-0.029437894001603127,-0.07785744965076447
-0.6676068305969238,0.0982142984867096,9.457903861999512,-0.09159602224826813,-0.03263368457555771,-0.07466165721416473
-0.6723977327346802,0.043118298053741455,9.745361328125,-0.11077076196670532,-0.03156842291355133,-0.06933534145355225
-0.7250983119010925,0.040722817182540894,10.023237228393555,-0.12142340838909149,-0.046482112258672714,-0.057617440819740295
-0.7274937629699707,0.00718611478805542,10.059168815612793,-0.08520443737506866,-0.07417897135019302,-0.037377435714006424
-0.6819796562194824,-0.057491809129714966,10.071146011352539,-0.05857285112142563,-0.08696212619543076,-0.024594271555542946
-0.6101152896881104,-0.026350587606430054,9.92502212524414,-0.01489704567939043,-0.07417897135019302,0.009494161233305931
-0.5478329062461853,-0.009582236409187317,9.723801612854004,0.020256653428077698,-0.015589466318488121,0.032929956912994385
-0.5526238679885864,-0.0023957937955856323,9.774106979370117,0.020256653428077698,-0.003871567314490676,0.037191011011600494
-0.48794591426849365,0.00718611478805542,9.934603691101074,-0.009570727124810219,-0.014524202793836594,0.040386803448200226
-0.46878209710121155,0.009581595659255981,10.004073143005371,-0.012766518630087376,-0.03689473867416382,0.040386803448200226
-0.4088951349258423,0.002395153045654297,9.95616340637207,0.0021471723448485136,-0.03902526944875717,0.03932153806090355
-0.38494032621383667,0.004790633916854858,9.678287506103516,0.05754087492823601,0.005715805105865002,0.04251733049750328
-0.37296295166015625,0.033536382019519806,9.539350509643555,0.07778088748455048,0.04193476587533951,0.03399522230029106
-0.3561945855617523,0.08623690903186798,9.575282096862793,0.03517034277319908,0.051522135734558105,0.023342588916420937
-0.32026243209838867,0.0910278707742691,9.805248260498047,0.008538753725588322,0.0376737117767334,0.016951005905866623
-0.35379910469055176,0.11977361142635345,9.850762367248535,0.008538753725588322,0.047261081635951996,-0.002223737072199583
-0.36098554730415344,0.05749116837978363,9.87711238861084,0.026648234575986862,0.07602319866418839,-0.01074584573507309
-0.2819347679615021,0.011977076530456543,9.874716758728027,0.04475771263241768,0.09093689173460007,-0.01074584573507309
-0.22444328665733337,0.06707307696342468,9.733384132385254,0.05754087492823601,0.08561057597398758,-0.013941636309027672
-0.1789291799068451,0.0982142984867096,9.596841812133789,0.07032403349876404,0.09200214594602585,-0.04163849353790283
-0.29630762338638306,0.13893744349479675,9.558513641357422,0.03517034277319908,0.13248218595981598,-0.09170587360858917
-0.5981379151344299,0.0910278707742691,9.630378723144531,0.017060860991477966,0.18574535846710205,-0.1044890359044075
-0.7682169079780579,0.06467760354280472,9.577677726745605,0.030909288674592972,0.22835589945316315,-0.10875009000301361
-0.7155163884162903,0.062282122671604156,9.489045143127441,0.08523772656917572,0.16657061874866486,-0.071465864777565
-0.6676068305969238,0.11498264968395233,9.12014102935791,0.11826090514659882,0.12076427787542343,-0.05442165583372116
-0.6244881749153137,0.17247413098812103,8.770401954650879,0.13956618309020996,0.05791371688246727,-0.04376902058720589
-0.566996693611145,0.17247413098812103,8.789565086364746,0.06180192902684212,-0.014524202793836594,-0.049095336347818375
-0.6220927238464355,0.15091483294963837,9.08899974822998,-0.002113881753757596,-0.037960004061460495,-0.057617440819740295
-0.6244881749153137,0.04790925234556198,9.544140815734863,-0.11396655440330505,-0.058200012892484665,-0.08744481950998306
-0.6843751668930054,-0.07905110716819763,9.716615676879883,-0.17681710422039032,-0.0028063037898391485,-0.10555430501699448
-0.8281038403511047,-0.22277981042861938,10.109474182128906,-0.18320868909358978,0.022760020568966866,-0.10555430501699448
-0.909550130367279,-0.13414710760116577,10.135824203491211,-0.1501855105161667,0.08134951442480087,-0.06400902569293976
-0.7777988314628601,-0.09581945836544037,10.011259078979492,-0.07029075175523758,0.04939160868525505,-0.002223737072199583
-0.6963525414466858,-0.009582236409187317,9.932209014892578,-0.04792021960020065,0.00891159474849701,0.011624690145254135
-0.7203073501586914,-0.016768664121627808,9.831598281860352,-0.022353891283273697,-0.07098317891359329,-0.0011584735475480556
-0.7801942825317383,-3.129243850708008e-7,9.67589282989502,-0.009570727124810219,-0.0752442255616188,-0.00755005469545722
-0.8544541597366333,0.021558985114097595,9.55611801147461,-0.007440200075507164,-0.055004220455884933,-0.0043542650528252125
-0.7897762060165405,0.01676803082227707,9.584864616394043,-0.02128862775862217,-0.025176838040351868,0.011624690145254135
-0.7107254266738892,0.00718611478805542,9.88669490814209,-0.06176864355802536,-0.009197885170578957,0.04358259588479996
-0.7083299160003662,-0.016768664121627808,9.968140602111816,-0.059638116508722305,-0.06778738647699356,0.03399522230029106
-0.6891661286354065,-0.06946919858455658,9.874716758728027,-0.039398107677698135,-0.0752442255616188,0.030799435451626778
-0.5526238679885864,-0.09342397749423981,9.678287506103516,0.012799807824194431,-0.02837262861430645,0.04677838459610939
-0.44961825013160706,0.031140901148319244,9.570491790771484,0.01919138804078102,-0.03476421535015106,0.057431019842624664
-0.413686066865921,0.10300526022911072,9.596841812133789,0.008538753725588322,-0.015589466318488121,0.048908911645412445
-0.4208725094795227,0.004790633916854858,9.702242851257324,-0.005309673957526684,0.027021074667572975,0.032929956912994385
-0.6125108003616333,-0.0023957937955856323,9.678287506103516,0.0010819088201969862,0.03341265767812729,-0.036312174052000046
-0.7011435031890869,-0.05988729000091553,9.764525413513184,-0.004244410432875156,0.035543184727430344,-0.03950796648859978
-0.6987480521202087,-0.05988729000091553,9.905858039855957,-0.007440200075507164,0.04086950048804283,-0.0043542650528252125
-0.6364656090736389,-0.05270084738731384,9.920230865478516,0.003212435869500041,0.030216867104172707,0.011624690145254135
-0.5358554720878601,-0.04790988564491272,9.848366737365723,0.01599559560418129,0.01636844128370285,0.020146796479821205
-0.43045443296432495,0.011977076530456543,9.630378723144531,0.03197455033659935,0.018498968333005905,0.02227732539176941
-0.41847702860832214,0.004790633916854858,9.563304901123047,0.037300869822502136,0.04619581997394562,0.0062983715906739235
-0.5574148297309875,0.01916351169347763,9.570491790771484,0.03623560443520546,0.035543184727430344,-0.032051119953393936
-0.773007869720459,-3.129243850708008e-7,9.596841812133789,0.03517034277319908,0.0067810676991939545,-0.04696480929851532
-0.7562395334243774,-0.004791274666786194,9.58246898651123,0.02771349623799324,0.002520014299079776,-0.01074584573507309
-0.6628158688545227,0.01916351169347763,9.570491790771484,0.024517707526683807,0.013172650709748268,0.012689953669905663
-0.466386616230011,0.0718640387058258,9.517790794372559,0.024517707526683807,0.025955813005566597,0.028668908402323723
-0.5142961740493774,0.059886641800403595,9.632773399353027,0.010669280774891376,0.030216867104172707,0.014820480719208717
-0.6196972131729126,0.05270020663738251,9.647146224975586,0.007473490200936794,-0.029437894001603127,-0.032051119953393936
