upDown
-1.2041939496994019,-0.2706893980503082,9.450716972351074,-0.0718037560582161,-0.13419990241527557,0.10801273584365845
-1.010160207748413,-0.246734619140625,9.721406936645508,-0.05795533210039139,-0.23007363080978394,0.13570958375930786
-0.1645563244819641,-0.27548035979270935,9.685474395751953,0.14444474875926971,0.0032190934289246798,0.02172638475894928
-0.8784089088439941,-0.15331095457077026,9.048276901245117,-0.035584792494773865,0.07885280251502991,-0.05603785440325737
-1.0604653358459473,-0.1509154736995697,9.419575691223145,-0.13571958243846893,-0.018086178228259087,-0.019818894565105438
-0.9598551988601685,-0.2084069550037384,9.944186210632324,-0.06541217118501663,-0.03193460404872894,0.05794534459710121
-0.801753580570221,-0.25631651282310486,9.980117797851562,-0.015344789251685143,-0.013825124129652977,0.07179377228021622
-0.6316746473312378,-0.26829391717910767,9.891485214233398,0.02406996302306652,-0.018086178228259087,0.06540218740701675
-0.4592001736164093,-0.2706893980503082,9.685474395751953,0.05602787062525749,-0.029804080724716187,0.004682166501879692
-0.6676068305969238,-0.25631651282310486,9.625587463378906,0.025135228410363197,-0.05217461287975311,-0.04645048454403877
-0.8520586490631104,-0.2275707721710205,9.651937484741211,0.010221537202596664,-0.0670883059501648,-0.04751574993133545
-0.9933918714523315,-0.23954817652702332,9.711824417114258,0.004895220045000315,-0.07134935259819031,-0.02727574110031128
-0.9909964203834534,-0.2730848789215088,9.726197242736816,0.00809101015329361,-0.06282724440097809,0.004682166501879692
-0.8257083892822266,-0.3497401773929596,9.580073356628418,0.0070257470943033695,0.012806465849280357,0.05048850178718567
-0.5286690592765808,-0.40244072675704956,9.587259292602539,-0.007887942716479301,0.0415685810148716,0.04196639358997345
-0.4088951349258423,-0.45993220806121826,9.594446182250977,-0.018540579825639725,0.038372792303562164,0.012139012105762959
-0.6077198386192322,-0.41441810131073,9.795666694641113,-0.008953206241130829,0.042633846402168274,-0.03899364173412323
-0.9023637175559998,-0.40483617782592773,9.800457000732422,0.029396282508969307,0.04369910806417465,-0.02727574110031128
-0.9718325734138489,-0.3952542543411255,9.745361328125,0.04324470832943916,0.029850680381059647,-0.0027746781706809998
-0.9694371223449707,-0.2994351387023926,9.596841812133789,0.038983654230833054,-0.029804080724716187,0.039835862815380096
-0.9167365431785583,-0.24433913826942444,9.529767990112305,0.02406996302306652,-0.038326188921928406,0.0536842904984951
-0.7658213973045349,-0.2587119936943054,9.481858253479004,-0.0036268900148570538,-0.02873881533741951,0.060075871646404266
-0.6149062514305115,-0.28266677260398865,9.56570053100586,-0.03451953083276749,-0.005303015932440758,0.048357974737882614
-0.6819796562194824,-0.2515255808830261,9.80764389038086,-0.051563747227191925,0.07033069431781769,0.02172638475894928
-0.7945671677589417,-0.2084069550037384,9.9873046875,-0.006822679657489061,0.050090689212083817,0.023856911808252335
-0.801753580570221,-0.1892431378364563,10.032818794250488,0.03685312718153,0.01174120232462883,0.02492217719554901
-0.7610304951667786,-0.20122051239013672,9.750152587890625,0.09970367699861526,-0.07028409838676453,0.013204275630414486
-0.8496631979942322,-0.11498329043388367,9.548932075500488,0.09224683791399002,-0.10650305449962616,0.014269539155066013
-0.844872236251831,-0.14372903108596802,9.505813598632812,0.07413735240697861,-0.10224200785160065,0.023856911808252335
-0.7801942825317383,-0.19882503151893616,9.44113540649414,0.020874174311757088,-0.09798094630241394,0.03344428166747093
-0.8831998705863953,-0.15570643544197083,9.568096160888672,-0.030258478596806526,-0.12887358665466309,0.04303165525197983
-0.8520586490631104,-0.24194365739822388,9.529767990112305,-0.04091111570596695,-0.15870097279548645,0.05794534459710121
-0.8544541597366333,-0.1964295506477356,9.623191833496094,-0.0622163861989975,-0.2694883644580841,0.06646745651960373
-0.8903862833976746,-0.16528832912445068,9.841180801391602,-0.04943322390317917,-0.35257890820503235,0.0771200880408287
-0.670002281665802,-0.3305763602256775,9.860343933105469,0.033657338470220566,-0.4665621221065521,0.09949062764644623
-0.5190871357917786,-0.33297184109687805,9.709428787231445,0.07626787573099136,-0.44738736748695374,0.11120852082967758
0.027081966400146484,-0.2084069550037384,8.993181228637695,0.0038299565203487873,-0.39518946409225464,0.0962948352098465
0.3696354031562805,-0.0814465880393982,8.621881484985352,-0.12400167435407639,-0.40477684140205383,0.03877060115337372
0.22590669989585876,-0.05030536651611328,8.930898666381836,-0.37540388107299805,-0.37494945526123047,-0.08373471349477768
-2.0737528800964355,0.5749145746231079,8.13080883026123,-0.43186286091804504,-0.32275155186653137,-0.08906102925539017
-1.6497529745101929,0.29224807024002075,7.814605712890625,-0.9261451363563538,-0.22581256926059723,0.6534277200698853
-0.6460474729537964,-0.6587569117546082,8.068526268005371,-1.3927305936813354,0.10122333467006683,1.0102909803390503
0.49420028924942017,-1.511547327041626,8.784774780273438,-1.6622422933578491,0.4271940290927887,0.9975078701972961
0.79842609167099,-1.8397278785705566,9.184819221496582,-1.687808632850647,0.5976361036300659,0.8760678172111511
1.1313976049423218,-1.9810609817504883,10.183733940124512,-1.5301495790481567,0.7989709377288818,0.4872465431690216
0.7529119849205017,-1.9475243091583252,11.314399719238281,-1.342663288116455,0.7936446070671082,0.252888560295105
0.3720308840274811,-1.9451289176940918,11.50843334197998,-0.7897914052009583,0.42506349086761475,-0.17002105712890625
-0.6364656090736389,-1.9091966152191162,11.862964630126953,-0.0718037560582161,-0.0670883059501648,-0.34792008996009827
-0.8927817940711975,-2.127185106277466,11.019755363464355,0.5119606852531433,-0.42288631200790405,-0.34472429752349854
-0.8879908323287964,-2.1295807361602783,10.480772972106934,0.6706849932670593,-0.4527136981487274,-0.3031790256500244
-0.801753580570221,-2.0816709995269775,9.244706153869629,0.7644281983375549,-0.18320202827453613,-0.20410948991775513
-1.1658663749694824,-1.7678635120391846,9.08181381225586,0.5971817970275879,-0.05217461287975311,-0.07521259784698486
-1.0628608465194702,-1.5810160636901855,8.880593299865723,0.4565669596195221,-0.0766756683588028,0.0036169029772281647
-0.2915166914463043,-1.5905981063842773,8.91892147064209,0.1636194884777069,-0.06282724440097809,0.04303165525197983
0.10134180635213852,-1.5426886081695557,9.398016929626465,0.0070257470943033695,0.09057070314884186,-0.08799576759338379
-0.13820604979991913,-1.5139427185058594,9.656728744506836,-0.007887942716479301,0.1502254754304886,-0.14019368588924408
-0.6125108003616333,-1.4037506580352783,10.140615463256836,0.06135419383645058,0.13424651324748993,-0.17108632624149323
-0.8424767255783081,-1.4085416793823242,10.313089370727539,0.23073109984397888,0.02452436462044716,-0.13380210101604462
-0.8041490912437439,-1.4133327007293701,10.231643676757812,0.3574974536895752,-0.04258723929524422,-0.08479997515678406
-0.5765786170959473,-1.3486547470092773,10.243620872497559,0.6334007382392883,-0.23113888502120972,-0.019818894565105438
-0.3394262492656708,-1.0204741954803467,10.047191619873047,0.8102344870567322,-0.43353894352912903,-0.04325469583272934
-0.08790100365877151,-0.9318414330482483,9.63516902923584,0.8634976744651794,-0.46975791454315186,-0.11995366960763931
-0.03520047664642334,-0.9198641180992126,9.44113540649414,0.8421924114227295,-0.4527136981487274,-0.1540421098470688
-0.11664674431085587,-0.8767455220222473,9.168050765991211,0.6919902563095093,-0.3930589258670807,-0.16682526469230652
-0.38014936447143555,-0.6946890950202942,8.600322723388672,0.554571270942688,-0.3163599669933319,-0.14019368588924408
-0.363381028175354,-0.5964744687080383,8.56678581237793,0.21794793009757996,-0.11076411604881287,-0.033667322248220444
-0.12862414121627808,-0.6898981332778931,9.136909484863281,0.0038299565203487873,0.16194337606430054,-0.000644151121377945
-0.19330206513404846,-0.6395930647850037,9.431553840637207,-0.04410690441727638,0.23544655740261078,-0.004905206151306629
-0.0950874388217926,-0.7042710185050964,9.77650260925293,-0.030258478596806526,0.2759265899658203,-0.0038399426266551018
-0.27235284447669983,-0.7282257676124573,9.848366737365723,0.033657338470220566,0.1725960075855255,-0.04005890339612961
-0.39212676882743835,-0.6395930647850037,9.884299278259277,0.07733314484357834,0.07139596343040466,-0.0357978492975235
-0.3514036238193512,-0.6060563921928406,9.668705940246582,0.14231422543525696,-0.03726092353463173,-0.010231523774564266
-0.34900814294815063,-0.5222146511077881,9.39322566986084,0.1263352632522583,0.019198046997189522,0.004682166501879692
-0.36098554730415344,-0.5294010639190674,9.208773612976074,0.08905104547739029,0.07246123254299164,0.02172638475894928
-0.37296295166015625,-0.5294010639190674,9.110559463500977,0.037918392568826675,0.10868018865585327,0.04516218230128288
-0.33463528752326965,-0.5030508041381836,9.187214851379395,-0.01214899867773056,0.11613702774047852,0.06220639869570732
-0.20527945458889008,-0.4647231698036194,9.515395164489746,-0.027062689885497093,0.06074332818388939,0.06646745651960373
-0.09987840056419373,-0.47430509328842163,9.524977684020996,-0.001496362965553999,0.02878541871905327,0.052619028836488724
-0.01603664457798004,-0.4647231698036194,9.390830039978027,0.018743643537163734,0.0010885654482990503,0.032379020005464554
0.027081966400146484,-0.4240000247955322,9.148886680603027,0.017678381875157356,-0.01275986060500145,0.008943220600485802
0.10134180635213852,-0.49346888065338135,8.74644660949707,-0.051563747227191925,-0.013825124129652977,-0.03153679519891739
-0.08311004936695099,-0.6659433245658875,8.552412986755371,-0.15063326060771942,0.06393911689519882,-0.04431995749473572
-0.2292342483997345,-0.7378076910972595,8.523667335510254,-0.20070065557956696,0.10015808045864105,-0.017688367515802383
-0.5502283573150635,-0.859977126121521,8.765610694885254,-0.2635512053966522,0.15342126786708832,0.060075871646404266
-0.5717876553535461,-0.922259509563446,8.969225883483887,-0.24224592745304108,0.08204859495162964,0.16127590835094452
0.13248303532600403,-1.0683836936950684,8.71530532836914,-0.23052802681922913,0.021328574046492577,0.17938539385795593
0.21632477641105652,-1.0132877826690674,8.595531463623047,-0.2369196116924286,-0.02447775937616825,0.1580801159143448
0.036663882434368134,-1.0132877826690674,8.629068374633789,-0.29550909996032715,-0.0766756683588028,0.07072851061820984
-0.1909065842628479,-0.9701691269874573,8.736865043640137,-0.3679470419883728,-0.12248200178146362,0.023856911808252335
-0.2747483253479004,-0.9438188672065735,8.997971534729004,-0.40310072898864746,-0.15763570368289948,0.03450954705476761
-0.16216084361076355,-0.9797510504722595,9.156073570251465,-0.4659512937068939,-0.17787571251392365,0.01746532879769802
-0.059155263006687164,-0.9965193867683411,9.271056175231934,-0.49684393405914307,-0.18852834403514862,0.0036169029772281647
0.13008755445480347,-1.192948579788208,9.788479804992676,-0.539454460144043,-0.23966099321842194,-0.06669048964977264
-0.06634169816970825,-1.4828014373779297,10.804162979125977,-0.5043007731437683,-0.3547094464302063,-0.1348673552274704
-0.21246588230133057,-1.5977845191955566,11.247325897216797,-0.4489070773124695,-0.44738736748695374,-0.14019368588924408
-0.3561945855617523,-1.6480896472930908,11.577902793884277,-0.3732733428478241,-0.5869369506835938,-0.10823576897382736
-0.34661269187927246,-1.8828463554382324,11.73360824584961,-0.46488600969314575,-0.37601470947265625,-0.03153679519891739
-0.34900814294815063,-2.079275608062744,12.191144943237305,-0.5490418076515198,-0.14804832637310028,0.03344428166747093
-0.46159565448760986,-2.314032554626465,13.640409469604492,-0.6438502669334412,0.3483645021915436,0.19856013357639313
-0.4400363564491272,-2.3164279460906982,14.33270263671875,-0.6044355034828186,0.5401118993759155,0.2859117388725281
-0.31547147035598755,-2.0936484336853027,15.228611946105957,-0.3722080886363983,0.7169456481933594,0.4062865078449249
-0.3945222496986389,-1.880450963973999,15.35317611694336,-0.13039326667785645,0.6754003763198853,0.49470338225364685
-0.5502283573150635,-1.6504850387573242,15.657402038574219,-0.04197637736797333,0.6381161212921143,0.5660760998725891
-0.5765786170959473,-1.3366773128509521,16.41916275024414,0.15403211116790771,0.5710045099258423,0.7642151117324829
-0.6460474729537964,-0.8048810958862305,17.137807846069336,0.4469796121120453,0.5401118993759155,1.0209436416625977
0.08936440199613571,-0.3185989558696747,17.736677169799805,0.8283439874649048,0.38671401143074036,1.274476408958435
1.0140191316604614,-0.21080243587493896,17.78458595275879,1.0531145334243774,0.2631434202194214,1.3138911724090576
2.130311965942383,0.002395153045654297,17.264766693115234,1.4632409811019897,0.03517699986696243,1.1306657791137695
2.4417243003845215,0.29224807024002075,16.19638442993164,1.7231653928756714,-0.059631459414958954,0.7365182638168335
2.103961706161499,0.4551405906677246,15.532837867736816,1.7647106647491455,-0.013825124129652977,0.5266613364219666
0.22111573815345764,1.1378519535064697,15.281311988830566,1.7806895971298218,0.24290339648723602,0.32106542587280273
-1.7264083623886108,1.2743942737579346,15.12081527709961,1.9617843627929688,0.28444868326187134,0.45102760195732117
-1.9228376150131226,0.8144623637199402,14.790239334106445,2.1801633834838867,0.14809493720531464,0.5149434804916382
-2.262995719909668,0.18445152044296265,13.087054252624512,2.5743110179901123,-0.6050464510917664,0.5863161087036133
-0.6460474729537964,0.5605416297912598,10.356207847595215,2.564723491668701,-1.3091856241226196,0.4733981192111969
0.19955644011497498,0.8959086537361145,9.180027961730957,2.447544574737549,-1.4434088468551636,0.2422359436750412
0.0055226609110832214,1.6696481704711914,7.503193378448486,1.9404791593551636,-1.5914804935455322,-0.20304423570632935
-0.28433024883270264,1.5043601989746094,6.7174763679504395,1.5303525924682617,-1.5041288137435913,-0.35324642062187195
-0.7825897932052612,0.7833211421966553,6.164120674133301,0.5449838638305664,-1.1280908584594727,-0.4640338122844696
-0.03280499577522278,-0.031141534447669983,5.82875394821167,-0.38499125838279724,-0.858579158782959,-0.3692253530025482
0.762493908405304,-0.23715269565582275,7.519961833953857,-0.8824692964553833,-0.7520528435707092,-0.5918654203414917
0.8774768710136414,-0.39046329259872437,8.332029342651367,-0.9069703817367554,-0.8266212940216064,-0.7772212624549866
0.8295673131942749,-1.3534457683563232,8.784774780273438,-0.4776691794395447,-0.7094422578811646,-1.0893434286117554
0.7936351299285889,-1.719954013824463,8.45659351348877,0.37454167008399963,-0.2971852123737335,-1.233154058456421
-0.8951772451400757,-2.627840280532837,7.016911029815674,1.1820114850997925,-0.06176199018955231,-1.1149097681045532
-1.479673981666565,-2.9057157039642334,6.818086624145508,1.5207653045654297,0.006414883770048618,-0.9828171133995056
-2.0521934032440186,-1.8157730102539062,7.462470054626465,2.279232978820801,0.029850680381059647,-0.670694887638092
-2.159990072250366,-0.5725197196006775,7.151058197021484,2.68509840965271,-0.19598519802093506,-0.4310106635093689
0.6043922901153564,-0.5317965745925903,3.5434670448303223,3.211338520050049,0.06074332818388939,-0.07521259784698486
2.317159414291382,0.03593185544013977,0.7695030570030212,2.899216413497925,0.7670130133628845,-0.20304423570632935
2.180617094039917,0.6348015069961548,0.23291583359241486,2.408129930496216,0.8831267952919006,-0.42355379462242126
0.01510457694530487,1.650484323501587,0.12272381782531738,1.1340745687484741,0.7531645894050598,-0.9572507739067078
-1.7072445154190063,2.3140320777893066,1.2438077926635742,0.47148066759109497,0.5560908317565918,-0.8091791868209839
-3.0966222286224365,3.427929639816284,4.0177717208862305,0.39265117049217224,0.2812528908252716,-0.4640338122844696
-1.3958323001861572,2.838641881942749,3.32308292388916,0.37773746252059937,0.24077287316322327,-0.0027746781706809998
-0.4064996540546417,2.4002692699432373,2.3792648315429688,0.023004701361060143,0.4474340081214905,0.07179377228021622
-0.12862414121627808,2.07448410987854,2.786496162414551,-0.16022063791751862,0.5060234665870667,0.03557480871677399
-0.26516640186309814,1.5546653270721436,4.113591194152832,-0.23052802681922913,0.3558213412761688,-0.17321684956550598
-0.8304993510246277,0.8360217213630676,4.551963806152344,0.059223663061857224,-0.11182937026023865,-0.33087587356567383
-1.0317195653915405,0.5126321315765381,4.1926422119140625,0.23179635405540466,-0.4164947271347046,-0.31596219539642334
-0.9454823136329651,0.05270020663738251,2.673908233642578,0.4192827343940735,-0.677484393119812,-0.12101893872022629
-1.1562844514846802,0.812066912651062,1.4641917943954468,0.28932058811187744,-0.3355346918106079,0.23904015123844147
-1.1035839319229126,1.463637113571167,1.0545649528503418,0.10929105430841446,-0.0766756683588028,0.41906967759132385
-0.46159565448760986,1.9762694835662842,0.41257673501968384,-0.4094923138618469,0.12998546659946442,0.600164532661438
0.23788407444953918,1.4181230068206787,0.685661256313324,-0.9037745594978333,0.2109454870223999,0.6331877112388611
0.17799711227416992,1.2791852951049805,2.1205530166625977,-1.3447937965393066,0.2482297271490097,0.6182740330696106
-0.2364206612110138,1.5834109783172607,3.4907665252685547,-1.5003222227096558,0.2567518353462219,0.5777940154075623
-1.2856402397155762,2.112811803817749,5.699398040771484,-1.4726253747940063,0.1587475836277008,0.533052921295166
-1.4269734621047974,1.9211735725402832,5.632324695587158,-1.3117705583572388,0.16620442271232605,0.5895119309425354
-1.3335498571395874,1.145038366317749,4.144732475280762,-1.1945916414260864,0.3100150227546692,0.7642151117324829
-1.9443968534469604,1.755885362625122,5.383194923400879,-1.7432023286819458,-0.0074335429817438126,0.8973730802536011
-2.1216623783111572,1.7846312522888184,6.6024932861328125,-2.205526828765869,-0.3547094464302063,1.0582278966903687
-1.2808493375778198,0.9198634624481201,8.993181228637695,-2.17037296295166,-0.2748146951198578,1.1200131177902222
-1.0556743144989014,0.5365868806838989,9.822016716003418,-1.8742297887802124,0.177922323346138,1.2542363405227661
-1.1706572771072388,0.6563608050346375,9.695055961608887,-1.7155054807662964,0.6530298590660095,1.4449185132980347
-0.8209174275398254,1.1162927150726318,9.64475154876709,-1.7261581420898438,0.6711392998695374,1.4790070056915283
-0.2292342483997345,1.6552753448486328,9.719011306762695,-1.9509286880493164,0.03517699986696243,1.3533059358596802
1.17691171169281,0.9390272498130798,9.692660331726074,-2.1245667934417725,-0.564566433429718,1.078467845916748
2.1327075958251953,0.6348015069961548,9.79806137084961,-2.1501331329345703,-0.5954591035842896,0.8867204785346985
3.1172492504119873,0.1940334439277649,9.539350509643555,-2.3216404914855957,-0.3781452476978302,0.3498275578022003
2.2620632648468018,-0.5725197196006775,11.685698509216309,-2.4856910705566406,-0.3270125985145569,0.07072851061820984
1.919510006904602,-0.4647231698036194,13.966194152832031,-2.657198429107666,-0.7041159868240356,-0.024079948663711548
2.616594076156616,-0.16768380999565125,16.28980827331543,-2.2076573371887207,-0.9363434314727783,0.34343597292900085
3.615508794784546,-0.47909605503082275,15.681357383728027,-1.8614466190338135,-0.6806801557540894,0.4084170460700989
4.506626605987549,-1.973874568939209,12.85948371887207,-1.5269538164138794,0.2663392126560211,-0.05710311606526375
2.686063051223755,-2.99674391746521,12.710963249206543,-1.9967349767684937,0.41441085934638977,-0.6696296334266663
1.1840981245040894,-3.1260998249053955,15.374735832214355,-2.623110055923462,-0.1373956948518753,-0.5513854026794434
1.4188549518585205,-3.629150152206421,16.30178451538086,-2.7733123302459717,-0.24498732388019562,-0.36709484457969666
2.3938145637512207,-5.12632417678833,17.686370849609375,-2.5453457832336426,0.35049504041671753,-0.24672003090381622
1.9937697649002075,-5.607815742492676,18.5631160736084,-1.913644552230835,0.8799309730529785,-0.45657697319984436
1.306267499923706,-5.341917514801025,18.50322914123535,-1.5695643424987793,0.9129541516304016,-0.5886695981025696
-0.21965232491493225,-5.143092632293701,17.48994255065918,-1.067825198173523,0.8756698966026306,-0.6259538531303406
-0.9814144968986511,-4.992177486419678,17.149784088134766,-0.9410588145256042,0.8841920495033264,-0.5055790543556213
-1.5802841186523438,-4.838866710662842,17.168949127197266,-0.7045702934265137,0.7329245805740356,-0.007035732269287109
-2.076148271560669,-4.802934646606445,17.456405639648438,-0.26248592138290405,0.3100150227546692,0.6747329831123352
-1.625798225402832,-4.5178728103637695,17.770214080810547,0.4096953868865967,0.046894900500774384,1.044379472732544
0.8151944279670715,-4.374144077301025,18.369083404541016,0.8081039786338806,0.02026331052184105,1.0379878282546997
1.6895440816879272,-3.993262767791748,18.529579162597656,1.529287338256836,-0.11289463937282562,0.8121520280838013
2.896865129470825,-3.5548903942108154,18.127140045166016,1.9383485317230225,-0.23433467745780945,0.39456862211227417
3.131622076034546,-3.514167308807373,16.5964298248291,2.0022644996643066,-0.23007363080978394,0.1857769787311554
2.796255111694336,-3.415952682495117,15.940069198608398,1.876563310623169,-0.1842672973871231,-0.011296787299215794
1.6296571493148804,-2.7619869709014893,15.317244529724121,1.6635105609893799,-0.07454514503479004,0.05581481754779816
1.2391941547393799,-2.750009536743164,15.274126052856445,1.608116865158081,-0.07880620658397675,0.15594959259033203
1.0427649021148682,-2.750009536743164,15.437018394470215,1.6667063236236572,-0.3887978792190552,0.2997601628303528
1.7949451208114624,-2.6973090171813965,16.15326499938965,1.888281226158142,-0.6338085532188416,-0.0357978492975235
2.9807069301605225,-2.6470041275024414,16.378440856933594,2.0320918560028076,-0.6572443842887878,-0.3042442798614502
2.8202097415924072,-2.6470041275024414,16.098169326782227,2.2962770462036133,-0.8330128788948059,-0.6280843615531921
1.2775217294692993,-3.0805857181549072,15.520859718322754,2.4539361000061035,-0.9970634579658508,-0.6238232851028442
0.45826810598373413,-3.365647554397583,15.051345825195312,2.869389057159424,-1.391210913658142,-0.4587075114250183
-0.08071456849575043,-3.5069808959960938,13.661968231201172,3.245426893234253,-1.5030635595321655,-0.4746864438056946
0.48701387643814087,-2.7452187538146973,11.64018440246582,3.3764543533325195,-1.0545876026153564,-0.5780169367790222
0.8391491770744324,-2.0768802165985107,9.244706153869629,3.3231911659240723,-0.7925328612327576,-0.6259538531303406
0.7265617251396179,-1.6289258003234863,8.202672958374023,3.2028164863586426,-0.3312736451625824,-0.7420675754547119
0.45587265491485596,-0.756971538066864,6.55458402633667,3.0398311614990234,-0.1746799200773239,-0.8304844498634338
0.5421098470687866,0.32338929176330566,4.307624816894531,2.8363656997680664,-0.18639782071113586,-0.9093139171600342
0.8151944279670715,0.6635472178459167,3.0931172370910645,2.1897506713867188,-0.12141674757003784,-1.2161098718643188
1.2966855764389038,1.1067107915878296,2.2283496856689453,1.7625800371170044,0.06393911689519882,-1.4739036560058594
-0.1142512708902359,1.1737842559814453,3.883625030517578,1.796668529510498,0.12998546659946442,-1.3982698917388916
-0.9598551988601685,1.1402475833892822,4.578313827514648,1.9628496170043945,0.42506349086761475,-1.0701687335968018
-1.419787049293518,0.2587113678455353,3.1362357139587402,1.516504168510437,0.7872530221939087,-0.8198317885398865
-0.8999682068824768,0.1173781305551529,1.0066554546356201,1.1351398229599,0.9012362360954285,-0.7612422704696655
-0.9478777647018433,0.6755246520042419,1.1336157321929932,0.6674891710281372,0.9140194058418274,-0.6131706833839417
-1.46051025390625,1.612156629562378,2.930224895477295,0.6813375949859619,0.45382559299468994,-0.40011799335479736
-1.3048040866851807,1.7199532985687256,4.209410190582275,0.6983818411827087,0.3792571425437927,-0.2903958559036255
-0.73468017578125,1.5235240459442139,3.735105514526367,0.5854638814926147,0.41973716020584106,-0.3031790256500244
-0.09748291969299316,2.0553202629089355,2.7841005325317383,0.3383227288722992,0.3845834732055664,-0.34792008996009827
-0.4017086923122406,2.74521803855896,3.002089023590088,0.25629740953445435,0.26420867443084717,-0.32128849625587463
-0.7586349844932556,3.0015344619750977,3.447648048400879,0.24138373136520386,0.038372792303562164,-0.12741051614284515
-0.9143410921096802,3.2746188640594482,3.888416290283203,0.23179635405540466,0.031981211155653,0.04196639358997345
-0.008850209414958954,3.1380765438079834,3.0116710662841797,-0.017475316300988197,0.21201075613498688,0.07605482637882233
0.4726409912109375,3.2099409103393555,2.017547369003296,-0.19537433981895447,0.26846975088119507,0.06114113703370094
-0.09029648452997208,3.025489091873169,2.7649364471435547,-0.4766039252281189,0.2588823735713959,0.05581481754779816
-0.6412565112113953,2.8194780349731445,3.7925968170166016,-0.6204144954681396,0.04582963511347771,0.19216854870319366
-0.4855504333972931,2.860201120376587,4.020167350769043,-0.6662207841873169,-0.06282724440097809,0.2656717300415039
0.1348784863948822,3.0997490882873535,4.173478126525879,-0.8281408548355103,-0.11502516269683838,0.30615174770355225
0.5948103666305542,2.8530147075653076,4.659760475158691,-1.000713586807251,-0.055370405316352844,0.252888560295105
0.9397592544555664,2.4673426151275635,4.750788688659668,-1.0316063165664673,0.026654891669750214,0.20175592601299286
0.657092809677124,2.206235408782959,4.726833820343018,-1.058237910270691,0.08630965650081635,-0.000644151121377945
-0.8161264657974243,2.524834156036377,5.34486722946167,-1.1551768779754639,-0.2556399405002594,-0.05071153864264488
-1.0604653358459473,2.503274917602539,5.47661828994751,-1.154111623764038,-0.4164947271347046,0.032379020005464554
0.0773870125412941,2.031365394592285,4.271692752838135,-1.2105705738067627,-0.425016850233078,0.22199593484401703
0.9062225818634033,1.837331771850586,3.5338854789733887,-1.377816915512085,-0.2918589115142822,0.22519172728061676
1.476346492767334,1.2121117115020752,3.078744411468506,-1.9093834161758423,0.05222121626138687,0.007877957075834274
0.024686485528945923,1.1091063022613525,5.364030838012695,-2.4324278831481934,-0.0021072246599942446,-0.1955873817205429
-1.0820245742797852,1.200134515762329,8.885384559631348,-2.3908824920654297,-0.34725260734558105,-0.2051747590303421
-1.1323295831680298,0.8935132026672363,9.618400573730469,-2.1203055381774902,-0.49745479226112366,-0.15936842560768127
-0.7754033207893372,0.213197261095047,8.034989356994629,-1.6590465307235718,-0.6849412322044373,-0.05497259274125099
-0.4280589520931244,0.014372549951076508,7.481634140014648,-2.081956148147583,-0.5741537809371948,0.25501909852027893
-0.13581058382987976,-0.20601147413253784,8.811124801635742,-2.453733205795288,-0.2705536186695099,0.439309686422348
-0.07831908762454987,-0.4958643913269043,12.864274024963379,-2.830836534500122,0.5475687384605408,0.7663456797599792
-0.004059255123138428,-0.620429277420044,14.646510124206543,-2.4366888999938965,1.3529080152511597,0.8792635798454285
0.019895531237125397,-0.5365875363349915,14.454872131347656,-2.1735687255859375,1.363560676574707,0.8334572911262512
1.0619287490844727,-0.5916835069656372,14.744725227355957,-2.0308234691619873,0.6263982653617859,0.7684761881828308
2.171035051345825,-0.5365875363349915,15.686147689819336,-2.0404109954833984,0.23651182651519775,0.6662108898162842
4.221564769744873,-0.6084518432617188,17.84926414489746,-1.8199013471603394,-0.07561041414737701,0.08777272701263428
3.4047067165374756,-0.582101583480835,18.400224685668945,-1.2158968448638916,0.15555179119110107,-0.7271538376808167
1.0116236209869385,-0.9893329739570618,16.464677810668945,-0.5543681383132935,0.30042764544487,-1.257655143737793
-0.3777539134025574,-0.9749600291252136,15.326826095581055,-0.3359891176223755,0.19390127062797546,-1.336484670639038
-1.4485328197479248,-0.7785308361053467,14.457267761230469,-0.16235116124153137,-0.22581256926059723,-1.10319185256958
-0.3394262492656708,-0.6300112009048462,14.335098266601562,-0.09737008064985275,-0.6359391212463379,-0.6866738200187683
1.4284368753433228,-1.6361122131347656,14.244070053100586,-0.0036268900148570538,-0.42182105779647827,-0.6792169809341431
1.0810924768447876,-0.4910734295845032,14.203347206115723,0.26055848598480225,-0.46975791454315186,-0.8017222881317139
0.3241213262081146,0.3832762539386749,13.252342224121094,0.5854638814926147,-0.48360633850097656,-0.7250233292579651
0.00312718003988266,0.5389823913574219,12.401947021484375,0.6504449844360352,-0.4591052830219269,-0.6344759464263916
-0.4088951349258423,0.4862818121910095,10.631688117980957,0.3905206322669983,-0.5464569330215454,-0.3372674584388733
0.5229460597038269,-0.385672390460968,9.728592872619629,-0.08991324156522751,-0.28227153420448303,-0.015557841397821903
0.7385390996932983,-0.9534007906913757,10.854467391967773,-0.2731385827064514,-0.03726092353463173,-0.005970469675958157
0.48701387643814087,-0.8911183476448059,11.25930404663086,-0.2028311789035797,0.046894900500774384,0.03877060115337372
0.2618388831615448,-0.6827117204666138,11.405427932739258,0.10502999275922775,0.1683349460363388,0.1580801159143448
0.3504715859889984,-0.7737398743629456,11.16588020324707,0.26588478684425354,0.2247939258813858,0.16766749322414398
0.6283470988273621,-0.7234348654747009,10.507122993469238,0.4618932902812958,0.1310507208108902,0.08457693457603455
0.9229909181594849,-0.6875026822090149,10.12863826751709,0.517287015914917,-0.06176199018955231,-0.020884159952402115
1.1601433753967285,-0.7689489126205444,10.152592658996582,0.5662891268730164,-0.12887358665466309,-0.09971366077661514
0.8750813603401184,-0.7138529419898987,9.865135192871094,0.6419228911399841,-0.22048625349998474,-0.2808084785938263
0.5013867020606995,-0.06946919858455658,9.805248260498047,0.676011323928833,-0.15017886459827423,-0.4107706546783447
-0.21486136317253113,0.5246094465255737,9.726197242736816,0.660032331943512,-0.19278940558433533,-0.32554954290390015
0.5684601068496704,-0.28745773434638977,9.405202865600586,0.5577670335769653,-0.10650305449962616,-0.14552000164985657
0.6546973586082458,-0.28266677260398865,9.055463790893555,0.45869749784469604,0.14170336723327637,-0.08586523681879044
0.6762566566467285,-0.1125878095626831,8.954853057861328,0.37880274653434753,0.24503393471240997,-0.04645048454403877
0.8654994368553162,0.004790633916854858,8.868616104125977,0.17640265822410583,0.3515602946281433,-0.05816838517785072
1.1457704305648804,-0.014373183250427246,9.668705940246582,0.04111418128013611,0.3196024000644684,-0.1583031564950943
0.7577029466629028,-0.10779684782028198,9.632773399353027,0.01661311648786068,0.3014928996562958,-0.17321684956550598
0.48222291469573975,-0.11019232869148254,9.350107192993164,-0.05369427427649498,0.5433076620101929,-0.04858101159334183
-0.0759236067533493,0.04551377147436142,9.515395164489746,-0.08671744912862778,0.7531645894050598,-0.011296787299215794
-0.23162972927093506,0.059886641800403595,9.639960289001465,-0.06541217118501663,0.8202762007713318,0.0057474300265312195
0.05343223363161087,-0.19163858890533447,9.740570068359375,-0.018540579825639725,0.600831925868988,0.0867074653506279
0.4079630672931671,0.05749116837978363,9.709428787231445,0.08159419149160385,0.4516950845718384,0.06220639869570732
0.3313077390193939,0.213197261095047,9.594446182250977,0.14231422543525696,0.4090845286846161,0.008943220600485802
-0.21246588230133057,0.31141188740730286,9.218356132507324,0.21688267588615417,0.29403606057167053,-0.045385222882032394
-0.19809302687644958,0.263502299785614,8.813520431518555,0.2435142695903778,0.12785492837429047,-0.000644151121377945
0.039059363305568695,0.23475658893585205,8.401497840881348,0.20090371370315552,0.054351743310689926,-0.0027746781706809998
0.06301414221525192,0.4048355519771576,8.11404037475586,-0.047302693128585815,-0.06176199018955231,-0.04858101159334183
-0.0375959537923336,0.16289222240447998,8.993181228637695,-0.29550909996032715,-0.04152197763323784,-0.053907331079244614
-0.09269195795059204,0.009581595659255981,9.647146224975586,-0.32746702432632446,-0.003172488184645772,-0.03792837634682655
-0.06873717904090881,-0.22277981042861938,10.30829906463623,-0.23798488080501556,0.06713490188121796,0.004682166501879692
0.2618388831615448,-0.2084069550037384,10.059168815612793,-0.12932799756526947,0.12998546659946442,-0.011296787299215794
0.21632477641105652,-0.11498329043388367,9.82441234588623,-0.12506693601608276,0.15555179119110107,-0.04218943044543266
-0.1717427521944046,-0.07186467945575714,9.735779762268066,-0.1708732694387436,0.16940021514892578,-0.07521259784698486
-0.466386616230011,-0.10540138185024261,10.083124160766602,-0.15382905304431915,0.13637703657150269,-0.015557841397821903
-0.3945222496986389,-0.09821493923664093,10.12863826751709,-0.11761008948087692,0.11720229685306549,0.019595855847001076
-0.2987031042575836,-0.1125878095626831,10.01844596862793,-0.0856521800160408,0.12678967416286469,0.052619028836488724
-0.18132466077804565,-0.12456521391868591,9.848366737365723,-0.1271974742412567,0.18111811578273773,0.0302484929561615
-0.0567597821354866,-0.1317516267299652,9.869926452636719,-0.08884797245264053,0.2152065485715866,-0.020884159952402115
0.007918141782283783,-0.1581019163131714,10.08791446685791,-0.035584792494773865,0.17685705423355103,-0.05177680402994156
-0.34661269187927246,-0.0742601603269577,10.248412132263184,0.09224683791399002,-0.1001114696264267,-0.0357978492975235
-0.7298892736434937,-0.026350587606430054,10.193315505981445,0.12846578657627106,-0.22900836169719696,0.0302484929561615
-0.313075989484787,-0.13414710760116577,9.577677726745605,0.11035632342100143,-0.2417915314435959,0.03664007410407066
-0.13820604979991913,-0.05988729000091553,9.589654922485352,0.08905104547739029,-0.1278083324432373,-0.029406268149614334
0.21872025728225708,-0.11019232869148254,9.637564659118652,0.11248684674501419,-0.0021072246599942446,-0.062429431825876236
-0.34661269187927246,-0.0814465880393982,9.721406936645508,0.12953105568885803,-0.00849880650639534,-0.04431995749473572
-0.7490530610084534,0.059886641800403595,9.680683135986328,0.12526999413967133,-0.15976622700691223,0.08244641125202179
-0.49513235688209534,-0.1700792908668518,9.515395164489746,0.11355211585760117,-0.2684231102466583,0.12505695223808289
0.05103675276041031,-0.04311893880367279,9.623191833496094,0.11994368582963943,-0.2567051947116852,0.09949062764644623
0.285793662071228,-0.011977717280387878,9.721406936645508,0.13698789477348328,-0.1853325515985489,0.010008484125137329
0.3840082883834839,0.06467760354280472,9.790875434875488,0.15190158784389496,0.000023301923647522926,-0.03899364173412323
0.3384941816329956,0.14612387120723724,9.800457000732422,0.14231422543525696,0.12039808928966522,-0.053907331079244614
0.21872025728225708,0.2251746654510498,9.539350509643555,0.00809101015329361,0.24609918892383575,-0.049646276980638504
-0.004059255123138428,0.301829993724823,9.141700744628906,-0.0718037560582161,0.24077287316322327,-0.04218943044543266
-0.08311004936695099,0.21080179512500763,9.163259506225586,-0.1271974742412567,0.19496653974056244,-0.03260205686092377
-0.19569754600524902,0.17247413098812103,9.278243064880371,-0.15702484548091888,-0.03619565814733505,0.0025516394525766373
-0.2819347679615021,0.18445152044296265,9.862739562988281,-0.11441429704427719,-0.11289463937282562,0.00042111240327358246
-0.020827606320381165,0.0790504738688469,10.246016502380371,0.050701554864645004,-0.09371989965438843,-0.08693049848079681
0.35526254773139954,0.026349946856498718,10.511914253234863,0.1263352632522583,-0.003172488184645772,-0.1295410394668579
0.3145394027233124,-0.057491809129714966,10.349021911621094,0.1923816055059433,0.15342126786708832,-0.14765052497386932
-0.10466935485601425,-0.11498329043388367,9.853157997131348,0.1689458042383194,0.14170336723327637,-0.09332208335399628
-0.48794591426849365,-0.057491809129714966,9.625587463378906,0.1455100029706955,0.1076149195432663,-0.053907331079244614
-0.49513235688209534,-0.057491809129714966,9.536954879760742,0.07413735240697861,0.026654891669750214,-0.0027746781706809998
-0.36098554730415344,-0.033537015318870544,9.546536445617676,0.05709313228726387,-0.026608286425471306,0.011073747649788857
-0.18132466077804565,-0.035932496190071106,9.759734153747559,0.07307208329439163,-0.04258723929524422,0.0057474300265312195
-0.16934727132320404,-0.04072345793247223,9.867530822753906,0.14337947964668274,-0.06495777517557144,-0.010231523774564266
-0.07352813333272934,-0.05988729000091553,9.893880844116211,0.17427211999893188,-0.1043725311756134,-0.033667322248220444
-0.20527945458889008,0.07665499299764633,9.616004943847656,0.16255421936511993,-0.10756832361221313,-0.024079948663711548
-0.2555845081806183,0.1485193520784378,9.479463577270508,0.10502999275922775,-0.07347989082336426,0.007877957075834274
-0.16216084361076355,0.24194301664829254,9.311779975891113,0.05283207818865776,-0.01702091470360756,0.02598743885755539
-0.08790100365877151,0.3784852921962738,9.39322566986084,0.045375239104032516,0.0032190934289246798,0.02492217719554901
0.0055226609110832214,0.3904626965522766,9.469881057739258,0.08159419149160385,-0.029804080724716187,-0.019818894565105438
0.11331919580698013,0.3281802535057068,9.778898239135742,0.12740053236484528,-0.0905241072177887,-0.045385222882032394
0.03187292069196701,0.3209938108921051,9.76692008972168,0.18492476642131805,-0.1853325515985489,-0.08479997515678406
0.010313615202903748,0.38806721568107605,9.58246898651123,0.15190158784389496,-0.16828833520412445,-0.0922568216919899
-0.08550552278757095,0.46472251415252686,9.44113540649414,0.09650788456201553,-0.06921882927417755,-0.06455996632575989
-0.1453924924135208,0.41920843720436096,9.275847434997559,0.04857102409005165,-0.01702091470360756,-0.04325469583272934
-0.20048849284648895,0.469513475894928,9.196796417236328,-0.04197637736797333,0.07352648675441742,-0.0027746781706809998
-0.10227387398481369,0.4479541778564453,9.254287719726562,-0.06967323273420334,0.0884401798248291,0.00042111240327358246
-0.004059255123138428,0.4311858117580414,9.656728744506836,-0.06967323273420334,0.0841791182756424,-0.008100994862616062
-0.02322307974100113,0.40723103284835815,9.869926452636719,-0.04197637736797333,0.04902542755007744,-0.020884159952402115
-0.08790100365877151,0.3401576280593872,9.79806137084961,0.03152681142091751,-0.06282724440097809,-0.04218943044543266
-0.17653369903564453,0.4096265137195587,9.5513277053833,0.045375239104032516,-0.11289463937282562,-0.024079948663711548
-0.13820604979991913,0.41441747546195984,9.524977684020996,0.03152681142091751,-0.10117673873901367,-0.008100994862616062
0.0007316991686820984,0.35692596435546875,9.58246898651123,-0.0046921526081860065,-0.02554302290081978,0.012139012105762959
0.07259606570005417,0.31859833002090454,9.67589282989502,-0.022801633924245834,0.029850680381059647,0.00042111240327358246
0.04145484417676926,0.3090164065361023,9.71422004699707,-0.025997424498200417,0.025589626282453537,-0.013427314348518848
-0.06155074015259743,0.2587113678455353,9.738174438476562,-0.031323742121458054,-0.00423775240778923,-0.01875363290309906
-0.11904222518205643,0.2323611080646515,9.872322082519531,-0.029193216934800148,-0.02021670714020729,0.0036169029772281647
-0.0759236067533493,0.22277918457984924,9.963349342346191,-0.010018471628427505,-0.014890387654304504,0.01853059232234955
-0.05196882411837578,0.24673396348953247,9.922626495361328,0.04430996999144554,0.012806465849280357,0.03664007410407066
0.06540962308645248,0.3066209554672241,9.608819007873535,0.062419455498456955,0.027720153331756592,0.039835862815380096
0.09175988286733627,0.33776217699050903,9.53455924987793,0.050701554864645004,0.038372792303562164,0.027052704244852066
0.043850310146808624,0.3401576280593872,9.448322296142578,0.017678381875157356,0.019198046997189522,0.008943220600485802
-0.04717786982655525,0.34494858980178833,9.575282096862793,-0.023866897448897362,0.018132783472537994,0.012139012105762959
-0.0950874388217926,0.3856717348098755,9.64475154876709,-0.022801633924245834,0.026654891669750214,0.020661119371652603
-0.09029648452997208,0.3545305132865906,9.616004943847656,-0.02067110687494278,0.009610673412680626,0.03770533576607704
0.1157146766781807,0.32338929176330566,9.627983093261719,-0.02493216097354889,-0.011694597080349922,0.03877060115337372
0.19716095924377441,0.27308422327041626,9.707033157348633,-0.023866897448897362,-0.02021670714020729,0.016400065273046494
0.027081966400146484,0.29224807024002075,9.853157997131348,0.00809101015329361,-0.029804080724716187,-0.019818894565105438
-0.13820604979991913,0.32338929176330566,9.673497200012207,0.03259207308292389,-0.02021670714020729,-0.004905206151306629
-0.12383317947387695,0.3353666663169861,9.60402774810791,0.029396282508969307,-0.011694597080349922,0.012139012105762959
0.01510457694530487,0.3401576280593872,9.548932075500488,0.005960483569651842,0.012806465849280357,0.03344428166747093
0.13727396726608276,0.33057570457458496,9.623191833496094,-0.014279525727033615,0.03517699986696243,0.023856911808252335
0.10373728722333908,0.34973955154418945,9.711824417114258,-0.008953206241130829,0.02878541871905327,0.008943220600485802
0.06061866134405136,0.3401576280593872,9.673497200012207,0.01235206238925457,0.0021538299042731524,-0.009166260249912739
0.06540962308645248,0.32578474283218384,9.630378723144531,0.015547854825854301,-0.01275986060500145,-0.019818894565105438
0.01510457694530487,0.33057570457458496,9.616004943847656,0.010221537202596664,-0.009564070031046867,-0.021949421614408493
-0.06155074015259743,0.3473440706729889,9.654333114624023,-0.010018471628427505,0.014936992898583412,-0.000644151121377945
0.010313615202903748,0.3712988495826721,9.740570068359375,-0.0046921526081860065,0.026654891669750214,0.01533480267971754
0.043850310146808624,0.3593214750289917,9.747756958007812,0.0038299565203487873,0.031981211155653,0.016400065273046494
0.08217797428369522,0.3617169260978699,9.730988502502441,0.017678381875157356,0.02026331052184105,0.006812694016844034
0.08457345515489578,0.40244007110595703,9.668705940246582,0.00809101015329361,-0.006368279457092285,-0.007035732269287109
0.07020058482885361,0.3928581476211548,9.632773399353027,0.0038299565203487873,-0.0021072246599942446,-0.016623102128505707
0.0773870125412941,0.3976491093635559,9.709428787231445,0.0070257470943033695,0.0021538299042731524,-0.01875363290309906
0.04864127188920975,0.3928581476211548,9.71422004699707,0.01235206238925457,0.009610673412680626,-0.009166260249912739
0.012709096074104309,0.38806721568107605,9.695055961608887,0.023004701361060143,-0.0010419611353427172,-0.008100994862616062
0.019895531237125397,0.3856717348098755,9.692660331726074,0.03152681142091751,-0.015955651178956032,-0.008100994862616062
0.024686485528945923,0.34494858980178833,9.68307876586914,0.03152681142091751,-0.015955651178956032,-0.011296787299215794
0.04864127188920975,0.3281802535057068,9.639960289001465,0.00809101015329361,0.0042843567207455635,-0.020884159952402115
0.03187292069196701,0.34973955154418945,9.568096160888672,-0.001496362965553999,0.025589626282453537,-0.02727574110031128
0.029477447271347046,0.3641124367713928,9.649541854858398,0.01980890892446041,0.02878541871905327,-0.03899364173412323
-0.04478238895535469,0.2754797339439392,9.838785171508789,0.04324470832943916,0.007480146363377571,-0.0357978492975235
-0.11185579001903534,0.2754797339439392,9.838785171508789,0.06348471343517303,-0.04045671224594116,-0.021949421614408493
-0.19330206513404846,0.31141188740730286,9.606423377990723,0.02833101712167263,-0.04152197763323784,-0.0038399426266551018
-0.06634169816970825,0.2706887722015381,9.44113540649414,-0.02493216097354889,-0.00423775240778923,-0.007035732269287109
-0.04238691180944443,0.3090164065361023,9.587259292602539,-0.03345426917076111,0.014936992898583412,-0.0038399426266551018
-0.08071456849575043,0.27308422327041626,9.723801612854004,-0.001496362965553999,0.042633846402168274,0.02918323129415512
-0.16695180535316467,0.24194301664829254,9.936999320983887,0.05709313228726387,0.03304647281765938,0.04942323639988899
0.010313615202903748,0.31141188740730286,9.879508018493652,0.07839841395616531,0.01174120232462883,0.03877060115337372
0.07978249341249466,0.35213503241539,9.762129783630371,0.0794636681675911,-0.038326188921928406,0.00042111240327358246
0.08217797428369522,0.4431632161140442,9.53455924987793,0.034722600132226944,-0.04684829339385033,-0.010231523774564266
-0.05196882411837578,0.4743044376373291,9.4555082321167,0.01235206238925457,-0.023412495851516724,0.00042111240327358246
-0.09987840056419373,0.4814908802509308,9.496231079101562,-0.023866897448897362,0.06180858984589577,0.028117965906858444
-0.05436430498957634,0.4479541778564453,9.584864616394043,-0.02812795154750347,0.09057070314884186,0.03664007410407066
0.06540962308645248,0.48388636112213135,9.709428787231445,-0.008953206241130829,0.07778754830360413,0.01746532879769802
0.1276920735836029,0.4743044376373291,9.747756958007812,0.02833101712167263,0.025589626282453537,-0.019818894565105438
-0.013641171157360077,0.49586373567581177,9.702242851257324,0.037918392568826675,-0.00423775240778923,-0.020884159952402115
-0.21965232491493225,0.5030502080917358,9.58246898651123,0.029396282508969307,-0.0074335429817438126,0.01853059232234955
-0.2483980655670166,0.47669991850852966,9.508209228515625,-0.014279525727033615,0.013871729373931885,0.05581481754779816
-0.09987840056419373,0.39525362849235535,9.491440773010254,-0.038780584931373596,0.027720153331756592,0.04303165525197983
0.07259606570005417,0.3617169260978699,9.769315719604492,-0.02812795154750347,0.02452436462044716,0.023856911808252335
0.0965508446097374,0.32338929176330566,9.872322082519531,0.027265755459666252,0.007480146363377571,-0.0038399426266551018
-0.04478238895535469,0.32578474283218384,9.968140602111816,0.054962608963251114,-0.010629333555698395,0.007877957075834274
-0.2220478057861328,0.3617169260978699,9.747756958007812,0.05176681652665138,-0.013825124129652977,0.02598743885755539
-0.24121162295341492,0.3617169260978699,9.659124374389648,0.02406996302306652,0.01174120232462883,0.06114113703370094
-0.13820604979991913,0.3593214750289917,9.575282096862793,0.004895220045000315,0.03624226525425911,0.06753271818161011
-0.018432125449180603,0.4216039180755615,9.568096160888672,-0.0025616264902055264,0.034111738204956055,0.05901060998439789
0.019895531237125397,0.43358129262924194,9.498626708984375,-0.019605843350291252,0.01174120232462883,0.028117965906858444
0.036663882434368134,0.4623270332813263,9.529767990112305,-0.021736370399594307,-0.011694597080349922,0.014269539155066013
-0.013641171157360077,0.4503496587276459,9.560909271240234,-0.014279525727033615,-0.051109351217746735,0.012139012105762959
-0.10227387398481369,0.40004459023475647,9.659124374389648,0.0016994294710457325,-0.038326188921928406,0.027052704244852066
-0.05196882411837578,0.3641124367713928,9.601632118225098,-0.014279525727033615,-0.013825124129652977,0.0302484929561615
-0.06394621729850769,0.4239993691444397,9.479463577270508,-0.03238900378346443,-0.010629333555698395,0.03450954705476761
-0.07352813333272934,0.43837225437164307,9.493836402893066,-0.047302693128585815,-0.023412495851516724,0.04196639358997345
-0.04238691180944443,0.3856717348098755,9.654333114624023,-0.01641005277633667,-0.04897882416844368,0.04303165525197983
-0.013641171157360077,0.37608981132507324,9.78368854522705,0.017678381875157356,-0.03726092353463173,0.032379020005464554
0.11331919580698013,0.34494858980178833,9.680683135986328,0.01661311648786068,-0.023412495851516724,0.01853059232234955
0.13966944813728333,0.34973955154418945,9.594446182250977,-0.01214899867773056,-0.01702091470360756,0.0014863759279251099
0.010313615202903748,0.3617169260978699,9.577677726745605,-0.02812795154750347,-0.013825124129652977,0.004682166501879692
-0.0375959537923336,0.3401576280593872,9.589654922485352,-0.04517216980457306,-0.009564070031046867,0.02172638475894928
-0.030409518629312515,0.301829993724823,9.728592872619629,-0.023866897448897362,0.0010885654482990503,0.032379020005464554
-0.028014041483402252,0.32338929176330566,9.80764389038086,0.01235206238925457,0.0042843567207455635,0.04090112820267677
-0.039991430938243866,0.3281802535057068,9.881903648376465,0.023004701361060143,0.0010885654482990503,0.03770533576607704
0.024686485528945923,0.32338929176330566,9.822016716003418,0.026200490072369576,-0.02128196880221367,0.02598743885755539
0.05343223363161087,0.3401576280593872,9.76692008972168,0.029396282508969307,-0.015955651178956032,0.0057474300265312195
0.11811015754938126,0.36890339851379395,9.769315719604492,0.025135228410363197,-0.0074335429817438126,0.006812694016844034
0.09894632548093796,0.40244007110595703,9.71422004699707,0.018743643537163734,0.0010885654482990503,0.02492217719554901
0.0007316991686820984,0.4120219945907593,9.692660331726074,0.015547854825854301,0.014936992898583412,0.02492217719554901
0.05103675276041031,0.366507887840271,9.68307876586914,0.01661311648786068,0.013871729373931885,0.023856911808252335
0.07259606570005417,0.3928581476211548,9.67589282989502,0.027265755459666252,0.008545409888029099,0.013204275630414486
0.08696893602609634,0.41920843720436096,9.707033157348633,0.037918392568826675,0.008545409888029099,0.013204275630414486
0.09175988286733627,0.39525362849235535,9.740570068359375,0.050701554864645004,-0.00423775240778923,-0.010231523774564266
0.07978249341249466,0.41441747546195984,9.740570068359375,0.037918392568826675,-0.006368279457092285,-0.01875363290309906
0.11331919580698013,0.3856717348098755,9.63516902923584,0.018743643537163734,0.008545409888029099,-0.000644151121377945
-0.020827606320381165,0.4096265137195587,9.575282096862793,0.018743643537163734,0.02026331052184105,0.007877957075834274
-0.049573346972465515,0.38088077306747437,9.553723335266113,0.03152681142091751,0.021328574046492577,0.016400065273046494
-0.02561856061220169,0.3976491093635559,9.632773399353027,0.03685312718153,0.01600225642323494,0.019595855847001076
-0.011245690286159515,0.40244007110595703,9.616004943847656,0.005960483569651842,0.01174120232462883,0.006812694016844034
0.0007316991686820984,0.4168129563331604,9.532163619995117,-0.031323742121458054,0.008545409888029099,-0.016623102128505707
0.10134180635213852,0.42639485001564026,9.374062538146973,-0.013214262202382088,0.006414883770048618,-0.013427314348518848
0.03187292069196701,0.44076773524284363,9.539350509643555,0.011286800727248192,0.008545409888029099,-0.0017094146460294724
-0.08550552278757095,0.3593214750289917,9.77650260925293,0.03685312718153,0.000023301923647522926,0.022791648283600807
-0.1334151029586792,0.34973955154418945,9.805248260498047,0.02406996302306652,0.0032190934289246798,0.02492217719554901
-0.08071456849575043,0.3712988495826721,9.611214637756348,-0.023866897448897362,0.0010885654482990503,0.0057474300265312195
0.03187292069196701,0.366507887840271,9.517790794372559,-0.03345426917076111,0.007480146363377571,0.00042111240327358246
-0.0016637742519378662,0.41920843720436096,9.5513277053833,-0.018540579825639725,0.005349620245397091,0.0014863759279251099
-0.01603664457798004,0.3784852921962738,9.778898239135742,0.03578786551952362,-0.010629333555698395,0.011073747649788857
-0.07352813333272934,0.34494858980178833,9.915440559387207,0.04750576242804527,-0.023412495851516724,0.006812694016844034
-0.030409518629312515,0.3281802535057068,9.88669490814209,0.030461544170975685,-0.018086178228259087,0.0014863759279251099
0.036663882434368134,0.3593214750289917,9.63516902923584,-0.01214899867773056,0.01174120232462883,0.007877957075834274
0.036663882434368134,0.36890339851379395,9.54174518585205,0.01235206238925457,0.054351743310689926,0.013204275630414486
0.007918141782283783,0.34255310893058777,9.661519050598145,0.06454997509717941,0.031981211155653,0.008943220600485802
0.03187292069196701,0.3473440706729889,9.910649299621582,0.06135419383645058,0.014936992898583412,0.0036169029772281647
0.039059363305568695,0.4048355519771576,9.663914680480957,0.01661311648786068,-0.02128196880221367,0.00042111240327358246
0.012709096074104309,0.4503496587276459,9.438739776611328,-0.007887942716479301,0.000023301923647522926,-0.02727574110031128
0.12529659271240234,0.469513475894928,9.386039733886719,-0.014279525727033615,0.014936992898583412,-0.03153679519891739
0.08217797428369522,0.4862818121910095,9.508209228515625,-0.01214899867773056,0.014936992898583412,-0.012362050823867321
-0.004059255123138428,0.45753607153892517,9.539350509643555,0.00276469299569726,-0.03726092353463173,-0.005970469675958157
-0.13101962208747864,0.43837225437164307,9.570491790771484,0.015547854825854301,-0.07774093747138977,-0.009166260249912739
-0.12622866034507751,0.5246094465255737,9.632773399353027,0.009156273677945137,-0.12035147845745087,-0.024079948663711548
-0.0016637742519378662,0.5078411102294922,9.620796203613281,-0.014279525727033615,-0.09265463054180145,-0.049646276980638504
0.15883329510688782,0.43358129262924194,9.536954879760742,-0.025997424498200417,-0.11076411604881287,-0.04645048454403877
-0.013641171157360077,0.44076773524284363,9.546536445617676,-0.018540579825639725,-0.14804832637310028,-0.005970469675958157
-0.10946030914783478,0.3736943304538727,9.524977684020996,0.04857102409005165,-0.1043725311756134,0.039835862815380096
-0.20527945458889008,0.4239993691444397,9.896276473999023,0.06774576753377914,-0.07347989082336426,0.039835862815380096
0.05582771450281143,0.3281802535057068,9.932209014892578,0.04324470832943916,-0.00423775240778923,-0.013427314348518848
0.2426750361919403,0.34973955154418945,9.857948303222656,-0.04943322390317917,-0.05856619402766228,-0.07947365939617157
0.4079630672931671,0.36890339851379395,9.39322566986084,-0.06541217118501663,-0.09371989965438843,-0.10503998398780823
0.30495747923851013,0.505445659160614,9.374062538146973,-0.018540579825639725,-0.17254939675331116,-0.09119155257940292
0.23788407444953918,0.4886772930622101,9.58246898651123,0.08052893728017807,-0.27587994933128357,0.023856911808252335
-0.1909065842628479,0.34255310893058777,9.92502212524414,0.09118156880140305,-0.3365999758243561,0.0302484929561615
-0.08790100365877151,0.4048355519771576,9.817225456237793,0.013417327776551247,-0.44632211327552795,-0.1540421098470688
0.5516917705535889,0.3832762539386749,9.508209228515625,-0.03451953083276749,-0.4005157947540283,-0.23287160694599152
1.200866460800171,0.5078411102294922,9.19200611114502,-0.027062689885497093,-0.3930589258670807,-0.1583031564950943
0.0965508446097374,0.606055736541748,9.489045143127441,0.058158401399850845,-0.32381680607795715,0.0536842904984951
-0.32744884490966797,0.5557507276535034,9.769315719604492,-0.0046921526081860065,-0.24392205476760864,-0.014492576010525227
0.17560163140296936,0.5317959189414978,9.64475154876709,-0.11441429704427719,-0.25883573293685913,-0.13593262434005737
1.4547871351242065,0.6395924687385559,8.842266082763672,-0.2795301675796509,-0.22368204593658447,-0.26376426219940186
1.4931148290634155,0.6779201030731201,8.688955307006836,-0.2081574946641922,-0.10543778538703918,-0.14658525586128235
0.9517366886138916,0.4743044376373291,9.31417465209961,-0.07286902517080307,-0.07561041414737701,-0.029406268149614334
-0.13581058382987976,0.2563158869743347,10.4232816696167,0.12846578657627106,-0.1139598935842514,0.19216854870319366
-0.3394262492656708,0.17007866501808167,10.758648872375488,0.07413735240697861,-0.15550518035888672,0.1197306364774704
0.3720308840274811,-0.06707371771335602,10.210083961486816,-0.02067110687494278,-0.15870097279548645,-0.005970469675958157
1.5817475318908691,-0.0023957937955856323,9.278243064880371,-0.04836795851588249,0.022393837571144104,-0.14552000164985657
1.684753179550171,0.12456456571817398,9.450716972351074,0.04111418128013611,0.2567518353462219,-0.11249682307243347
0.9110135436058044,0.2587113678455353,10.162174224853516,0.03259207308292389,0.3952361047267914,-0.10077892988920212
0.7169798016548157,0.35213503241539,9.996886253356934,-0.15063326060771942,0.7606214284896851,-0.16469474136829376
1.2918946743011475,0.3138073682785034,9.148886680603027,-0.29018279910087585,1.0929837226867676,-0.16682526469230652
1.3350132703781128,0.26110684871673584,9.096186637878418,-0.3019006848335266,1.208032250404358,-0.11462735384702682
0.4223359227180481,0.1868470013141632,9.805248260498047,-0.34238070249557495,1.2708827257156372,-0.07734312862157822
0.13248303532600403,0.22757014632225037,9.836389541625977,-0.44145020842552185,0.9683478474617004,-0.11356209218502045
-0.10466935485601425,0.34255310893058777,9.702242851257324,-0.4297323226928711,0.3558213412761688,-0.14338946342468262
-0.26277095079421997,0.5126321315765381,9.505813598632812,-0.27633437514305115,-0.06282724440097809,-0.09119155257940292
-0.2172568440437317,0.5198185443878174,9.271056175231934,0.19344687461853027,-0.5166295766830444,-0.03260205686092377
-0.9287139773368835,0.062282122671604156,10.380163192749023,0.4416532814502716,-0.5837411880493164,0.014269539155066013
-1.0748381614685059,0.1365419626235962,11.084433555603027,0.42993539571762085,-0.540065348148346,0.03664007410407066
-0.6412565112113953,-0.0742601603269577,11.026942253112793,0.3756069540977478,-0.43140843510627747,0.04303165525197983
-0.38014936447143555,-0.12216973304748535,9.735779762268066,0.2967774271965027,-0.27587994933128357,0.04622744768857956
-0.21246588230133057,-0.1317516267299652,9.283034324645996,0.19983844459056854,-0.06921882927417755,0.04622744768857956
