inOut
1.979396939277649,3.3800199031829834,8.782379150390625,-0.28115636110305786,0.35199639201164246,0.03756219148635864
2.0416793823242188,3.2937827110290527,8.933294296264648,-0.2896784543991089,0.3551921844482422,-0.0018525603227317333
1.75422203540802,3.4135565757751465,8.72488784790039,-0.3823564052581787,0.49367642402648926,-0.12435787171125412
0.9158045053482056,3.0542349815368652,9.850762367248535,-0.312049001455307,0.6268343329429626,-0.1392715573310852
0.7768667340278625,3.097353458404541,9.448322296142578,-0.2321542203426361,0.5181774497032166,-0.12755365669727325
0.7744712829589844,3.1764042377471924,8.818310737609863,-0.2875479459762573,0.4073900878429413,-0.11477050185203552
0.7361436486244202,3.13568115234375,8.765610694885254,-0.3738342821598053,0.40845534205436707,-0.1296841949224472
0.7553074359893799,3.224313974380493,8.897361755371094,-0.3866174519062042,0.38075849413871765,-0.13287998735904694
0.5804375410079956,3.356065273284912,9.153677940368652,-0.3780953288078308,0.35306164622306824,-0.057246264070272446
0.39838114380836487,3.2913873195648193,9.153677940368652,-0.3685079514980316,0.3488005995750427,-0.011439932510256767
0.39359018206596375,3.267432451248169,9.124932289123535,-0.38768270611763,0.3168426752090454,0.05567167326807976
0.5469008088111877,3.0614213943481445,8.8254976272583,-0.4782301187515259,0.31897321343421936,0.04821482673287392
0.8175898790359497,2.872178554534912,8.87819766998291,-0.5144491195678711,0.33814796805381775,0.02264850214123726
0.8319627642631531,2.8362462520599365,9.108163833618164,-0.5037964582443237,0.26677531003952026,-0.015700984746217728
0.5013867020606995,2.6493990421295166,9.663914680480957,-0.41751009225845337,0.11870365589857101,-0.00504835182800889
0.30495747923851013,2.431410551071167,9.678287506103516,-0.39087849855422974,0.049461521208286285,-0.0029178238473832607
0.32172584533691406,2.414642095565796,9.417181015014648,-0.37596482038497925,0.0036551859229803085,-0.007178878877311945
0.25225695967674255,2.4122467041015625,9.39322566986084,-0.331223726272583,-0.05280378460884094,-0.007178878877311945
0.29777103662490845,2.2469587326049805,9.616004943847656,-0.28222161531448364,-0.08689220994710922,-0.019962042570114136
0.35526254773139954,2.215817451477051,9.76692008972168,-0.1671731323003769,-0.25094279646873474,-0.0689641684293747
0.3313077390193939,2.1607213020324707,9.800457000732422,-0.04786362498998642,-0.5833051204681396,-0.14246734976768494
0.08696893602609634,2.0936479568481445,9.999281883239746,0.02137850783765316,-0.7601388692855835,-0.16483788192272186
-0.04238691180944443,2.163116931915283,10.09749698638916,0.24188809096813202,-1.3992968797683716,-0.18827368319034576
-0.3442172110080719,1.9355463981628418,11.410219192504883,0.6594713926315308,-2.4134280681610107,-0.3757600784301758
0.3576579988002777,1.7319307327270508,12.037834167480469,0.8629367351531982,-2.698918581008911,-0.5217011570930481
1.1553523540496826,2.1535348892211914,11.379077911376953,1.0983599424362183,-2.799053430557251,-0.6900128126144409
1.679962158203125,3.068607807159424,9.951372146606445,1.1558841466903687,-2.6626996994018555,-0.6207706928253174
1.473950982093811,3.3872063159942627,8.219441413879395,1.1015557050704956,-2.4198195934295654,-0.4918738007545471
1.7278717756271362,3.6890366077423096,7.198967456817627,0.8160651326179504,-1.4408422708511353,-0.22981896996498108
2.6956448554992676,4.285511016845703,6.271917343139648,0.5231176614761353,-0.5140629410743713,-0.021027304232120514
2.4321422576904297,4.383725643157959,6.700707912445068,0.3878291845321655,-0.2754438519477844,0.12171801179647446
2.3387186527252197,4.251974105834961,7.004933834075928,0.12683960795402527,-0.11032801121473312,0.26872438192367554
2.9471702575683594,3.823183536529541,7.620571613311768,-0.07769101113080978,-0.3745133578777313,0.13982748985290527
3.4813618659973145,3.0230937004089355,8.573972702026367,-0.12349734455347061,-0.5982187986373901,0.03543166443705559
3.385542869567871,2.903319835662842,9.026718139648438,-0.06810363382101059,-1.0211284160614014,-0.03913678601384163
2.7076222896575928,3.245873212814331,9.512999534606934,0.07464168220758438,-1.2544211149215698,0.11745695769786835
2.7172043323516846,3.593217611312866,8.73926067352295,0.12044801563024521,-1.1979621648788452,0.1898948848247528
3.083712577819824,3.530935049057007,8.22423267364502,0.1726459413766861,-0.934842050075531,0.20800437033176422
3.6514408588409424,3.174008846282959,7.958334445953369,0.2386922985315323,-0.813401997089386,0.12384854257106781
3.8526611328125,3.1213083267211914,8.550017356872559,0.2770417630672455,-0.8602735996246338,0.09082537144422531
3.869429349899292,3.1811952590942383,8.281723976135254,0.2823680639266968,-0.444820761680603,0.06952010095119476
4.715033531188965,3.708200454711914,6.691125869750977,0.11192590743303299,-0.031498514115810394,-0.013570459559559822
4.616818904876709,3.5836355686187744,6.964210510253906,-0.00951413530856371,0.03667835891246796,-0.0689641684293747
3.9939942359924316,3.6818501949310303,7.4936113357543945,-0.07662574201822281,0.01963414065539837,-0.044463105499744415
3.886197805404663,3.8854658603668213,7.5319390296936035,-0.17782576382160187,0.02389519289135933,0.03330113738775253
4.111372947692871,4.033985614776611,7.740345478057861,-0.21084894239902496,0.05265730991959572,0.05780220031738281
4.22635555267334,4.113036155700684,7.558289527893066,-0.19167420268058777,0.486219584941864,0.1100001111626625
4.099395275115967,4.31425666809082,7.179803848266602,-0.15652050077915192,0.8068639039993286,0.19841699302196503
3.929316520690918,4.393307209014893,6.945046901702881,-0.2651773989200592,1.8795843124389648,0.509473979473114
3.7352826595306396,4.37653923034668,6.367736339569092,-0.4920785427093506,2.3610832691192627,0.6373056173324585
3.5412487983703613,3.772878408432007,7.141476154327393,-0.6060617566108704,2.475066661834717,0.6969603896141052
2.9759159088134766,3.2482686042785645,9.069836616516113,-0.5709080696105957,2.0489611625671387,0.7672677636146545
2.5567071437835693,2.8362462520599365,9.553723335266113,-0.6316280961036682,1.689967393875122,0.7555498480796814
2.8010458946228027,2.503274917602539,8.494921684265137,-0.7488070726394653,1.6569442749023438,0.7054824829101562
2.846560001373291,2.4553651809692383,8.037384986877441,-0.9693166017532349,1.7251211404800415,0.5488887429237366
2.5231704711914062,2.2301902770996094,8.985994338989258,-0.9544029235839844,1.5056768655776978,0.4114696979522705
1.9362784624099731,2.007410764694214,10.159778594970703,-0.8947481513023376,1.2723841667175293,0.36246758699417114
1.4068776369094849,1.5714335441589355,10.334649085998535,-0.8031355142593384,0.810059666633606,0.2889643907546997
1.3134539127349854,1.3821907043457031,10.485564231872559,-0.6284322738647461,0.7440133094787598,0.24102753400802612
1.107442855834961,1.3845863342285156,9.980117797851562,-0.5144491195678711,0.8015375733375549,0.2282443642616272
1.17691171169281,1.3199083805084229,9.929813385009766,-0.4452069401741028,0.8153859972953796,0.19735172390937805
1.2176347970962524,1.315117359161377,10.147801399230957,-0.29074373841285706,0.6726406812667847,0.07484641671180725
1.174516201019287,1.1378519535064697,9.95616340637207,-0.22895842790603638,0.65879225730896,0.017322182655334473
0.7457255125045776,1.2504394054412842,9.625587463378906,-0.11390996724367142,0.810059666633606,-0.0029178238473832607
0.5876239538192749,1.3989591598510742,9.467485427856445,-0.053189944475889206,1.2223167419433594,0.03543166443705559
0.520550549030304,1.6432979106903076,8.585949897766113,-0.10219206660985947,1.8976938724517822,0.11106538027524948
0.17799711227416992,1.4037501811981201,8.7296781539917,-0.09899627417325974,2.0702664852142334,0.16752435266971588
-0.20048849284648895,1.188157081604004,9.381248474121094,-0.05425520986318588,2.206620216369629,0.20693910121917725
-1.7120354175567627,0.11498264968395233,9.412389755249023,-0.02336256206035614,2.559222459793091,0.01412639394402504
-1.5227926969528198,-0.2587119936943054,8.178718566894531,-0.17036892473697662,2.166140079498291,0.02158323861658573
-1.6329846382141113,1.9403374195098877,9.649541854858398,-0.4079227149486542,0.8654533624649048,-0.048724159598350525
-1.0413014888763428,3.1596360206604004,9.515395164489746,-0.5847564935684204,0.5767669677734375,-0.186143159866333
-0.43045443296432495,4.989781379699707,9.398016929626465,-1.3932915925979614,-0.25520387291908264,-0.47163379192352295
1.7733858823776245,7.013960838317871,10.363394737243652,-2.040971517562866,-1.3247284889221191,-1.0990740060806274
1.2655444145202637,7.275068283081055,14.792634963989258,-2.37546443939209,-1.8573602437973022,-1.4399583339691162
-1.1299341917037964,7.651158332824707,13.930262565612793,-2.3925085067749023,-1.9521687030792236,-1.3408888578414917
-1.4700920581817627,7.620017051696777,13.281087875366211,-2.058015823364258,-1.0594778060913086,-1.0873560905456543
-1.110770344734192,6.92053747177124,12.303731918334961,-1.522188425064087,0.1804889291524887,-0.9829602837562561
-1.7815042734146118,6.2737579345703125,12.631913185119629,-1.1663904190063477,0.19114157557487488,-0.8785644769668579
-2.3923513889312744,6.3120856285095215,13.63801383972168,-0.38129112124443054,-0.6365682482719421,-0.383216917514801
-4.562654972076416,5.753939151763916,13.815279006958008,0.27491122484207153,-0.9976926445960999,0.45727604627609253
-3.3816840648651123,3.356065273284912,11.937224388122559,0.53696608543396,-0.8187283277511597,0.7555498480796814
-1.7479676008224487,2.0002243518829346,11.15629768371582,1.0717283487319946,-0.19767963886260986,0.6575456261634827
1.646425485610962,-0.028746068477630615,10.77541732788086,1.7279306650161743,0.16557525098323822,0.16326329112052917
1.3350132703781128,-1.1354570388793945,10.365790367126465,2.045379400253296,0.15918366611003876,0.02690955623984337
0.35526254773139954,-1.511547327041626,10.08791446685791,2.4842681884765625,-0.035759568214416504,0.1483495980501175
-1.5946569442749023,-2.134371757507324,8.890175819396973,2.3298048973083496,0.31471216678619385,0.6330445408821106
-2.339650869369507,-3.1692183017730713,6.089860916137695,1.960158109664917,0.7109901309013367,0.8610109686851501
-2.818746566772461,-3.6363368034362793,5.471827507019043,1.1580146551132202,0.6513354182243347,1.3979038000106812
-4.241661071777344,-4.723884105682373,5.907804489135742,0.2386922985315323,0.5224385261535645,2.040257453918457
-4.0811638832092285,-6.3048996925354,5.5628557205200195,-0.2843521535396576,0.46171852946281433,2.3012471199035645
-3.446362018585205,-6.994797706604004,6.099442958831787,-1.1365630626678467,0.11550786346197128,2.5622365474700928
-1.8198319673538208,-8.333869934082031,8.581158638000488,-1.3975526094436646,-0.35320809483528137,2.349184036254883
-0.12383317947387695,-9.459745407104492,10.658038139343262,-1.2952873706817627,-0.4650607705116272,2.0977816581726074
0.5636691451072693,-9.471722602844238,11.168275833129883,-0.829767107963562,-0.3084670305252075,1.4170784950256348
1.3158494234085083,-9.55795955657959,10.849677085876465,-0.5133838057518005,-0.2338985949754715,1.0005605220794678
0.9229909181594849,-9.040535926818848,10.705947875976562,0.1257743537425995,-0.20620174705982208,0.3070738613605499
0.06301414221525192,-8.815361022949219,10.396931648254395,0.5955555438995361,-0.17850488424301147,-0.42476218938827515
0.146855890750885,-7.538571357727051,9.977723121643066,0.901286244392395,-0.03895535692572594,-0.8838907480239868
-0.466386616230011,-6.345623016357422,9.419575691223145,1.0003557205200195,-0.03362903743982315,-0.9573939442634583
-1.010160207748413,-6.108470439910889,9.021926879882812,0.9247220158576965,-0.07304378598928452,-1.037288784980774
-1.0221376419067383,-5.413781642913818,7.9271931648254395,0.3995470702648163,-0.10926275700330734,-1.344084620475769
-0.30828502774238586,-4.007636070251465,7.00732946395874,0.05866273120045662,-0.2477470189332962,-1.5358320474624634
-0.18132466077804565,-3.267432928085327,6.889950752258301,-0.5666469931602478,-0.6035451292991638,-1.812800645828247
-0.873617947101593,-2.287682294845581,6.4755330085754395,-1.1088662147521973,-0.8389683365821838,-1.8277143239974976
-1.1514934301376343,-0.9941238760948181,6.2886857986450195,-1.3048746585845947,-0.9391031265258789,-1.7978869676589966
-0.7658213973045349,-0.08863303065299988,6.535419940948486,-1.5456242561340332,-0.8687957525253296,-1.708404779434204
0.13966944813728333,1.458846092224121,6.676753044128418,-1.688369631767273,-0.30314069986343384,-1.532636284828186
0.30256199836730957,2.7763593196868896,6.410855293273926,-1.7384369373321533,0.09526785463094711,-1.4122614860534668
0.12529659271240234,3.6051950454711914,6.746222019195557,-1.7416328191757202,0.5959416627883911,-1.0181139707565308
-1.2257533073425293,5.516787052154541,9.09858226776123,-1.6734559535980225,0.5597227215766907,-0.4258274734020233
-0.8616405725479126,6.268967151641846,10.816140174865723,-1.6425632238388062,0.5607879757881165,-0.24579790234565735
0.5780420303344727,6.29531717300415,11.518014907836914,-1.5679948329925537,0.6641185283660889,-0.23194949328899384
0.9613186120986938,6.367181777954102,11.908478736877441,-1.462533712387085,0.827103853225708,-0.3842821717262268
1.4859284162521362,6.9971923828125,12.804387092590332,-1.3837041854858398,0.9155207872390747,-0.47163379192352295
1.7590129375457764,8.072762489318848,14.668069839477539,-1.1067357063293457,0.8899544477462769,-0.7102528214454651
1.3709454536437988,8.585394859313965,15.49450969696045,-0.7690470814704895,0.40312904119491577,-0.8860213160514832
-0.6173017621040344,9.351947784423828,17.063547134399414,-0.5336238145828247,-0.04108588397502899,-0.8210402131080627
-1.9731426239013672,9.313620567321777,17.128225326538086,0.011791134253144264,-0.6962230205535889,-0.2937347888946533
-4.40934419631958,8.908784866333008,15.171119689941406,0.4634628891944885,-0.6344377398490906,0.5808466672897339
-4.653683185577393,8.020061492919922,12.82834243774414,0.6040776968002319,-0.4128628671169281,1.0197352170944214
-3.815265655517578,7.322977542877197,11.987528800964355,0.7148650884628296,-0.0453469380736351,1.5960428714752197
-1.4916514158248901,5.641351699829102,11.036523818969727,0.6466882228851318,0.17516261339187622,1.691916584968567
0.13966944813728333,3.9956579208374023,9.915440559387207,0.5529450178146362,0.23375211656093597,1.6194785833358765
0.2953755855560303,3.454279899597168,9.505813598632812,0.2855638563632965,-0.012323767878115177,1.352097511291504
-0.6556293964385986,2.5056703090667725,8.993181228637695,0.1907554268836975,-0.18276594579219818,1.339314341545105
-0.9071546792984009,1.9714784622192383,8.72488784790039,0.08849010616540909,-0.32551124691963196,1.3467711210250854
-1.0652562379837036,1.293558120727539,8.45659351348877,-0.12456259876489639,-0.4416249692440033,1.284985899925232
-0.9909964203834534,-0.4455593228340149,7.857724189758301,-0.14586786925792694,-0.08582695573568344,1.1102826595306396
-2.3420464992523193,-2.445783853530884,7.910424709320068,-0.05105941742658615,0.26784056425094604,1.1102826595306396
-3.956598997116089,-3.734551191329956,8.279328346252441,0.24401859939098358,0.721642792224884,1.6024343967437744
-7.9043474197387695,-6.458210468292236,8.760819435119629,0.3292396664619446,0.6428132653236389,2.6144344806671143
-8.43614387512207,-8.321892738342285,8.8254976272583,0.26425859332084656,0.6247038245201111,2.992603063583374
-7.027602672576904,-9.095632553100586,9.156073570251465,0.2951512336730957,0.7567964792251587,3.1236305236816406
-4.718360900878906,-10.628738403320312,10.504728317260742,0.3803723156452179,0.5650490522384644,2.9169695377349854
-4.452463150024414,-12.746341705322266,10.135824203491211,0.014986926689743996,0.41378167271614075,2.5185608863830566
-2.495357036590576,-13.472171783447266,9.599237442016602,-0.22682788968086243,0.29979845881462097,2.139327049255371
-1.2856402397155762,-13.294906616210938,9.896276473999023,-0.5219059586524963,-0.09541433304548264,1.1113479137420654
0.1732061505317688,-13.055357933044434,11.048501968383789,-0.2992658317089081,-0.6418945789337158,-0.13607576489448547
0.29058462381362915,-12.3678560256958,12.030648231506348,-0.04466783627867699,-0.989170491695404,-0.6932085752487183
-0.6508384346961975,-11.857619285583496,11.853382110595703,0.44854921102523804,-1.4749306440353394,-1.3014740943908691
-2.720531940460205,-11.028783798217773,10.691575050354004,0.7052777409553528,-1.4685391187667847,-1.4623289108276367
-2.698972702026367,-10.175992965698242,9.242310523986816,0.7351050972938538,-1.3588168621063232,-1.5305057764053345
-1.965956211090088,-9.534005165100098,8.803937911987305,0.712734580039978,-1.3705347776412964,-1.8618026971817017
0.18997451663017273,-7.636785984039307,8.45659351348877,0.6072734594345093,-1.4451032876968384,-2.3273231983184814
0.8583130240440369,-5.670097827911377,7.620571613311768,0.5113997459411621,-1.3982316255569458,-2.527592658996582
0.8199853897094727,-4.747838497161865,7.234899520874023,0.27384597063064575,-1.3353811502456665,-2.8173444271087646
0.25944340229034424,-2.704495429992676,6.937860488891602,0.17477647960186005,-1.2821179628372192,-2.9015002250671387
0.22590669989585876,-0.5054463148117065,7.237295150756836,0.23549650609493256,-1.2064841985702515,-2.8929781913757324
0.4151495099067688,0.644383430480957,7.474447727203369,0.49435555934906006,-0.7974230647087097,-2.800300121307373
0.5684601068496704,2.7308452129364014,7.246877193450928,0.6839724183082581,-0.030433248728513718,-2.50309157371521
-0.34900814294815063,4.764606475830078,6.31264066696167,0.6466882228851318,0.3786279857158661,-2.2367756366729736
-0.9191320538520813,5.7898712158203125,6.017996788024902,0.32071757316589355,0.9325649738311768,-1.5315710306167603
-1.685685157775879,7.761350154876709,6.592911720275879,-0.17889103293418884,0.8494744300842285,-0.8625854849815369
-0.5334600210189819,8.90159797668457,7.970311641693115,-0.4121837615966797,0.6790322661399841,-0.6782948970794678
0.5037822127342224,9.098027229309082,8.880593299865723,-0.6774343848228455,0.3743669092655182,-0.655924379825592
1.9362784624099731,8.475202560424805,10.401721954345703,-0.5272322297096252,0.1943373680114746,-1.1789687871932983
0.9828779697418213,6.503724098205566,11.474896430969238,-0.19380472600460052,0.2742321491241455,-1.302539348602295
-0.5765786170959473,6.242616653442383,12.310918807983398,0.24614913761615753,0.37543219327926636,-0.9882866144180298
-2.0234477519989014,5.2724480628967285,12.473811149597168,0.4837028980255127,0.42869535088539124,-0.7304928302764893
-2.6127355098724365,4.503499507904053,12.10730266571045,0.8746546506881714,0.48835012316703796,-0.07215995341539383
-3.8008928298950195,3.2985737323760986,11.304818153381348,1.01526939868927,0.41378167271614075,0.32518336176872253
-3.8440115451812744,2.965602159500122,11.120366096496582,1.01526939868927,0.10165943950414658,1.130522608757019
-1.9180465936660767,1.6049702167510986,9.287824630737305,0.8480230569839478,0.007916239090263844,1.2125478982925415
-1.4293689727783203,1.1642022132873535,8.923711776733398,0.4496144652366638,-0.30207544565200806,1.2487668991088867
-0.9263184666633606,0.33776217699050903,8.516480445861816,0.25041016936302185,-0.3990144431591034,1.2466363906860352
-0.5502283573150635,0.03832733631134033,8.468570709228516,-0.041472043842077255,-0.5311071872711182,1.1592847108840942
0.5061776638031006,-0.1700792908668518,8.904548645019531,-0.18208682537078857,-0.6695914268493652,0.9227962493896484
1.1313976049423218,-0.2922486960887909,9.409994125366211,-0.2236321121454239,-0.7558777928352356,0.7928341031074524
1.2248212099075317,-0.22996625304222107,9.575282096862793,-0.23534999787807465,-0.7675957083702087,0.6213266849517822
1.2607533931732178,-0.08384206891059875,9.716615676879883,-0.11390996724367142,-0.5918272137641907,0.5041475892066956
1.3493860960006714,-0.12456521391868591,9.560909271240234,-0.04040677845478058,-0.4022102355957031,0.4434276223182678
1.3781318664550781,-0.1892431378364563,9.251893043518066,0.0735764279961586,-0.048542726784944534,0.35394546389579773
1.1266065835952759,0.15331031382083893,9.56570053100586,0.1481448858976364,-0.0038016592152416706,0.3464886248111725
0.9158045053482056,0.4239993691444397,9.972931861877441,0.3047386109828949,-0.09434906393289566,0.39122968912124634
0.8726859092712402,0.6300105452537537,10.068750381469727,0.41552603244781494,-0.173178568482399,0.3933602273464203
0.9900643825531006,0.7689483165740967,10.023237228393555,0.45813655853271484,-0.15933014452457428,0.2900296449661255
1.4212504625320435,0.7425980567932129,9.462695121765137,0.4549407660961151,-0.1348290890455246,0.2325054258108139
1.718289852142334,0.606055736541748,9.141700744628906,0.40487340092658997,-0.31592386960983276,0.12171801179647446
1.5649791955947876,0.6898974776268005,9.208773612976074,0.3558712601661682,-0.6312419772148132,-0.08813890814781189
1.7566174268722534,0.6012648344039917,9.170446395874023,0.39209023118019104,-0.7004840970039368,-0.0497894212603569
1.416459560394287,1.310326337814331,9.944186210632324,0.38250285387039185,0.24333949387073517,-0.1158357635140419
2.3602778911590576,1.276789665222168,8.027802467346191,0.45281025767326355,0.4926111698150635,-0.058311525732278824
1.7087079286575317,1.0037052631378174,8.411079406738281,0.46772393584251404,0.4169774651527405,0.09189063310623169
0.2762117385864258,1.34865403175354,9.259078979492188,0.4378965497016907,0.19327209889888763,0.35714125633239746
0.21872025728225708,1.7966086864471436,9.71422004699707,0.3942207396030426,0.11657313257455826,0.24315805733203888
1.212843894958496,1.5666427612304688,9.553723335266113,0.3558712601661682,0.12296471744775772,0.11532643437385559
1.9051371812820435,0.7569708824157715,9.201587677001953,0.11512169986963272,0.13255207240581512,-0.009309403598308563
1.8572275638580322,0.8000895380973816,8.95724868774414,-0.21937105059623718,-0.047477465122938156,0.06525904685258865
1.0882790088653564,1.3031399250030518,8.573972702026367,-0.32909321784973145,-0.14548172056674957,0.10680432617664337
0.863103985786438,1.4540550708770752,9.105768203735352,-0.39513954520225525,-0.24881228804588318,0.12491380423307419
0.973296046257019,1.391772747039795,9.498626708984375,-0.3866174519062042,-0.11565432697534561,0.05993272736668587
1.3949002027511597,1.1570158004760742,9.587259292602539,-0.39087849855422974,0.07076679915189743,0.0024084937758743763
1.974605917930603,1.2192983627319336,8.985994338989258,-0.4015311300754547,0.5565269589424133,-0.15205472707748413
2.099170684814453,1.2288801670074463,8.619486808776855,-0.32376688718795776,0.8420175909996033,-0.3693684935569763
2.3099730014801025,0.7210386991500854,8.59792709350586,-0.25345948338508606,0.721642792224884,-0.42902326583862305
1.5553972721099854,0.6515698432922363,10.231643676757812,-0.05958152562379837,0.17835840582847595,-0.3097137212753296
0.1348784863948822,0.912676990032196,11.537178993225098,0.0693153664469719,-0.2051364779472351,-0.11690102517604828
-0.16934727132320404,1.1162927150726318,11.594670295715332,0.08103326708078384,-0.1859617382287979,-0.08920417726039886
0.45108169317245483,1.2576258182525635,10.248412132263184,0.0639890506863594,0.08568047732114792,-0.09985680878162384
0.8846632838249207,1.2312755584716797,9.66631031036377,0.026704827323555946,0.31577742099761963,-0.05191994830965996
0.9661095142364502,1.1809706687927246,9.271056175231934,0.01285639964044094,0.3264300525188446,0.005604284815490246
0.6451154351234436,1.49717378616333,9.733384132385254,0.026704827323555946,0.10272469371557236,0.12491380423307419
0.5133641362190247,1.6552753448486328,10.159778594970703,0.08209853619337082,-0.10926275700330734,0.14195802807807922
0.6115787625312805,1.6001794338226318,10.63408374786377,0.09168589860200882,-0.13269856572151184,0.11319590359926224
1.100256323814392,1.3366765975952148,10.286739349365234,0.08955537527799606,-0.05813010036945343,0.036496926099061966
1.2966855764389038,1.3055355548858643,9.972931861877441,0.12897013127803802,0.037743620574474335,0.004539020825177431
1.3589680194854736,1.3654224872589111,9.659124374389648,0.1726459413766861,0.07289732247591019,0.013061130419373512
1.0739060640335083,1.4540550708770752,9.857948303222656,0.22803963720798492,0.11337734013795853,0.05460640788078308
0.9469457864761353,1.4828009605407715,9.889089584350586,0.2291049212217331,0.09952890127897263,0.08123800158500671
1.0188100337982178,1.5474789142608643,9.757338523864746,0.23017017543315887,0.050526782870292664,0.08017273247241974
1.0188100337982178,1.3414676189422607,9.7932710647583,0.2429533451795578,-0.10713221877813339,0.05886746197938919
0.9780869483947754,1.238461971282959,9.788479804992676,0.27810701727867126,-0.2200501710176468,0.020517975091934204
0.9996463060379028,1.3294901847839355,9.716615676879883,0.3089996576309204,-0.22750701010227203,-0.003983087372034788
1.138584017753601,1.3606314659118652,9.486649513244629,0.2802375555038452,-0.01125850435346365,-0.06363784521818161
1.2487760782241821,1.34865403175354,9.22314739227295,0.11086065322160721,0.2273605316877365,-0.07429048418998718
1.4691600799560547,1.535501480102539,8.423057556152344,-0.058516260236501694,0.22203421592712402,0.005604284815490246
0.992459774017334,1.68402099609375,8.399102210998535,-0.11390996724367142,0.17409735918045044,0.03330113738775253
0.7433300614356995,1.6816256046295166,8.66739559173584,-0.10432258993387222,0.037743620574474335,0.02264850214123726
0.7097933292388916,1.5211286544799805,9.232728958129883,-0.03827625513076782,0.014307822100818157,-0.03167993947863579
0.9134089946746826,1.4780099391937256,9.692660331726074,-0.032949935644865036,0.08461522310972214,-0.06044205650687218
1.0858834981918335,1.386981725692749,9.354898452758789,-0.053189944475889206,0.16557525098323822,-0.07429048418998718
1.0427649021148682,1.4181230068206787,9.110559463500977,-0.12136680632829666,0.24973107874393463,-0.07215995341539383
0.9253864288330078,1.4756145477294922,9.000367164611816,-0.12136680632829666,0.22096894681453705,-0.0732252225279808
0.7361436486244202,1.4828009605407715,9.259078979492188,-0.07556048035621643,0.20818579196929932,-0.07215995341539383
0.6546973586082458,1.5091512203216553,9.522582054138184,-0.0031225536949932575,0.19646789133548737,-0.08174733072519302
0.6235561370849609,1.4875917434692383,9.702242851257324,0.018182719126343727,0.20712052285671234,-0.10731365531682968
0.7888441681861877,1.4612414836883545,9.704638481140137,0.05653220787644386,0.2518616020679474,-0.1584463119506836
0.8056125044822693,1.4229140281677246,9.618400573730469,0.1342964619398117,0.33921322226524353,-0.19040420651435852
0.657092809677124,1.3941681385040283,9.584864616394043,0.2003428041934967,0.42336905002593994,-0.22023159265518188
0.5996013283729553,1.4109365940093994,9.618400573730469,0.32497861981391907,0.5586574673652649,-0.2479284405708313
0.7265617251396179,1.386981725692749,9.659124374389648,0.4038081169128418,0.47556695342063904,-0.272429496049881
0.45587265491485596,1.5067555904388428,9.893880844116211,0.44428813457489014,0.35625743865966797,-0.30225688219070435
0.27142077684402466,1.4492642879486084,10.195711135864258,0.49542081356048584,0.18794578313827515,-0.3810863792896271
0.3073529601097107,1.3893771171569824,10.305903434753418,0.41978707909584045,0.015373085625469685,-0.38747796416282654
0.04145484417676926,1.5331058502197266,10.05677318572998,0.33563125133514404,-0.07943537086248398,-0.3427368998527527
-0.17653369903564453,1.7510945796966553,9.867530822753906,0.13855750858783722,-0.26479122042655945,-0.19679579138755798
-0.6173017621040344,2.184676170349121,9.443531036376953,0.00966060720384121,-0.565195620059967,-0.12435787171125412
-0.7227028012275696,2.22300386428833,9.398016929626465,-0.024427825585007668,-0.7612041234970093,-0.1019873395562172
-0.5166916847229004,2.0816705226898193,9.893880844116211,0.00007323696627281606,-1.3407074213027954,0.031170610338449478
-0.6795842051506042,2.134371042251587,10.265179634094238,-0.2843521535396576,-0.43842917680740356,-0.008244141936302185
-1.2808493375778198,2.0888569355010986,10.811348915100098,-0.36211639642715454,0.7035332918167114,-0.17016421258449554
3.1196446418762207,2.4841110706329346,4.580709457397461,0.5849029421806335,0.9815670847892761,0.1100001111626625
1.1936800479888916,1.5307104587554932,8.08289909362793,1.0930335521697998,0.5895500779151917,0.28150755167007446
-1.424578070640564,3.356065273284912,12.18635368347168,1.162275791168213,0.3370826840400696,-0.10305260121822357
0.31693488359451294,1.705580472946167,11.798286437988281,0.5806418657302856,0.2731668949127197,-0.17122946679592133
0.9469457864761353,1.5786199569702148,9.100977897644043,0.14068803191184998,0.1954026222229004,0.032235872000455856
-1.31199049949646,3.2746188640594482,6.5258378982543945,-0.6007354259490967,-0.19341857731342316,0.4167960286140442
-2.241436243057251,3.866302013397217,6.221612453460693,-0.6018006801605225,-0.4213849604129791,0.31879177689552307
-0.6508384346961975,3.2698278427124023,8.178718566894531,-0.39407429099082947,-0.4139281213283539,0.21652647852897644
0.9086180925369263,2.1990489959716797,10.662829399108887,-0.1575857698917389,-0.22750701010227203,0.25807175040245056
0.9277819395065308,2.2972636222839355,10.478377342224121,-0.19806577265262604,-0.07410905510187149,0.5382360816001892
-0.7250983119010925,3.118912696838379,8.765610694885254,-0.20126156508922577,-0.1018059030175209,0.5563455820083618
-0.413686066865921,2.8098959922790527,9.180027961730957,-0.1948699951171875,-0.3553386330604553,0.5254529118537903
0.285793662071228,2.579930067062378,9.599237442016602,-0.2886132001876831,-0.7857051491737366,0.5776508450508118
-0.05436430498957634,2.7308452129364014,9.927417755126953,-0.3866174519062042,-1.0509557723999023,0.5648676753044128
0.11092371493577957,2.321218490600586,9.63516902923584,-0.5389501452445984,-1.3194022178649902,0.4775160551071167
0.3648444414138794,1.9858512878417969,9.453112602233887,-0.4345543086528778,-1.1212631464004517,0.33050966262817383
1.1697251796722412,1.5115466117858887,9.251893043518066,-0.3067226707935333,-0.9476252198219299,0.24102753400802612
1.9817925691604614,1.0779650211334229,9.941790580749512,-0.08408258855342865,-0.5683913826942444,0.13237065076828003
2.130311965942383,0.9989142417907715,10.028027534484863,-0.04253730922937393,0.33814796805381775,0.056736934930086136
1.9602330923080444,1.1330609321594238,8.688955307006836,-0.0393415167927742,0.6992722749710083,-0.0497894212603569
2.5974302291870117,0.8623719811439514,7.917611122131348,-0.04679836332798004,0.7823628187179565,-0.21703580021858215
2.5902438163757324,0.912676990032196,8.509294509887695,-0.07342994958162308,0.3594532310962677,-0.2841474115848541
1.7733858823776245,1.0635921955108643,10.116660118103027,-0.11604049056768417,0.1336173415184021,-0.31504005193710327
1.2296122312545776,1.0683830976486206,10.200502395629883,-0.21191421151161194,-0.24029017984867096,-0.35338953137397766
1.140979528427124,1.1306655406951904,10.083124160766602,-0.31950584053993225,-0.3372291326522827,-0.3086484670639038
0.8726859092712402,1.3941681385040283,9.429158210754395,-0.3365500569343567,-0.314858615398407,-0.2521894872188568
0.7385390996932983,1.6456935405731201,9.158469200134277,-0.29713529348373413,-0.1870269924402237,-0.1531199812889099
0.8343582153320312,1.8301453590393066,9.261474609375,-0.16823840141296387,-0.031498514115810394,-0.186143159866333
1.382922887802124,1.8013994693756104,9.31417465209961,-0.09366995841264725,-0.0016711325151845813,-0.2244926542043686
1.7302671670913696,1.68402099609375,9.747756958007812,-0.00951413530856371,-0.04215114563703537,-0.23727580904960632
1.6248661279678345,1.7103712558746338,9.719011306762695,0.0693153664469719,-0.14548172056674957,-0.17122946679592133
1.0786970853805542,2.031365394592285,9.901067733764648,0.10127327591180801,-0.09434906393289566,-0.12009682506322861
1.0188100337982178,2.211026430130005,9.616004943847656,0.18010279536247253,-0.05706483870744705,-0.09346523135900497
1.1697251796722412,2.184676170349121,9.457903861999512,0.23230071365833282,-0.07730484753847122,-0.11050944775342941
1.514674186706543,2.0050151348114014,9.862739562988281,0.18969015777111053,-0.05386904627084732,-0.07109469175338745
1.2080528736114502,2.057715654373169,9.431553840637207,0.03416166827082634,-0.044281672686338425,0.05141061916947365
1.02839195728302,2.2349812984466553,9.180027961730957,-0.1096489205956459,0.007916239090263844,0.15900224447250366
0.8894542455673218,2.337986707687378,9.08181381225586,-0.14480260014533997,0.042004674673080444,0.18456856906414032
1.100256323814392,2.1152071952819824,9.251893043518066,-0.14586786925792694,0.08461522310972214,0.1760464608669281
1.27033531665802,1.9547102451324463,9.4555082321167,-0.11710575968027115,0.1293562799692154,0.1803075075149536
1.3541771173477173,1.7415125370025635,9.802852630615234,-0.1192362830042839,0.12722575664520264,0.1909601390361786
1.2152392864227295,1.6480889320373535,9.889089584350586,-0.011644662357866764,-0.024041667580604553,0.16965487599372864
1.1481659412384033,1.6480889320373535,10.075937271118164,0.08955537527799606,-0.004866922739893198,0.13556644320487976
1.4236459732055664,1.430100440979004,10.567009925842285,0.21099543571472168,0.03987414762377739,0.09934747964143753
1.4811373949050903,1.3510496616363525,10.598151206970215,0.3984818160533905,0.18261946737766266,0.04714956507086754
1.4883239269256592,1.3223037719726562,10.480772972106934,0.4378965497016907,0.26357951760292053,0.040757983922958374
1.3972957134246826,1.4851963520050049,9.850762367248535,0.4123302400112152,0.2710363566875458,0.04395377263426781
1.2272167205810547,1.6744391918182373,9.249497413635254,0.3409575819969177,0.28595003485679626,0.04395377263426781
1.1817026138305664,1.7510945796966553,9.026718139648438,0.3196522891521454,0.28062373399734497,0.02690955623984337
1.2439850568771362,1.7918176651000977,8.873407363891602,0.3058038651943207,0.17516261339187622,-0.01463572308421135
1.275126338005066,1.8085858821868896,8.964435577392578,0.2823680639266968,0.045200467109680176,-0.0018525603227317333
1.0403693914413452,1.9547102451324463,9.15128231048584,0.2099301666021347,0.11657313257455826,0.07697694003582001
0.8846632838249207,2.146348476409912,8.751237869262695,0.16518910229206085,0.18261946737766266,0.09721694886684418
1.0475558042526245,2.2349812984466553,8.344006538391113,0.08635958284139633,0.2465352863073349,0.07697694003582001
1.1529568433761597,2.189467191696167,8.279328346252441,0.08849010616540909,0.17516261339187622,0.04182324558496475
1.1912845373153687,2.0888569355010986,8.763215065002441,0.11831749230623245,0.13468259572982788,0.032235872000455856
1.0906744003295898,2.0768795013427734,9.271056175231934,0.17477647960186005,0.17303209006786346,0.05460640788078308
1.02839195728302,2.100834369659424,9.318965911865234,0.15134067833423615,0.3488005995750427,0.08976010978221893
0.9828779697418213,2.1583259105682373,8.911734580993652,0.10020800679922104,0.4308258891105652,0.07697694003582001
1.2176347970962524,2.172698736190796,8.542831420898438,0.00007323696627281606,0.43721747398376465,-0.00504835182800889
1.311058521270752,2.1918625831604004,8.609904289245605,-0.04360257089138031,0.25292688608169556,-0.06044205650687218
1.1577478647232056,2.0553202629089355,9.141700744628906,-0.07875626534223557,0.08568047732114792,-0.07961679995059967
0.8966406583786011,1.964292049407959,9.501022338867188,-0.10112679749727249,0.05691836401820183,-0.08813890814781189
0.8511266112327576,1.9882469177246094,9.297407150268555,-0.10751838237047195,0.049461521208286285,-0.11370523273944855
0.8774768710136414,1.9954333305358887,9.23033332824707,-0.10112679749727249,0.03561309352517128,-0.1350105106830597
0.8559175729751587,1.854099988937378,9.388435363769531,-0.10645312815904617,-0.07410905510187149,-0.18294736742973328
0.7696803212165833,1.7582809925079346,9.39322566986084,-0.12349734455347061,-0.17424383759498596,-0.23088422417640686
0.6259515881538391,1.6576707363128662,9.477067947387695,-0.1522594392299652,-0.19767963886260986,-0.24473264813423157
0.5085731744766235,1.49717378616333,9.18242359161377,-0.24280685186386108,-0.34575125575065613,-0.27349478006362915
0.22830218076705933,1.4708235263824463,9.139305114746094,-0.2183057814836502,-0.9220588803291321,-0.30225688219070435
0.00312718003988266,1.386981725692749,9.510603904724121,-0.09686575084924698,-1.514345407485962,-0.24686318635940552
-1.2976176738739014,1.3821907043457031,11.8749418258667,-0.024427825585007668,-0.40966707468032837,-0.11690102517604828
-2.2174816131591797,1.2839760780334473,12.763664245605469,0.270650178194046,0.8739754557609558,-0.40132638812065125
3.325655698776245,3.037466526031494,4.365116596221924,0.658406138420105,0.9762407541275024,0.1483495980501175
-1.6593348979949951,1.5450832843780518,10.871235847473145,0.6339050531387329,0.6928806900978088,0.41360023617744446
-2.4857752323150635,4.129804611206055,10.059168815612793,0.24508388340473175,0.1293562799692154,0.41892653703689575
-1.7527586221694946,3.7010140419006348,9.735779762268066,-0.27156898379325867,-0.07623957842588425,0.18669909238815308
0.5516917705535889,2.8242690563201904,8.267351150512695,-0.5464069843292236,-0.04108588397502899,0.15367591381072998
0.7121888399124146,2.783545732498169,6.923487663269043,-0.9075313210487366,0.09739837795495987,0.2048085778951645
0.3337032198905945,2.8530147075653076,6.990561008453369,-0.708327054977417,0.17835840582847595,0.1856338232755661
0.6067878007888794,2.6326305866241455,9.000367164611816,-0.47929537296295166,0.22949105501174927,0.1621980369091034
1.1361885070800781,2.0720887184143066,11.072456359863281,-0.030819406732916832,0.2273605316877365,0.16752435266971588
1.0140191316604614,1.959501028060913,11.740795135498047,0.12044801563024521,0.18261946737766266,0.13769696652889252
0.8295673131942749,1.7918176651000977,11.518014907836914,0.10340379923582077,0.0867457464337349,0.0961516872048378
1.3637590408325195,1.6816256046295166,10.92393684387207,0.014986926689743996,-0.24029017984867096,0.0002779667265713215
1.4356234073638916,1.5762245655059814,11.010173797607422,-0.14693313837051392,-0.1635911911725998,0.04288851097226143
1.2080528736114502,1.3342812061309814,10.629292488098145,-0.24387210607528687,0.09526785463094711,0.10360853374004364
0.8846632838249207,1.34865403175354,8.760819435119629,-0.3258974254131317,0.41484692692756653,0.11426116526126862
0.8918497562408447,1.221693754196167,8.451803207397461,-0.2332194745540619,0.6939459443092346,-0.0007872967980802059
1.2200303077697754,1.221693754196167,8.700932502746582,-0.12562786042690277,0.5938111543655396,-0.07429048418998718
1.2918946743011475,1.0923378467559814,10.873631477355957,0.07890274375677109,0.24547000229358673,-0.2585810720920563
1.0930699110031128,0.8911176919937134,11.065269470214844,0.17797225713729858,-0.13802486658096313,-0.40026113390922546
0.5181550979614258,0.7593663930892944,10.864049911499023,0.19395121932029724,-0.2946186065673828,-0.4460674822330475
0.2690252959728241,0.9725639820098877,10.341835021972656,0.16092804074287415,-0.4757134020328522,-0.5067874789237976
0.23788407444953918,1.128270149230957,10.011259078979492,0.018182719126343727,-0.4693218171596527,-0.4972001314163208
0.18039259314537048,1.501964807510376,9.029112815856934,-0.029754143208265305,-0.4693218171596527,-0.460981160402298
0.039059363305568695,1.9786648750305176,8.669791221618652,-0.07875626534223557,-0.35427334904670715,-0.3597811162471771
-0.039991430938243866,2.0768795013427734,8.679373741149902,-0.10006154328584671,-0.12630698084831238,-0.2958652973175049
-0.0759236067533493,2.0265746116638184,8.526062965393066,-0.05958152562379837,-0.01551955845206976,-0.2894737124443054
0.36005347967147827,2.0481338500976562,8.74644660949707,-0.03827625513076782,0.02815624698996544,-0.2852126657962799
0.403172105550766,2.1152071952819824,9.038695335388184,-0.03188467398285866,0.06970153003931046,-0.2766905725002289
0.35526254773139954,2.1439530849456787,8.993181228637695,-0.06597311049699783,0.1804889291524887,-0.24686318635940552
0.31693488359451294,2.1990489959716797,8.791960716247559,-0.011644662357866764,0.07396257668733597,-0.1350105106830597
0.08936440199613571,2.2685179710388184,9.180027961730957,0.0022037639282643795,0.02709098532795906,-0.021027304232120514
-0.1406015306711197,2.371523380279541,9.709428787231445,-0.022297298535704613,0.02389519289135933,0.0034737575333565474
0.1420649290084839,2.2733089923858643,9.266265869140625,-0.07342994958162308,0.015373085625469685,0.024779029190540314
0.30256199836730957,2.2469587326049805,9.211169242858887,-0.11817102879285812,0.01963414065539837,0.07910747081041336
0.352867066860199,2.2349812984466553,9.170446395874023,-0.14480260014533997,0.024960458278656006,0.12171801179647446
0.2738162577152252,2.278099775314331,9.206378936767578,-0.2044573575258255,0.0814194306731224,0.21013489365577698
0.26662981510162354,2.2517495155334473,9.208773612976074,-0.25452476739883423,0.11657313257455826,0.29216018319129944
0.24027955532073975,2.0720887184143066,9.273451805114746,-0.27156898379325867,0.1378783881664276,0.31879177689552307
0.249861478805542,1.7966086864471436,9.491440773010254,-0.2939395308494568,0.16877104341983795,0.3454233705997467
0.29777103662490845,1.6385068893432617,9.596841812133789,-0.2747647762298584,0.19114157557487488,0.31985703110694885
