inOut
1.6536118984222412,0.9941232800483704,8.90933895111084,0.22803963720798492,0.31471216678619385,-0.016766250133514404
1.402086615562439,1.0611966848373413,9.187214851379395,0.16838489472866058,0.4734364449977875,-0.08174733072519302
1.174516201019287,1.0396373271942139,9.532163619995117,0.08849010616540909,0.36584481596946716,-0.13714103400707245
1.030787467956543,0.9893323183059692,9.965744972229004,0.10873012989759445,-0.19235330820083618,-0.15098945796489716
0.7073978781700134,1.3773999214172363,9.254287719726562,0.018182719126343727,-0.00699745025485754,-0.06044205650687218
0.762493908405304,1.458846092224121,9.347711563110352,-0.022297298535704613,0.03561309352517128,-0.03381046652793884
0.8822678327560425,1.2528350353240967,9.328548431396484,-0.014840453863143921,0.0015246589900925756,-0.03807152062654495
0.8032169938087463,1.3199083805084229,9.512999534606934,-0.030819406732916832,-0.018715348094701767,-0.05191994830965996
0.8223808407783508,1.3390722274780273,9.32375717163086,-0.08408258855342865,-0.013389031402766705,-0.0732252225279808
0.6858385801315308,1.4061455726623535,9.421971321105957,-0.0627773180603981,-0.02617219276726246,-0.0359409935772419
0.6139742136001587,1.3989591598510742,9.592050552368164,0.026704827323555946,-0.005932186730206013,0.007734811864793301
0.6379290223121643,1.3750042915344238,9.491440773010254,0.02137850783765316,-0.018715348094701767,0.024779029190540314
0.6163697242736816,1.4037501811981201,9.469881057739258,-0.0009920265292748809,-0.03682482987642288,0.03756219148635864
0.7864486575126648,1.3223037719726562,9.529767990112305,0.02457430027425289,-0.024041667580604553,0.019452709704637527
0.9277819395065308,1.2312755584716797,9.757338523864746,0.05440167710185051,-0.03256377577781677,0.0034737575333565474
0.9134089946746826,1.2336711883544922,9.76692008972168,0.11831749230623245,-0.051738519221544266,-0.017831511795520782
0.8678949475288391,1.315117359161377,9.81482982635498,0.18755963444709778,-0.10926275700330734,-0.007178878877311945
0.760098397731781,1.4540550708770752,9.968140602111816,0.21845227479934692,-0.15719962120056152,0.007734811864793301
0.8175898790359497,1.5043601989746094,9.92502212524414,0.21738702058792114,-0.10606696456670761,0.0631285160779953
0.9421547651290894,1.557060718536377,9.32375717163086,0.0831637904047966,0.024960458278656006,0.10254327207803726
1.0212055444717407,1.5211286544799805,8.897361755371094,-0.016970980912446976,0.0537225715816021,0.1100001111626625
1.0475558042526245,1.5235240459442139,8.894966125488281,-0.18634788691997528,0.024960458278656006,0.09189063310623169
1.0427649021148682,1.3965637683868408,9.548932075500488,-0.20552262663841248,-0.31272807717323303,0.0024084937758743763
1.0739060640335083,1.0851514339447021,10.617315292358398,-0.13734576106071472,-0.5918272137641907,-0.07961679995059967
0.9996463060379028,0.8959086537361145,11.201811790466309,0.14494909346103668,-1.1702653169631958,-0.21810106933116913
0.7577029466629028,1.1378519535064697,11.50843334197998,0.5145955681800842,-1.5122148990631104,-0.20425264537334442
0.5948103666305542,1.3989591598510742,10.883213996887207,0.7010166645050049,-1.5292590856552124,-0.17975157499313354
0.796030580997467,1.557060718536377,10.315485000610352,0.9683977961540222,-1.3992968797683716,-0.13714103400707245
1.5194650888442993,1.8996140956878662,9.752547264099121,1.0685325860977173,-1.387579083442688,-0.4215663969516754
2.8010458946228027,0.9581910967826843,9.608819007873535,1.1026209592819214,-1.4067537784576416,-0.6644464731216431
2.7076222896575928,1.2312755584716797,10.037610054016113,1.1431009769439697,-1.5974359512329102,-0.534484326839447
1.5074876546859741,2.5871164798736572,8.226628303527832,0.6839724183082581,-1.1180673837661743,0.0727158859372139
2.21415376663208,3.4734437465667725,6.303058624267578,0.3899596929550171,-0.850686252117157,0.22185279428958893
2.6357579231262207,3.2003591060638428,5.9197821617126465,-0.13628049194812775,-0.3659912645816803,0.39868655800819397
2.69804048538208,2.5607662200927734,6.779758930206299,-0.36105111241340637,-0.27331334352493286,0.44662341475486755
3.3711698055267334,2.2541451454162598,8.406289100646973,-0.38768270611763,-0.3979491591453552,0.37205496430397034
3.627485990524292,1.9068005084991455,9.141700744628906,-0.33335426449775696,-0.7867704629898071,0.15048013627529144
3.682582139968872,1.6912076473236084,9.81482982635498,-0.20232683420181274,-0.963604211807251,0.020517975091934204
3.5077121257781982,2.0505292415618896,9.014739990234375,-0.1522594392299652,-0.8016841411590576,0.04714956507086754
3.661022901535034,2.876969575881958,7.203758716583252,-0.05425520986318588,0.13255207240581512,0.23357069492340088
3.895779609680176,2.8146870136260986,7.354673862457275,-0.0627773180603981,0.4872848689556122,0.25807175040245056
3.512503147125244,2.0265746116638184,8.928503036499023,-0.04040677845478058,0.4073900878429413,0.22611384093761444
3.6346726417541504,1.8037950992584229,9.316570281982422,0.006464818026870489,0.2369479089975357,0.1195874884724617
4.029926300048828,1.8061904907226562,9.268660545349121,-0.04573310166597366,0.08354995399713516,-0.028484150767326355
3.8215198516845703,1.909196138381958,9.110559463500977,-0.07556048035621643,0.05478784069418907,-0.04233257845044136
3.270559787750244,2.1966536045074463,9.026718139648438,-0.12030155211687088,0.07396257668733597,0.04395377263426781
3.4166839122772217,2.2134218215942383,8.559598922729492,-0.2087184190750122,0.43295642733573914,0.09402116388082504
3.7831921577453613,2.0816705226898193,7.651712894439697,-0.2651773989200592,1.0039377212524414,0.08976010978221893
3.6250905990600586,1.8828458786010742,8.061339378356934,-0.25559002161026,1.1530746221542358,0.08017273247241974
3.3999156951904297,1.7630717754364014,8.736865043640137,-0.2332194745540619,1.0252429246902466,0.03436639904975891
2.961543083190918,1.612156629562378,9.56570053100586,-0.2470678985118866,0.7578617334365845,-0.017831511795520782
2.8992605209350586,1.4133319854736328,9.357294082641602,-0.2896784543991089,0.7472091317176819,-0.10411786288022995
2.9256107807159424,1.3558404445648193,8.799147605895996,-0.3131142556667328,0.8420175909996033,-0.15098945796489716
2.686063051223755,1.4037501811981201,8.547621726989746,-0.4207058846950531,1.0465482473373413,-0.16590315103530884
2.0416793823242188,1.7415125370025635,8.624277114868164,-0.5048617124557495,1.0039377212524414,-0.12435787171125412
1.814108967781067,1.8612864017486572,9.165655136108398,-0.5006006360054016,0.5522658824920654,-0.12009682506322861
1.548210859298706,1.7918176651000977,10.344230651855469,-0.46118590235710144,0.2742321491241455,-0.11796629428863525
1.303871989250183,1.4013545513153076,10.138219833374023,-0.36211639642715454,0.00045939546544104815,-0.025288358330726624
1.2463805675506592,1.446868658065796,9.733384132385254,-0.33761531114578247,-0.019780611619353294,0.10147800296545029
1.9219053983688354,1.5450832843780518,8.772796630859375,-0.39087849855422974,0.0771583691239357,0.08230326324701309
2.4321422576904297,1.4109365940093994,7.891260623931885,-0.5165796279907227,0.30405953526496887,0.013061130419373512
2.7986505031585693,1.386981725692749,7.385814666748047,-0.6444112062454224,0.5820932388305664,-0.07215995341539383
2.8010458946228027,1.4564507007598877,7.699622631072998,-0.6902175545692444,0.8739754557609558,-0.16377262771129608
1.8620185852050781,1.4875917434692383,9.508209228515625,-0.4856869578361511,0.7695796489715576,-0.07429048418998718
0.8535220623016357,1.5211286544799805,10.590965270996094,-0.37596482038497925,0.646009087562561,0.010930603370070457
0.7840532064437866,1.6528799533843994,10.468795776367188,-0.3354848027229309,0.486219584941864,0.11213064193725586
1.346990704536438,1.909196138381958,9.39322566986084,-0.5559943318367004,0.5256342887878418,-0.017831511795520782
1.9937697649002075,2.278099775314331,8.4877347946167,-0.725371241569519,0.60872483253479,-0.1254231333732605
2.113543748855591,2.7044949531555176,8.420661926269531,-1.0715819597244263,0.8654533624649048,-0.2564505636692047
1.5553972721099854,3.509375810623169,8.787169456481934,-1.2665252685546875,1.0923545360565186,-0.261776864528656
0.8080079555511475,3.3369014263153076,10.464004516601562,-1.2665252685546875,1.0167208909988403,-0.2852126657962799
0.7864486575126648,3.7273643016815186,11.446150779724121,-1.1035399436950684,0.10805102437734604,-0.318235844373703
2.1183345317840576,4.889171600341797,12.895415306091309,-0.7903523445129395,-0.05813010036945343,-0.5579200983047485
2.4704699516296387,4.033985614776611,11.139530181884766,-0.7061965465545654,-0.03682482987642288,-0.7059917449951172
2.659712791442871,3.9812850952148438,10.840094566345215,-0.452663779258728,-0.013389031402766705,-1.0426150560379028
1.1361885070800781,4.026799201965332,11.759958267211914,0.01285639964044094,-0.2573343813419342,-1.0490065813064575
0.08696893602609634,3.4015793800354004,12.284568786621094,0.33030495047569275,-0.22644175589084625,-1.0266361236572266
0.2762117385864258,2.8625965118408203,11.4868745803833,0.8288483023643494,0.15918366611003876,-0.9840255379676819
0.30495747923851013,2.177489757537842,8.978808403015137,0.8671978116035461,0.5117858648300171,-0.7539286017417908
-0.9742280840873718,2.515252113342285,7.582243919372559,0.6850377321243286,0.5021985173225403,-0.5206359028816223
-1.5347700119018555,2.9129016399383545,7.431328773498535,0.17584173381328583,0.19859841465950012,0.12597906589508057
-1.5611202716827393,2.8961331844329834,7.644526481628418,-0.17889103293418884,0.14533524215221405,0.5829771757125854
-0.26995736360549927,1.6001794338226318,7.730763912200928,-0.22895842790603638,0.31471216678619385,0.6160003542900085
0.44389522075653076,0.8216488361358643,8.106853485107422,-0.20552262663841248,0.5416132211685181,0.5126698017120361
0.30256199836730957,-0.6300112009048462,8.868616104125977,-0.19806577265262604,0.43828272819519043,0.5542150735855103
-0.7634259462356567,-1.952315330505371,9.100977897644043,-0.15865102410316467,0.42336905002593994,0.6213266849517822
-0.8999682068824768,-2.5439984798431396,9.3093843460083,0.1353617161512375,0.4819585382938385,0.622391939163208
-0.8855953216552734,-3.7034101486206055,10.171756744384766,0.49115973711013794,0.591680645942688,0.7395709156990051
-2.686995267868042,-4.778979778289795,9.860343933105469,0.5433576703071594,0.7290996313095093,1.0208004713058472
-3.5469720363616943,-5.179024696350098,9.560909271240234,0.37717652320861816,1.0113945007324219,1.7441145181655884
-3.15411376953125,-5.885691165924072,9.87711238861084,0.11938276141881943,0.7578617334365845,1.9358619451522827
-0.7155163884162903,-7.255904674530029,12.126466751098633,0.11192590743303299,0.44254380464553833,1.7568976879119873
0.22590669989585876,-7.727814197540283,13.228386878967285,0.3846333920955658,-0.1870269924402237,1.259419560432434
0.28339818120002747,-8.309915542602539,13.966194152832031,0.6360355615615845,-0.5737177133560181,0.8887078166007996
0.4750364422798157,-8.319497108459473,12.890625,0.6903640031814575,-0.7388335466384888,0.6511540412902832
1.3757363557815552,-7.73260498046875,12.423506736755371,0.6850377321243286,-1.107414722442627,-0.04233257845044136
2.3986055850982666,-6.474978923797607,11.084433555603027,0.38143759965896606,-1.2693347930908203,-0.685751736164093
1.3326177597045898,-5.770708084106445,9.175237655639648,0.12151328474283218,-1.2608126401901245,-0.8753686547279358
0.7696803212165833,-5.2772393226623535,8.511690139770508,-0.4111185073852539,-1.047760009765625,-1.0032002925872803
-0.2531890273094177,-4.146573543548584,8.631464004516602,-0.6550638675689697,-0.8453599214553833,-0.8487370610237122
-0.4328499138355255,-3.205150604248047,9.7932710647583,-0.6774343848228455,-0.7782483100891113,-0.7411454319953918
-0.13581058382987976,-3.018303155899048,9.92502212524414,-0.7338933944702148,-0.5129976868629456,-0.6516633033752441
0.39359018206596375,-3.047049045562744,8.851847648620605,-0.7520028352737427,-0.1348290890455246,-0.7869517803192139
0.7768667340278625,-2.486506938934326,8.631464004516602,-0.6934133768081665,-0.016584821045398712,-0.8998697400093079
0.7481210231781006,-2.160722017288208,8.581158638000488,-0.45159852504730225,0.31471216678619385,-1.0990740060806274
0.9996463060379028,-1.885241985321045,8.085294723510742,-0.026558352634310722,0.8175165057182312,-1.247145652770996
0.40556758642196655,-0.7282257676124573,8.154763221740723,0.2344312220811844,0.9240428805351257,-1.1874909400939941
-0.38733580708503723,0.1365419626235962,8.243395805358887,0.7031471729278564,0.780232310295105,-0.8348886370658875
-0.6508384346961975,1.7175579071044922,7.620571613311768,0.8022167086601257,0.8239080905914307,-0.5398106575012207
-0.004059255123138428,2.4769246578216553,5.967691421508789,0.5763808488845825,1.0412219762802124,-0.5376800894737244
0.55648273229599,3.0063252449035645,5.177183628082275,-0.20126156508922577,1.0827672481536865,-0.8242360353469849
1.1146292686462402,4.549013614654541,5.323307991027832,-0.9746429324150085,0.6065943241119385,-1.0255708694458008
-0.23402518033981323,5.605419635772705,5.938945770263672,-1.3091357946395874,0.5373522043228149,-0.965916097164154
-1.0987929105758667,5.847362995147705,6.238380432128906,-1.8470938205718994,0.5970069766044617,-0.6782948970794678
-2.0905210971832275,6.290526390075684,8.11404037475586,-2.096365213394165,0.4926111698150635,-0.3757600784301758
-1.8557641506195068,6.546842575073242,10.926332473754883,-2.058015823364258,0.2880805730819702,-0.2521894872188568
-1.494046926498413,6.391136646270752,12.389969825744629,-1.6223232746124268,-0.10500169545412064,-0.12435787171125412
-0.48315495252609253,5.638956069946289,14.184183120727539,-0.8489418625831604,-0.051738519221544266,-0.20425264537334442
0.5780420303344727,4.795747756958008,14.802216529846191,0.011791134253144264,0.040939413011074066,-0.35765060782432556
-0.9622506499290466,5.1957926750183105,14.795029640197754,0.32497861981391907,0.04733099415898323,-0.25432002544403076
-1.9755381345748901,5.60062837600708,14.315934181213379,0.5891639590263367,-0.09115327149629593,0.27192017436027527
-2.9217522144317627,5.821012496948242,13.307437896728516,0.6616019010543823,-0.44801655411720276,0.7779204249382019
-1.9300240278244019,4.640041828155518,12.665449142456055,0.734039843082428,-0.5619997978210449,0.8887078166007996
-1.2041939496994019,4.170527935028076,12.418715476989746,0.9247220158576965,-0.7100714445114136,0.9345141649246216
-0.605324387550354,3.7968332767486572,11.340749740600586,0.9715936183929443,-0.7143325209617615,0.9781899452209473
-0.42326799035072327,3.827974557876587,9.663914680480957,0.9257872700691223,-0.6663956642150879,1.0176047086715698
-0.39931321144104004,3.7824604511260986,9.005158424377441,0.8064777851104736,-0.6141977310180664,1.118804693222046
-0.6292791366577148,3.403974771499634,8.454197883605957,0.809673547744751,-0.7367030382156372,1.2860511541366577
-1.180239200592041,2.750009059906006,8.396706581115723,0.834174633026123,-0.7846398949623108,1.4192091226577759
-1.2497080564498901,2.2206082344055176,8.303282737731934,0.8533493280410767,-0.6791788339614868,1.6929818391799927
-0.2220478057861328,0.7976940274238586,7.510379791259766,0.8160651326179504,-0.07304378598928452,1.6887208223342896
1.7111034393310547,-0.2587119936943054,6.784549713134766,0.8149998784065247,0.33282163739204407,1.5214743614196777
2.676481008529663,-0.5126327276229858,6.964210510253906,0.8906335830688477,1.0348303318023682,0.9717983603477478
3.011848211288452,-1.346259355545044,7.6972270011901855,0.922591507434845,1.2436219453811646,0.6692635416984558
2.2812271118164062,-1.7726545333862305,7.857724189758301,0.6328397989273071,1.2201862335205078,0.331574946641922
-1.4149961471557617,-2.5919079780578613,7.644526481628418,-0.028688879683613777,0.5618532299995422,0.5169308185577393
-2.725322961807251,-2.9656026363372803,7.7355546951293945,-0.454794317483902,0.20712052285671234,0.6255877017974854
-2.9193568229675293,-3.2626421451568604,7.874492645263672,-0.46438169479370117,0.232686847448349,0.5691287517547607
-1.3766684532165527,-3.229105234146118,9.484253883361816,-0.4867522120475769,0.486219584941864,0.6298487782478333
-1.0963975191116333,-3.430325508117676,10.131032943725586,-0.8393544554710388,0.5693100690841675,1.1443710327148438
-3.379288673400879,-4.575364112854004,9.867530822753906,-0.9224449992179871,0.48408907651901245,1.2998995780944824
-4.026067733764648,-5.753939628601074,10.76583480834961,-0.5549290776252747,0.36264902353286743,0.916404664516449
-2.33486008644104,-6.175543785095215,12.10730266571045,0.31113019585609436,0.15492260456085205,0.10786958783864975
0.9613186120986938,-6.752854347229004,14.457267761230469,0.621121883392334,0.07396257668733597,-0.07748627662658691
0.2762117385864258,-6.42227840423584,14.641719818115234,0.7095387578010559,0.15066155791282654,0.036496926099061966
-1.345527172088623,-6.240221977233887,13.328997611999512,0.5305745005607605,0.259318470954895,0.06525904685258865
-2.241436243057251,-5.732380390167236,11.252117156982422,0.5039429068565369,0.1804889291524887,-0.06576837599277496
-0.7250983119010925,-5.729984760284424,11.664139747619629,0.524182915687561,-0.14335119724273682,-0.4972001314163208
-0.10946030914783478,-5.789871692657471,12.23426342010498,0.37185022234916687,-0.4277765452861786,-0.8700423240661621
0.13008755445480347,-5.471273422241211,12.164794921875,0.24401859939098358,-0.49488815665245056,-1.0149182081222534
-0.3250533938407898,-4.680765151977539,11.048501968383789,-0.05105941742658615,-0.565195620059967,-1.2258403301239014
-0.5190871357917786,-4.287906646728516,10.76583480834961,-0.2236321121454239,-0.5843703746795654,-1.2791035175323486
-1.0436969995498657,-3.679455280303955,10.013654708862305,-0.3962048292160034,-0.6717219948768616,-1.3249099254608154
-1.2257533073425293,-3.399184226989746,9.762129783630371,-0.5879522562026978,-0.8251199126243591,-1.3962825536727905
-1.0460923910140991,-3.056630849838257,9.520186424255371,-0.9703819155693054,-1.2011579275131226,-1.6689900159835815
-0.7298892736434937,-2.8242695331573486,9.009949684143066,-0.8926176428794861,-1.7582907676696777,-2.010939836502075
-0.08550552278757095,-2.5200436115264893,8.902153015136719,-0.687021791934967,-1.9404507875442505,-2.17499041557312
0.5540872812271118,-1.6672534942626953,9.589654922485352,-0.23108895123004913,-1.5132801532745361,-2.3315842151641846
0.6379290223121643,-1.0588018894195557,8.923711776733398,0.023509034886956215,-0.3521428406238556,-2.1046831607818604
-0.1525789201259613,0.32578474283218384,6.604888916015625,0.11192590743303299,0.17303209006786346,-1.922522783279419
-0.5646012425422668,2.6062803268432617,5.998832702636719,0.2344312220811844,0.7141859531402588,-1.515592098236084
-0.4520137310028076,4.065126895904541,6.583329677581787,0.37185022234916687,0.4052595794200897,-1.004265546798706
-0.6388610601425171,5.979114055633545,8.142786026000977,0.3888944387435913,0.0345478318631649,-0.7241012454032898
-2.152803659439087,6.247407913208008,9.656728744506836,0.18436384201049805,-0.3372291326522827,-0.27456003427505493
-2.42828369140625,6.082119941711426,9.460299491882324,-0.26304686069488525,-0.3468165099620819,-0.10518312454223633
-1.4485328197479248,6.046187400817871,7.915215492248535,-0.46544694900512695,-0.4171239137649536,-0.10944417864084244
0.06301414221525192,6.089306354522705,7.867306232452393,-0.5911480784416199,-0.5577387809753418,-0.12861892580986023
0.4271268844604492,6.0366058349609375,8.633859634399414,-0.32376688718795776,-0.5556082129478455,-0.0007872967980802059
0.17799711227416992,5.52397346496582,10.435258865356445,-0.16397733986377716,-0.4000796973705292,0.06419377774000168
0.012709096074104309,4.496313095092773,10.593360900878906,0.07996799796819687,0.11657313257455826,0.10254327207803726
0.11811015754938126,3.95493483543396,10.157383918762207,0.2610628008842468,0.5043290257453918,0.023713767528533936
0.5013867020606995,3.13568115234375,9.709428787231445,0.33137020468711853,0.6289648413658142,-0.01037466898560524
0.5253415107727051,2.656585454940796,10.013654708862305,0.45707130432128906,0.7163164615631104,0.019452709704637527
0.3337032198905945,2.4338059425354004,10.164569854736328,0.5657281875610352,0.6396175026893616,0.2282443642616272
-0.3442172110080719,1.92596435546875,10.473587036132812,0.5806418657302856,0.5490700602531433,0.4125349819660187
-1.4030187129974365,1.49717378616333,10.555032730102539,0.5231176614761353,0.1954026222229004,0.8290530443191528
-1.8126455545425415,1.4133319854736328,10.543055534362793,0.44428813457489014,-0.20726700127124786,1.0612804889678955
-1.623402714729309,1.1067107915878296,10.684389114379883,0.43470075726509094,-0.36279547214508057,1.0570194721221924
-0.159765362739563,0.5294004678726196,10.725111961364746,0.43363550305366516,-0.5151281952857971,0.9217309951782227
0.48701387643814087,0.13414648175239563,10.564615249633789,0.413395494222641,-0.47251760959625244,0.832248866558075
0.7792622447013855,-0.40244072675704956,10.116660118103027,0.3899596929550171,-0.41179758310317993,0.7800509333610535
1.2152392864227295,-0.2587119936943054,9.704638481140137,0.3430880904197693,-0.2988796532154083,0.5584760904312134
1.7590129375457764,-0.16049736738204956,9.568096160888672,0.3196522891521454,-0.3414902091026306,0.2697896659374237
2.477656364440918,-0.13414710760116577,9.44113540649414,0.3228480815887451,-0.41925445199012756,0.17391592264175415
2.290809154510498,0.011977076530456543,9.719011306762695,0.24401859939098358,-0.5374987721443176,0.15154539048671722
1.8572275638580322,0.21080179512500763,9.702242851257324,-0.01910150796175003,-0.4043407440185547,0.18456856906414032
1.2942900657653809,0.6204286217689514,9.021926879882812,-0.21297946572303772,-0.014454294927418232,0.08017273247241974
2.1782217025756836,0.8144623637199402,7.625362873077393,-0.21937105059623718,-0.04108588397502899,0.031170610338449478
1.881182312965393,0.570123553276062,9.024322509765625,-0.2183057814836502,-0.2903575599193573,0.22504858672618866
1.4499962329864502,0.6803156137466431,9.4555082321167,-0.2523942291736603,-0.36812180280685425,0.3124001920223236
0.695420503616333,1.2863717079162598,9.450716972351074,-0.2278931587934494,-0.1635911911725998,0.19735172390937805
1.382922887802124,0.9294453263282776,8.928503036499023,-0.1948699951171875,-0.05706483870744705,0.1291748583316803
2.185408115386963,0.6779201030731201,9.024322509765625,-0.12136680632829666,-0.009127977304160595,0.08976010978221893
2.06563401222229,0.7378070950508118,9.239914894104004,-0.014840453863143921,-0.16891752183437347,0.12384854257106781
1.718289852142334,0.9342362880706787,9.869926452636719,0.016052192077040672,-0.22111542522907257,0.12278328090906143
1.6703802347183228,0.9030950665473938,10.107078552246094,-0.03188467398285866,-0.19448384642601013,0.03436639904975891
1.7853631973266602,0.7617618441581726,9.692660331726074,-0.18634788691997528,0.06437521427869797,-0.1392715573310852
2.389023780822754,0.7018749117851257,8.85663890838623,-0.2982005774974823,0.4063248336315155,-0.25964635610580444
2.7172043323516846,0.711456835269928,7.999057292938232,-0.27263423800468445,0.4308258891105652,-0.26390740275382996
1.845250129699707,0.7234342098236084,8.976412773132324,-0.1384110152721405,0.2710363566875458,-0.19359999895095825
1.3541771173477173,0.7905076146125793,9.654333114624023,-0.07023415714502335,0.14640049636363983,-0.13181471824645996
0.7505164742469788,0.8695583939552307,10.351417541503906,0.007530079688876867,-0.012323767878115177,-0.032745204865932465
0.5900194048881531,0.9198634624481201,10.349021911621094,-0.01910150796175003,0.1527920812368393,-0.02315783128142357
0.8822678327560425,0.8456035852432251,9.53455924987793,-0.041472043842077255,0.27742794156074524,-0.03381046652793884
1.1649342775344849,0.7665528059005737,8.969225883483887,-0.053189944475889206,0.486219584941864,-0.01889677718281746
1.1266065835952759,0.8000895380973816,8.98838996887207,0.04587956890463829,0.4574574828147888,0.005604284815490246
0.9229909181594849,0.9078860282897949,9.740570068359375,0.11405644565820694,0.39034587144851685,0.004539020825177431
0.8439401388168335,0.7905076146125793,10.454422950744629,0.23762701451778412,0.22629527747631073,0.015191657468676567
0.7026069164276123,0.6898974776268005,10.598151206970215,0.24934493005275726,0.23162159323692322,0.04395377263426781
0.6379290223121643,0.6012648344039917,10.28194808959961,0.1492101401090622,0.2742321491241455,0.045019038021564484
0.8247763514518738,0.6228240728378296,9.575282096862793,0.08529431372880936,0.2518616020679474,0.0301053486764431
1.033182978630066,0.7234342098236084,9.443531036376953,-0.029754143208265305,0.1804889291524887,-0.0018525603227317333
1.02839195728302,0.7833211421966553,9.438739776611328,-0.04786362498998642,0.09739837795495987,-0.013570459559559822
0.9517366886138916,0.8527900576591492,9.788479804992676,-0.048928890377283096,0.008981502614915371,-0.01889677718281746
0.8535220623016357,0.87674480676651,9.901067733764648,-0.04786362498998642,0.03561309352517128,-0.03381046652793884
0.8487311005592346,0.840812623500824,9.668705940246582,0.022443773224949837,-0.005932186730206013,-0.04233257845044136
0.9421547651290894,0.8671629428863525,9.869926452636719,0.06079326197504997,-0.019780611619353294,-0.032745204865932465
0.8918497562408447,0.879140317440033,10.0352144241333,0.09062064439058304,0.026025719940662384,-0.003983087372034788
0.827171802520752,0.8983041644096375,10.023237228393555,0.0927511677145958,0.04839625582098961,0.006669548340141773
0.8080079555511475,0.943818211555481,9.848366737365723,0.0735764279961586,0.09420258551836014,0.02158323861658573
0.9325728416442871,1.018078088760376,9.520186424255371,0.06505431979894638,0.08994153887033463,0.013061130419373512
0.9397592544555664,1.0252645015716553,9.486649513244629,0.05546693876385689,0.09207206219434738,0.01412639394402504
0.9900643825531006,0.9677730202674866,9.414785385131836,0.026704827323555946,0.06863626092672348,0.020517975091934204
1.0044372081756592,0.9821459054946899,9.479463577270508,-0.020166771486401558,0.029221512377262115,0.032235872000455856
0.9062225818634033,0.9246544241905212,9.4555082321167,-0.03188467398285866,-0.024041667580604553,0.05460640788078308
0.8798723220825195,0.9342362880706787,9.474672317504883,-0.03614572808146477,-0.020845875144004822,0.05886746197938919
0.724166214466095,0.912676990032196,9.498626708984375,-0.037210989743471146,0.016438350081443787,0.045019038021564484
0.8056125044822693,0.8911176919937134,9.601632118225098,-0.024427825585007668,0.05478784069418907,-0.007178878877311945
0.8295673131942749,0.8168578743934631,9.50341796875,-0.030819406732916832,0.06863626092672348,-0.012505196034908295
1.0403693914413452,0.7593663930892944,9.558513641357422,-0.024427825585007668,0.029221512377262115,-0.015700984746217728
0.899036169052124,0.7138522863388062,9.491440773010254,-0.03188467398285866,0.02282993122935295,-0.029549412429332733
0.7696803212165833,0.7186432480812073,9.63516902923584,-0.041472043842077255,0.01963414065539837,-0.04233257845044136
0.8391491770744324,0.7809256911277771,9.690265655517578,-0.04573310166597366,0.014307822100818157,-0.052985213696956635
0.8439401388168335,0.7905076146125793,9.580073356628418,-0.05105941742658615,0.0537225715816021,-0.057246264070272446
0.8319627642631531,0.8072759509086609,9.553723335266113,-0.04040677845478058,0.0345478318631649,-0.037006258964538574
0.8415446877479553,0.840812623500824,9.54174518585205,-0.0393415167927742,0.04306994006037712,-0.03487573191523552
0.6235561370849609,0.847999095916748,9.570491790771484,-0.048928890377283096,0.057983625680208206,-0.028484150767326355
0.6834430694580078,0.912676990032196,9.649541854858398,-0.04679836332798004,0.06437521427869797,-0.024223096668720245
0.6714656949043274,0.8935132026672363,9.544140815734863,-0.05638573318719864,0.06437521427869797,-0.01037466898560524
0.6882340312004089,0.9198634624481201,9.625587463378906,-0.053189944475889206,0.03561309352517128,0.006669548340141773
0.5900194048881531,0.9078860282897949,9.539350509643555,-0.041472043842077255,0.045200467109680176,-0.0029178238473832607
0.5540872812271118,0.8935132026672363,9.577677726745605,-0.03188467398285866,0.062244679778814316,-0.009309403598308563
0.6762566566467285,0.8959086537361145,9.63516902923584,-0.0031225536949932575,0.0675710067152977,0.0002779667265713215
0.7073978781700134,0.8312307596206665,9.50341796875,0.008595345541834831,0.09846364706754684,0.019452709704637527
0.6427199840545654,0.8264397978782654,9.54174518585205,-0.0009920265292748809,0.11976892501115799,0.029040083289146423
0.5588781833648682,0.8384171724319458,9.618400573730469,-0.007383609656244516,0.12296471744775772,0.031170610338449478
0.5588781833648682,0.8575810194015503,9.491440773010254,-0.021232035011053085,0.13681313395500183,0.027974821627140045
0.6139742136001587,0.8623719811439514,9.515395164489746,-0.03508046269416809,0.13148681819438934,0.011995866894721985
0.6139742136001587,0.7641573548316956,9.532163619995117,-0.04786362498998642,0.11976892501115799,0.00986533798277378
0.5900194048881531,0.7282251715660095,9.546536445617676,-0.08408258855342865,0.10485523194074631,0.019452709704637527
0.6067878007888794,0.7905076146125793,9.592050552368164,-0.10325733572244644,0.12083417922258377,0.024779029190540314
0.55648273229599,0.812066912651062,9.568096160888672,-0.10858365148305893,0.15066155791282654,0.02158323861658573
0.5133641362190247,0.8216488361358643,9.520186424255371,-0.086213119328022,0.19220682978630066,-0.0018525603227317333
0.5397143959999084,0.7929030656814575,9.522582054138184,-0.07023415714502335,0.17516261339187622,-0.008244141936302185
0.6043922901153564,0.7066658735275269,9.620796203613281,-0.037210989743471146,0.07502784579992294,-0.01889677718281746
0.5085731744766235,0.6324059963226318,9.704638481140137,-0.007383609656244516,0.026025719940662384,-0.03381046652793884
0.4223359227180481,0.637196958065033,9.867530822753906,0.0022037639282643795,0.017503613606095314,-0.041267313063144684
0.42952239513397217,0.6419879198074341,9.9393949508667,-0.00205729017034173,0.03135203942656517,-0.041267313063144684
0.5085731744766235,0.6803156137466431,9.802852630615234,-0.02762361615896225,0.040939413011074066,-0.0263536237180233
0.4798274040222168,0.6875020265579224,9.726197242736816,-0.04040677845478058,0.03561309352517128,-0.02741888538002968
0.35526254773139954,0.6851065158843994,9.584864616394043,-0.04999415576457977,-0.022976402193307877,-0.04659363254904747
0.3816128075122833,0.6827110648155212,9.592050552368164,-0.04253730922937393,-0.08156589418649673,-0.06576837599277496
0.43670880794525146,0.6683381795883179,9.66631031036377,-0.04573310166597366,-0.09328379482030869,-0.07215995341539383
