inOut
0.5852285027503967,3.114121913909912,9.043485641479492,-0.12669312953948975,0.03987414762377739,-0.040202051401138306
0.6163697242736816,3.059025764465332,9.278243064880371,-0.1671731323003769,0.037743620574474335,-0.040202051401138306
0.6666747331619263,2.4409923553466797,9.774106979370117,-0.19380472600460052,0.045200467109680176,-0.037006258964538574
0.43191784620285034,2.876969575881958,9.239914894104004,-0.020166771486401558,0.0537225715816021,0.015191657468676567
0.827171802520752,2.6278398036956787,9.136909484863281,-0.030819406732916832,0.0814194306731224,-0.00504835182800889
0.5756465792655945,2.711681365966797,9.37166690826416,0.018182719126343727,0.012177295051515102,-0.007178878877311945
0.6738612055778503,2.6422126293182373,9.048276901245117,0.014986926689743996,-0.002736395690590143,0.008800074458122253
0.6283470988273621,2.656585454940796,8.974017143249512,0.04587956890463829,0.0015246589900925756,-0.009309403598308563
0.5732510685920715,2.9584157466888428,9.244706153869629,0.00007323696627281606,-0.013389031402766705,-0.013570459559559822
0.5349234342575073,2.991952419281006,9.203983306884766,-0.004187817219644785,0.0441352017223835,-0.007178878877311945
0.47024548053741455,2.9679975509643555,9.211169242858887,-0.006318346131592989,0.024960458278656006,-0.007178878877311945
0.45826810598373413,2.927274465560913,9.491440773010254,-0.04999415576457977,0.011112031526863575,0.0002779667265713215
0.3648444414138794,2.7763593196868896,9.594446182250977,-0.04679836332798004,0.0015246589900925756,0.004539020825177431
0.5804375410079956,2.625444173812866,9.443531036376953,-0.030819406732916832,-0.010193240828812122,0.017322182655334473
0.827171802520752,2.508065700531006,9.156073570251465,0.006464818026870489,-0.03789009153842926,0.03436639904975891
0.8487311005592346,2.481715440750122,9.017135620117188,0.01711745373904705,-0.03469430282711983,0.032235872000455856
0.7648893594741821,2.584721088409424,8.962039947509766,0.00966060720384121,-0.030433248728513718,0.016256919130682945
0.49420028924942017,2.7476136684417725,9.366875648498535,-0.021232035011053085,-0.018715348094701767,-0.007178878877311945
0.3337032198905945,2.6661672592163086,9.639960289001465,-0.026558352634310722,0.008981502614915371,0.0002779667265713215
0.23309314250946045,2.3739190101623535,10.552637100219727,-0.013775189407169819,-0.044281672686338425,-0.0029178238473832607
0.2570479214191437,2.3308002948760986,10.789790153503418,0.006464818026870489,-0.36279547214508057,-0.032745204865932465
-0.011245690286159515,2.4385969638824463,10.63408374786377,-0.0393415167927742,-1.15428626537323,-0.20425264537334442
0.9852733612060547,3.6650819778442383,9.584864616394043,-0.11284469813108444,-1.5218021869659424,-0.2564505636692047
1.4931148290634155,3.5956130027770996,9.175237655639648,-0.06384257972240448,-1.5665433406829834,-0.03807152062654495
2.044074773788452,3.2913873195648193,8.81591510772705,0.019247980788350105,-1.3620127439498901,0.08336852490901947
2.5782666206359863,2.6422126293182373,8.209859848022461,-0.06703837215900421,-1.320467472076416,0.010930603370070457
2.427351236343384,2.4026646614074707,7.8505377769470215,-0.22150157392024994,-1.2714653015136719,-0.03807152062654495
2.3698599338531494,2.4026646614074707,8.169136047363281,-0.2758300304412842,-1.2011579275131226,-0.03061467781662941
2.731577157974243,2.4553651809692383,8.832683563232422,-0.21617525815963745,-1.0008883476257324,0.007734811864793301
3.083712577819824,2.2733089923858643,8.768006324768066,-0.057450998574495316,-0.6972882747650146,-0.05405047535896301
3.1795315742492676,2.383500814437866,8.526062965393066,0.007530079688876867,-0.5353682041168213,-0.11263997107744217
2.702831268310547,2.761986494064331,8.250582695007324,0.016052192077040672,-0.2530733346939087,-0.19786106050014496
1.9266964197158813,3.003929853439331,8.717700958251953,-0.04360257089138031,-0.15933014452457428,-0.12116207927465439
1.9099280834197998,2.965602159500122,9.0674409866333,-0.05425520986318588,-0.16998277604579926,-0.044463105499744415
2.693249464035034,2.5703482627868652,9.584864616394043,-0.011644662357866764,-0.2520080804824829,0.0631285160779953
2.9926843643188477,2.388291835784912,9.575282096862793,0.0501406230032444,-0.4309723377227783,0.04928009212017059
2.856142044067383,2.4793200492858887,9.481858253479004,0.08209853619337082,-0.5002145171165466,0.05034535378217697
2.499215602874756,2.8578057289123535,9.311779975891113,0.15134067833423615,-0.5449556112289429,0.12171801179647446
2.571079969406128,3.1500539779663086,9.024322509765625,0.21206070482730865,-0.5598692893981934,0.26872438192367554
2.9878933429718018,3.0566303730010986,8.844661712646484,0.19927753508090973,-0.5715872049331665,0.30494335293769836
3.560412645339966,2.6326305866241455,8.722492218017578,0.11086065322160721,-0.7217893600463867,0.21226541697978973
3.3112828731536865,2.6158623695373535,8.559598922729492,0.019247980788350105,-0.8815789222717285,0.11532643437385559
3.27535080909729,2.864992141723633,7.83376932144165,0.003269027452915907,-0.7771830558776855,0.12491380423307419
3.478966474533081,2.7356362342834473,7.692436218261719,-0.014840453863143921,-0.3766438961029053,0.17498119175434113
4.11855936050415,2.3475687503814697,7.644526481628418,-0.008448872715234756,-0.1774396300315857,0.17498119175434113
4.429971218109131,2.1822807788848877,7.716391086578369,-0.021232035011053085,-0.11245854943990707,0.12704433500766754
4.209587574005127,2.2637269496917725,8.205068588256836,-0.09366995841264725,-0.012323767878115177,-0.09133470058441162
3.8981752395629883,2.4673426151275635,8.279328346252441,-0.10006154328584671,0.050526782870292664,-0.12222734838724136
3.474175453186035,2.723658800125122,8.334424018859863,-0.09047416597604752,0.14853103458881378,-0.11157470941543579
3.1891136169433594,2.922483444213867,8.35598373413086,-0.032949935644865036,0.4244343042373657,-0.0029178238473832607
3.318469285964966,2.9416472911834717,8.42545223236084,0.016052192077040672,0.6076595783233643,0.08976010978221893
3.3448195457458496,2.7907321453094482,8.454197883605957,0.00966060720384121,0.6257690787315369,0.10893484950065613
3.4885482788085938,2.575139284133911,8.46617603302002,-0.04466783627867699,0.6055290699005127,0.08976010978221893
3.500525712966919,2.584721088409424,8.509294509887695,-0.10325733572244644,0.5757016539573669,0.03436639904975891
3.330446720123291,2.591907501220703,8.607508659362793,-0.12030155211687088,0.583158552646637,0.02690955623984337
3.098085403442383,2.524834156036377,8.81591510772705,-0.09793101996183395,0.6289648413658142,0.0535411462187767
3.1340174674987793,2.321218490600586,8.964435577392578,-0.05212467908859253,0.6715754270553589,0.0631285160779953
3.301701068878174,2.1487441062927246,8.95724868774414,-0.048928890377283096,0.646009087562561,0.04395377263426781
3.2178592681884766,2.079275131225586,9.033904075622559,-0.13201944530010223,0.4904806613922119,-0.08707364648580551
2.5950348377227783,2.4936928749084473,9.40280818939209,-0.17036892473697662,0.30512478947639465,-0.1445978730916977
2.439328670501709,2.7859413623809814,9.3093843460083,-0.11497523635625839,0.28062373399734497,-0.09453049302101135
2.3602778911590576,2.7212634086608887,8.945271492004395,-0.07023415714502335,0.3221690058708191,-0.07215995341539383
2.3147637844085693,2.5679526329040527,8.248187065124512,-0.061712052673101425,0.5181774497032166,-0.029549412429332733
2.3938145637512207,2.5487890243530273,8.128413200378418,-0.10325733572244644,0.6076595783233643,-0.0018525603227317333
2.5950348377227783,2.4242241382598877,8.538040161132812,-0.22256684303283691,0.6598575115203857,0.017322182655334473
2.638153553009033,2.2733089923858643,9.498626708984375,-0.25026369094848633,0.6779669523239136,-0.013570459559559822
2.45609712600708,2.22300386428833,9.881903648376465,-0.2044573575258255,0.6747711896896362,-0.03167993947863579
2.0033516883850098,2.3092410564422607,10.26038932800293,-0.09153943508863449,0.5735711455345154,-0.04765889421105385
1.7494310140609741,2.371523380279541,10.377767562866211,-0.08301732689142227,0.2838195264339447,0.00986533798277378
1.84764564037323,2.2589359283447266,10.143011093139648,-0.08408258855342865,0.16450998187065125,0.05034535378217697
2.2381086349487305,1.9690830707550049,9.206378936767578,-0.02336256206035614,0.22203421592712402,0.10893484950065613
2.7004358768463135,1.5283150672912598,8.45659351348877,-0.018036244437098503,0.4169774651527405,0.08869484066963196
2.779486656188965,1.6864166259765625,8.384729385375977,-0.04786362498998642,0.45958802103996277,0.04182324558496475
2.5183794498443604,1.6073658466339111,8.274537086486816,-0.08301732689142227,0.4915459156036377,-0.13394524157047272
1.6679847240447998,1.98106050491333,8.176322937011719,-0.17462998628616333,0.5682448148727417,-0.2660379409790039
1.4260414838790894,2.383500814437866,8.018220901489258,-0.266242653131485,0.6641185283660889,-0.26816844940185547
1.0236010551452637,2.711681365966797,8.67697811126709,-0.49847012758255005,0.918716549873352,-0.2244926542043686
0.2953755855560303,2.805105209350586,10.020841598510742,-0.5932785868644714,0.9975460171699524,-0.13287998735904694
0.1540423333644867,3.0901670455932617,10.483168601989746,-0.6231059432029724,0.9304344654083252,-0.04765889421105385
0.5660646557807922,2.8578057289123535,10.82332706451416,-0.6689122915267944,0.6396175026893616,-0.0061136153526604176
-0.1909065842628479,2.2373766899108887,10.679597854614258,-0.8073965311050415,0.2710363566875458,-0.13181471824645996
-0.6412565112113953,2.333195924758911,10.416094779968262,-1.0321671962738037,-0.05919536575675011,-0.16483788192272186
-0.29630762338638306,2.4002692699432373,10.820931434631348,-1.172782063484192,-0.20726700127124786,-0.15205472707748413
0.2546524405479431,2.2709133625030518,11.999506950378418,-1.189826250076294,-0.5044755935668945,-0.037006258964538574
1.0427649021148682,1.997828722000122,12.883438110351562,-1.042819857597351,-0.49595341086387634,0.06632430851459503
1.5673747062683105,1.8301453590393066,13.051121711730957,-0.44201114773750305,-0.39688390493392944,0.1898948848247528
2.472865343093872,2.218212842941284,12.871460914611816,0.35906705260276794,-0.01125850435346365,0.07697694003582001
2.108752727508545,2.838641881942749,11.364705085754395,0.9034167528152466,0.4254995882511139,-0.08387785404920578
1.6967304944992065,3.0135116577148438,10.164569854736328,1.0653367042541504,0.7844933271408081,-0.10944417864084244
1.6344480514526367,3.1548449993133545,10.001677513122559,1.0504230260849,0.8537354469299316,-0.14566314220428467
1.5410244464874268,3.593217611312866,9.618400573730469,1.0131388902664185,0.8302996754646301,-0.22236211597919464
1.1936800479888916,4.036380767822266,9.239914894104004,0.8757199048995972,0.6534659266471863,-0.3800211250782013
-0.14299701154232025,4.886775970458984,8.205068588256836,0.6083387136459351,0.5480048060417175,-0.3033221662044525
-1.0317195653915405,4.9035444259643555,7.488820552825928,0.2195175439119339,0.4830237925052643,0.040757983922958374
-0.9933918714523315,4.680764675140381,7.472052097320557,0.00966060720384121,0.41804271936416626,0.2133306860923767
-0.5190871357917786,4.405284881591797,7.759509563446045,-0.3461374342441559,0.21244683861732483,0.46579813957214355
0.24507051706314087,4.3430023193359375,6.777363300323486,-0.6859565377235413,0.30405953526496887,0.6724593043327332
0.7816576957702637,4.10345458984375,6.401273250579834,-0.9330976605415344,0.3871500790119171,0.7267877459526062
1.4835329055786133,3.224313974380493,8.346402168273926,-1.2580031156539917,0.545874297618866,0.643697202205658
1.402086615562439,2.8913424015045166,10.516705513000488,-1.0247104167938232,0.6545311808586121,0.37738126516342163
1.02839195728302,3.0159072875976562,10.229248046875,-0.821245014667511,0.4808932840824127,0.2985517680644989
-0.13101962208747864,2.6541900634765625,8.849452018737793,-0.6294975280761719,0.06437521427869797,0.33370545506477356
-0.7131208777427673,2.3068456649780273,8.123621940612793,-0.6156491041183472,-0.05067325755953789,0.4082739055156708
-1.014951229095459,1.9547102451324463,7.625362873077393,-0.5922133326530457,-0.051738519221544266,0.509473979473114
-1.0365105867385864,1.6313204765319824,7.261250019073486,-0.5453417301177979,0.05585310235619545,0.5957603454589844
-1.6066343784332275,0.8240442872047424,6.652798652648926,-0.4910132884979248,0.5171121954917908,0.7512888312339783
-2.2725775241851807,-0.7617624998092651,6.8061089515686035,-0.641215443611145,0.9815670847892761,1.0410405397415161
-2.3037188053131104,-1.731931209564209,7.476842880249023,-0.7424154877662659,1.1157903671264648,1.2253310680389404
-1.8437867164611816,-3.820788621902466,9.486649513244629,-0.7999396920204163,0.9283038973808289,1.5140175819396973
-0.5646012425422668,-4.973013877868652,10.52389144897461,-0.5591901540756226,0.23055632412433624,1.41814386844635
-0.38494032621383667,-5.387431621551514,10.205292701721191,-0.4111185073852539,-0.012323767878115177,1.2168090343475342
-1.961165189743042,-5.90725040435791,9.431553840637207,-0.24067632853984833,-0.07091326266527176,0.9504930973052979
-2.5576395988464355,-5.8761091232299805,9.965744972229004,-0.18634788691997528,-0.022976402193307877,1.133718490600586
-1.925233006477356,-5.818617820739746,10.30829906463623,-0.15438997745513916,-0.043216411024332047,1.255158543586731
0.1732061505317688,-5.868922710418701,10.574196815490723,-0.08088679611682892,-0.03789009153842926,1.2189395427703857
1.8165044784545898,-5.749148845672607,10.696366310119629,0.030965881422162056,-0.06132589280605316,0.7033519744873047
1.9841879606246948,-5.500019073486328,10.559823989868164,0.10979538410902023,-0.15080803632736206,0.31026965379714966
0.8654994368553162,-4.790957450866699,9.869926452636719,0.22803963720798492,-0.3766438961029053,-0.509983241558075
-0.9382959008216858,-3.7369468212127686,9.208773612976074,0.27917230129241943,-0.5055408477783203,-0.9701771140098572
-1.5587248802185059,-3.1308906078338623,8.871011734008789,0.29728177189826965,-0.48210498690605164,-0.9840255379676819
-2.148012638092041,-2.6326310634613037,8.135599136352539,0.2844986021518707,-0.17530909180641174,-0.7262317538261414
-1.8102500438690186,-3.217128038406372,8.037384986877441,0.10020800679922104,0.23481738567352295,-0.46630749106407166
-1.5203971862792969,-3.4351165294647217,8.542831420898438,-0.020166771486401558,0.3306911289691925,-0.44819799065589905
-1.4844650030136108,-3.854325294494629,9.651937484741211,-0.1852826178073883,0.07822363823652267,-0.6058569550514221
-1.6305891275405884,-4.043568134307861,9.9393949508667,-0.2992658317089081,-0.7878357172012329,-0.7432760000228882
-1.4916514158248901,-3.9453535079956055,9.381248474121094,-0.38129112124443054,-1.3396421670913696,-0.7390149235725403
0.09415536373853683,-3.7632970809936523,7.529543399810791,-0.7530680894851685,-2.208897352218628,-0.7209054231643677
1.3877137899398804,-3.5381221771240234,7.055238723754883,-1.1685209274291992,-2.3154237270355225,-1.0500718355178833
2.444119691848755,-3.1644275188446045,7.064820766448975,-1.2356325387954712,-2.178004741668701,-1.3387583494186401
3.0405938625335693,-2.5655577182769775,7.282809257507324,-0.9022049903869629,-1.195831537246704,-1.822387933731079
1.775781273841858,-0.11977425217628479,7.2947869300842285,-0.7392196655273438,-0.7558777928352356,-1.7329058647155762
1.2200303077697754,0.7929030656814575,7.153453350067139,-0.6401501893997192,-0.2956838607788086,-1.5635288953781128
0.8391491770744324,1.6696481704711914,6.949837684631348,-0.6891523003578186,0.5139163732528687,-1.1544677019119263
0.34088966250419617,2.872178554534912,7.373837471008301,-0.8201797008514404,0.6555964350700378,-0.8231707215309143
0.3145394027233124,3.4950029850006104,9.247101783752441,-0.8436155319213867,0.5107206106185913,-0.707056999206543
0.21872025728225708,3.7656919956207275,10.020841598510742,-0.8500071167945862,0.08994153887033463,-0.4418064057826996
0.10373728722333908,4.5849456787109375,10.68199348449707,-0.9256408214569092,0.0910067930817604,-0.14033682644367218
1.5434198379516602,5.253283977508545,10.289134979248047,-0.9757081866264343,0.3264300525188446,-0.07748627662658691
2.7555320262908936,5.442526817321777,10.653247833251953,-0.8638555407524109,0.7951459884643555,-0.2106442153453827
3.7520508766174316,4.968222141265869,12.689404487609863,-0.433489054441452,0.8548007607460022,-0.4322190582752228
2.724390745162964,4.036380767822266,13.762578964233398,-0.23961105942726135,0.8313649296760559,-0.5057222247123718
2.1949899196624756,3.8159971237182617,13.439188957214355,-0.06064678728580475,0.8761060237884521,-0.5408759117126465
1.138584017753601,3.784855842590332,13.266715049743652,0.04907536134123802,0.7141859531402588,-0.39067375659942627
-0.09029648452997208,3.5357260704040527,13.733833312988281,0.11938276141881943,0.5277647972106934,-0.25964635610580444
-0.7610304951667786,3.267432451248169,13.851211547851562,0.26958492398262024,0.09633312374353409,0.10254327207803726
-1.5491429567337036,2.613466739654541,13.55417251586914,0.48689866065979004,-0.15506908297538757,0.4317097067832947
-1.3359453678131104,2.419433116912842,13.477517127990723,0.6189913749694824,-0.18489646911621094,0.5456929206848145
-0.9287139773368835,2.3643369674682617,13.348160743713379,0.8448272347450256,-0.11245854943990707,0.706547737121582
-0.48075947165489197,2.3355913162231445,13.089448928833008,0.9279177784919739,0.2518616020679474,0.7182656526565552
0.1923699975013733,2.1655123233795166,12.068975448608398,1.0642714500427246,0.6609227657318115,0.49456027150154114
1.174516201019287,1.6912076473236084,11.254512786865234,1.1686673164367676,0.7397522926330566,0.36246758699417114
1.4140640497207642,1.5067555904388428,11.489269256591797,1.1931684017181396,0.43615221977233887,0.30068230628967285
0.8702903985977173,1.667252779006958,11.426987648010254,1.0301830768585205,0.13681313395500183,0.4029476046562195
-0.8544541597366333,2.443387746810913,10.368185997009277,0.645622968673706,-0.2722480595111847,0.7257224917411804
-1.55393385887146,2.5679526329040527,9.501022338867188,0.7500187754631042,-0.06771747022867203,1.0208004713058472
-1.9324194192886353,2.452969789505005,9.08181381225586,0.9449620246887207,0.30512478947639465,1.137979507446289
-1.88930082321167,2.141557455062866,9.326152801513672,0.8490883111953735,0.41910800337791443,1.0676721334457397
-0.8400812745094299,1.200134515762329,9.764525413513184,0.4421576261520386,0.6065943241119385,0.7001561522483826
0.5349234342575073,-0.10540138185024261,8.21465015411377,0.4549407660961151,0.834560751914978,0.5329098105430603
1.0451604127883911,-0.7330167293548584,7.19417667388916,1.1921031475067139,1.3639967441558838,0.5872382521629333
0.6834430694580078,-1.4157280921936035,7.419351577758789,0.8032819628715515,0.029221512377262115,-0.2820168733596802
-0.18372014164924622,-1.248044729232788,9.18242359161377,0.5667934417724609,1.5908979177474976,-0.5973348617553711
-2.4905660152435303,-1.303140640258789,11.27607250213623,0.8011514544487,1.0081987380981445,-0.37362954020500183
-0.6795842051506042,-0.47909605503082275,7.000143051147461,0.8842419981956482,0.7003375291824341,-0.15525051951408386
-1.146702527999878,2.5727436542510986,11.949201583862305,0.9353746771812439,-0.17637436091899872,0.2527454197406769
-2.5863852500915527,1.8013994693756104,11.934828758239746,0.6690587401390076,-0.5726524591445923,0.546758234500885
-3.060689926147461,1.650484323501587,11.807868003845215,0.469854474067688,-0.6951577663421631,0.6586108803749084
-2.385164976119995,2.0720887184143066,10.358603477478027,-0.061712052673101425,-0.913536787033081,0.7640720009803772
-1.3239679336547852,2.5679526329040527,8.753633499145508,-0.5772996544837952,-0.9359073638916016,0.6032171845436096
-0.7107254266738892,2.711681365966797,8.322446823120117,-0.7040659785270691,-0.8389683365821838,0.4594065546989441
0.6283470988273621,2.685331106185913,7.541521072387695,-0.6273670196533203,-0.4405597150325775,0.30174756050109863
1.8979507684707642,2.3475687503814697,8.075712203979492,-0.4878174960613251,-0.27437859773635864,0.3827075958251953
1.7685948610305786,1.9786648750305176,8.770401954650879,-0.34294164180755615,-0.18063542246818542,0.5403666496276855
0.21632477641105652,1.089942455291748,10.1813383102417,-0.2236321121454239,-0.08050063997507095,0.7257224917411804
-0.6652113199234009,1.0252645015716553,10.605338096618652,-0.029754143208265305,0.1432047039270401,0.9899078607559204
-1.0820245742797852,1.0108916759490967,10.586174011230469,0.19288595020771027,0.24333949387073517,0.7970951795578003
-1.010160207748413,1.089942455291748,10.40890884399414,0.3089996576309204,0.18474999070167542,0.546758234500885
0.40556758642196655,1.5043601989746094,10.135824203491211,0.49115973711013794,-0.09328379482030869,0.001343230251222849
2.5854530334472656,2.057715654373169,10.456818580627441,0.47731131315231323,-0.20939753949642181,-0.2575158178806305
2.973520517349243,1.83254075050354,10.590965270996094,0.37824180722236633,-0.11778486520051956,-0.29693058133125305
2.5351479053497314,1.3630268573760986,10.195711135864258,0.10979538410902023,0.15918366611003876,-0.3565853238105774
1.514674186706543,1.3007445335388184,8.844661712646484,-0.11497523635625839,0.17942367494106293,-0.30225688219070435
1.6272616386413574,1.5690381526947021,8.329633712768555,-0.18741314113140106,0.11231207102537155,-0.22023159265518188
1.2607533931732178,1.688812017440796,8.24100112915039,-0.2321542203426361,-0.09861011058092117,-0.04765889421105385
0.38640376925468445,1.854099988937378,8.921317100524902,-0.09899627417325974,-0.3755786418914795,-0.007178878877311945
0.33609870076179504,2.0122015476226807,9.283034324645996,-0.024427825585007668,-0.38623127341270447,-0.040202051401138306
0.5540872812271118,1.9930379390716553,10.174152374267578,0.05546693876385689,-0.10926275700330734,-0.08707364648580551
1.2823127508163452,1.6768345832824707,10.121451377868652,0.04801009222865105,0.04306994006037712,-0.05085468664765358
1.5338380336761475,1.5690381526947021,9.616004943847656,-0.008448872715234756,-0.02936798334121704,-0.007178878877311945
1.3901093006134033,1.5762245655059814,9.053068161010742,-0.1522594392299652,0.06863626092672348,0.02264850214123726
0.8678949475288391,1.9283599853515625,9.18242359161377,-0.14586786925792694,0.01324255857616663,-0.04552836716175079
0.8942452073097229,1.9187779426574707,8.806333541870117,-0.13947628438472748,-0.01765008457005024,-0.0593767948448658
1.2272167205810547,1.7151622772216797,9.180027961730957,-0.18315209448337555,0.05265730991959572,0.036496926099061966
1.0619287490844727,1.5834109783172607,9.491440773010254,-0.14693313837051392,0.15918366611003876,0.18882961571216583
0.8127989172935486,1.7031848430633545,9.34052562713623,-0.09686575084924698,0.16024893522262573,0.22398331761360168
0.4989912509918213,2.0002243518829346,9.227937698364258,-0.0052530826069414616,0.06863626092672348,0.20374330878257751
0.7888441681861877,1.930755376815796,9.913044929504395,-0.007383609656244516,-0.051738519221544266,0.10360853374004364
0.9852733612060547,1.7151622772216797,10.078332901000977,-0.030819406732916832,-0.14228592813014984,0.05034535378217697
1.3877137899398804,1.3726089000701904,10.047191619873047,-0.10645312815904617,-0.23176807165145874,-0.01889677718281746
1.5577927827835083,1.2576258182525635,9.848366737365723,-0.22895842790603638,-0.07943537086248398,-0.07215995341539383
1.5338380336761475,1.2648124694824219,9.774106979370117,-0.29074373841285706,0.07076679915189743,-0.12861892580986023
1.60570228099823,1.3127219676971436,9.242310523986816,-0.3738342821598053,0.19220682978630066,-0.2383410781621933
1.850041151046753,0.951004683971405,8.732073783874512,-0.3024616241455078,0.08461522310972214,-0.28840845823287964
1.888368844985962,0.8887222409248352,8.827893257141113,-0.2183057814836502,0.016438350081443787,-0.2809516191482544
1.5434198379516602,0.9270498752593994,9.524977684020996,-0.13628049194812775,-0.035759568214416504,-0.25538527965545654
1.198470950126648,1.0396373271942139,10.200502395629883,-0.06703837215900421,-0.044281672686338425,-0.22023159265518188
0.9948552846908569,1.0947333574295044,10.195711135864258,0.03735746070742607,0.02389519289135933,-0.15098945796489716
0.8583130240440369,1.1234791278839111,10.02563190460205,0.07038063555955887,0.062244679778814316,-0.10518312454223633
0.8702903985977173,1.1905524730682373,9.867530822753906,0.10127327591180801,0.062244679778814316,-0.025288358330726624
0.8127989172935486,1.391772747039795,9.606423377990723,0.0874248519539833,0.03987414762377739,-0.029549412429332733
0.7409345507621765,1.5307104587554932,9.568096160888672,0.07890274375677109,0.008981502614915371,-0.04659363254904747
0.956527590751648,1.6361114978790283,9.474672317504883,0.08635958284139633,-0.0453469380736351,-0.06257258355617523
1.1170246601104736,1.4851963520050049,9.390830039978027,0.1257743537425995,-0.05706483870744705,-0.05618100240826607
1.0499513149261475,1.446868658065796,9.419575691223145,0.130035400390625,-0.02510692924261093,-0.044463105499744415
0.9349683523178101,1.3941681385040283,9.546536445617676,0.0874248519539833,0.01963414065539837,0.0002779667265713215
0.8295673131942749,1.4324958324432373,9.436344146728516,0.059727992862463,-0.012323767878115177,0.045019038021564484
0.8367537260055542,1.501964807510376,9.333338737487793,0.06185852363705635,-0.10393644124269485,0.09402116388082504
0.7145842909812927,1.5762245655059814,9.429158210754395,0.08209853619337082,-0.2807701826095581,0.12810958921909332
0.6259515881538391,1.5474789142608643,9.790875434875488,0.0693153664469719,-0.6418945789337158,0.10360853374004364
0.9134089946746826,1.4899873733520508,10.32985782623291,-0.06064678728580475,-0.7952925562858582,0.020517975091934204
1.3350132703781128,1.480405330657959,9.723801612854004,-0.1384110152721405,-0.7175282835960388,-0.01463572308421135
1.4595781564712524,1.3031399250030518,8.818310737609863,-0.24280685186386108,-0.3617302179336548,-0.025288358330726624
1.4452053308486938,1.2815806865692139,8.559598922729492,-0.15652050077915192,0.014307822100818157,-0.011439932510256767
1.5745611190795898,1.3390722274780273,8.811124801635742,-0.029754143208265305,0.1293562799692154,-0.009309403598308563
1.7949451208114624,1.353445053100586,9.879508018493652,0.25147542357444763,0.20712052285671234,-0.021027304232120514
1.7278717756271362,1.2743942737579346,10.337044715881348,0.3473491668701172,0.16024893522262573,-0.040202051401138306
1.6727757453918457,1.183366060256958,10.430468559265137,0.2482796460390091,0.11976892501115799,0.0002779667265713215
1.6128888130187988,1.1426429748535156,10.2771577835083,0.18542911112308502,0.08461522310972214,0.023713767528533936
1.3517816066741943,1.3510496616363525,9.493836402893066,0.0693153664469719,0.07183205336332321,0.03543166443705559
1.27033531665802,1.5450832843780518,9.180027961730957,-0.013775189407169819,0.12509523332118988,0.029040083289146423
1.3901093006134033,1.6193432807922363,9.124932289123535,-0.029754143208265305,0.15492260456085205,0.029040083289146423
1.5913294553756714,1.6385068893432617,9.029112815856934,-0.011644662357866764,0.14640049636363983,0.032235872000455856
1.514674186706543,1.557060718536377,9.148886680603027,0.08529431372880936,0.07609311491250992,0.008800074458122253
1.4356234073638916,1.5307104587554932,9.32375717163086,0.1492101401090622,0.05265730991959572,-0.011439932510256767
1.3398041725158691,1.4540550708770752,9.656728744506836,0.2674543857574463,0.14426997303962708,-0.052985213696956635
1.4212504625320435,1.4181230068206787,9.7932710647583,0.3100649416446686,0.25292688608169556,-0.061507318168878555
1.5194650888442993,1.446868658065796,9.64475154876709,0.3420228362083435,0.37649744749069214,-0.06576837599277496
1.5386289358139038,1.5331058502197266,9.165655136108398,0.35906705260276794,0.486219584941864,-0.0593767948448658
1.402086615562439,1.6265296936035156,8.914130210876465,0.31113019585609436,0.5906153917312622,-0.003983087372034788
1.236798644065857,1.700789451599121,8.902153015136719,0.1630585789680481,0.4915459156036377,0.04288851097226143
0.9685050249099731,1.8253543376922607,8.95006275177002,0.08635958284139633,0.3733016550540924,0.04288851097226143
0.9804824590682983,1.7295351028442383,9.254287719726562,-0.030819406732916832,0.07609311491250992,0.0002779667265713215
0.992459774017334,1.6576707363128662,9.47227668762207,-0.10645312815904617,-0.06984800100326538,-0.058311525732278824
1.102651834487915,1.552269697189331,9.659124374389648,-0.12562786042690277,-0.07197853177785873,-0.07215995341539383
1.1481659412384033,1.6049702167510986,9.522582054138184,-0.12030155211687088,-0.00699745025485754,-0.0689641684293747
1.1122337579727173,1.6792302131652832,9.54174518585205,-0.09899627417325974,0.026025719940662384,-0.06257258355617523
1.030787467956543,1.6983940601348877,9.647146224975586,-0.06703837215900421,0.04733099415898323,-0.06257258355617523
1.030787467956543,1.6983940601348877,9.836389541625977,-0.03401520103216171,0.062244679778814316,-0.061507318168878555
0.9996463060379028,1.722348690032959,9.893880844116211,0.035226933658123016,0.03561309352517128,-0.057246264070272446
0.9661095142364502,1.6983940601348877,9.857948303222656,0.06185852363705635,0.040939413011074066,-0.06363784521818161
0.9852733612060547,1.6864166259765625,9.594446182250977,0.05866273120045662,0.0345478318631649,-0.06576837599277496
0.9158045053482056,1.7295351028442383,9.508209228515625,0.019247980788350105,0.01963414065539837,-0.048724159598350525
0.7816576957702637,1.7870266437530518,9.37166690826416,-0.02336256206035614,-0.019780611619353294,-0.02741888538002968
0.8750813603401184,1.799004077911377,9.53455924987793,-0.024427825585007668,-0.07197853177785873,-0.029549412429332733
0.956527590751648,1.8037950992584229,9.457903861999512,-0.05532047152519226,-0.07091326266527176,-0.058311525732278824
1.0068327188491821,1.7367215156555176,9.115350723266602,-0.07556048035621643,0.04733099415898323,-0.04765889421105385
0.6523018479347229,1.8085858821868896,9.414785385131836,-0.05425520986318588,0.0867457464337349,-0.015700984746217728
0.5612736940383911,1.7247443199157715,9.671101570129395,0.035226933658123016,0.08461522310972214,0.006669548340141773
0.8439401388168335,1.7031848430633545,10.004073143005371,0.12257855385541916,-0.008062713779509068,-0.028484150767326355
0.8942452073097229,1.7463035583496094,9.67589282989502,0.12470907717943192,-0.03682482987642288,-0.040202051401138306
0.9229909181594849,1.8277497291564941,9.383644104003906,0.05759746953845024,-0.014454294927418232,-0.03487573191523552
0.8559175729751587,2.0050151348114014,8.974017143249512,-0.03188467398285866,0.0675710067152977,0.010930603370070457
0.7193752527236938,1.9235689640045166,9.077022552490234,-0.057450998574495316,0.09526785463094711,0.03543166443705559
0.6858385801315308,1.8804502487182617,9.285429000854492,-0.061712052673101425,0.10165943950414658,0.06952010095119476
0.6978159546852112,1.8061904907226562,9.707033157348633,-0.010579398833215237,0.04839625582098961,0.07910747081041336
0.863103985786438,1.7463035583496094,9.968140602111816,0.028835354372859,0.024960458278656006,0.07165062427520752
0.9445502758026123,1.6864166259765625,10.00886344909668,0.09914275258779526,-0.013389031402766705,0.0396927185356617
0.9637141227722168,1.6816256046295166,9.750152587890625,0.0927511677145958,-0.010193240828812122,0.023713767528533936
0.9134089946746826,1.7463035583496094,9.409994125366211,0.06825009733438492,-0.004866922739893198,0.023713767528533936
0.9086180925369263,1.7798402309417725,9.359688758850098,0.02137850783765316,-0.016584821045398712,0.0301053486764431
0.8846632838249207,1.7822356224060059,9.43394947052002,0.016052192077040672,-0.044281672686338425,0.036496926099061966
0.9349683523178101,1.6049702167510986,9.5513277053833,0.03416166827082634,-0.05706483870744705,0.024779029190540314
1.0164146423339844,1.5498743057250977,9.639960289001465,0.09807748347520828,-0.06239115446805954,-0.02741888538002968
1.1266065835952759,1.5714335441589355,9.608819007873535,0.11938276141881943,-0.040020622313022614,-0.0497894212603569
1.0763015747070312,1.5882019996643066,9.489045143127441,0.11299117654561996,0.01856887713074684,-0.06789889931678772
1.0044372081756592,1.7726538181304932,9.357294082641602,0.07996799796819687,0.03561309352517128,-0.09026943892240524
1.0140191316604614,1.815772533416748,9.376457214355469,0.05759746953845024,-0.005932186730206013,-0.10092207044363022
0.863103985786438,1.9523146152496338,9.606423377990723,0.059727992862463,-0.06132589280605316,-0.092399962246418
0.7696803212165833,1.9666876792907715,9.719011306762695,0.08529431372880936,-0.19767963886260986,-0.07748627662658691
0.7768667340278625,1.9882469177246094,9.661519050598145,0.10553433746099472,-0.26905226707458496,-0.061507318168878555
0.796030580997467,1.9786648750305176,9.512999534606934,0.11405644565820694,-0.27863964438438416,-0.05191994830965996
0.8678949475288391,2.007410764694214,9.36208438873291,0.08849010616540909,-0.17637436091899872,-0.008244141936302185
1.0044372081756592,2.091252565383911,8.976412773132324,0.014986926689743996,-0.028302719816565514,0.023713767528533936
1.100256323814392,2.002619743347168,8.993181228637695,-0.016970980912446976,0.014307822100818157,0.02264850214123726
1.0954654216766357,1.9283599853515625,9.16086483001709,-0.016970980912446976,-0.02510692924261093,0.00986533798277378
0.973296046257019,1.8588910102844238,9.81482982635498,0.08955537527799606,-0.3649260103702545,-0.021027304232120514
1.0810924768447876,1.854099988937378,9.587259292602539,0.07996799796819687,-0.42990708351135254,-0.029549412429332733
1.1505614519119263,1.9211735725402832,9.271056175231934,0.04907536134123802,-0.446951299905777,-0.029549412429332733
1.1960755586624146,1.9738740921020508,9.055463790893555,-0.0031225536949932575,-0.29248806834220886,-0.02741888538002968
1.3158494234085083,1.9355463981628418,9.093791007995605,0.006464818026870489,-0.20300595462322235,-0.037006258964538574
1.3877137899398804,1.892427682876587,9.421971321105957,0.11192590743303299,-0.1540038287639618,-0.08600838482379913
1.438018798828125,1.98106050491333,9.788479804992676,0.20673437416553497,-0.1859617382287979,-0.09559575468301773
1.2487760782241821,2.1439530849456787,9.711824417114258,0.2248438596725464,-0.22750701010227203,-0.0828125923871994
1.2176347970962524,2.22300386428833,9.560909271240234,0.2003428041934967,-0.3137933611869812,-0.044463105499744415
1.2631489038467407,2.2038400173187256,9.194400787353516,0.12897013127803802,-0.3329680860042572,-0.02209256961941719
1.4188549518585205,2.0984389781951904,8.95724868774414,0.09488169103860855,-0.3052712380886078,-0.01889677718281746
1.404482126235962,2.052924871444702,8.98838996887207,0.04481430724263191,-0.25520387291908264,0.011995866894721985
1.476346492767334,2.2900772094726562,9.443531036376953,0.04161851480603218,-0.30207544565200806,0.027974821627140045
1.4284368753433228,2.2517495155334473,9.651937484741211,0.05653220787644386,-0.3990144431591034,0.04395377263426781
1.2990810871124268,2.1199982166290283,10.116660118103027,0.18329858779907227,-0.7995535731315613,0.0865643173456192
1.069115161895752,2.189467191696167,11.050896644592285,0.21206070482730865,-0.8517515063285828,0.17817698419094086
2.8106279373168945,2.6925175189971924,7.551103115081787,-0.0819520577788353,0.2273605316877365,0.17285066843032837
2.647735357284546,2.184676170349121,7.431328773498535,-0.09686575084924698,0.46597957611083984,0.12491380423307419
2.082402467727661,1.8972187042236328,9.079418182373047,0.09807748347520828,0.33921322226524353,0.04928009212017059
1.9698151350021362,2.1367666721343994,10.133428573608398,0.16518910229206085,0.24547000229358673,0.03543166443705559
1.7398490905761719,2.052924871444702,9.580073356628418,0.17051541805267334,0.09846364706754684,0.036496926099061966
1.646425485610962,1.9139869213104248,9.493836402893066,0.10979538410902023,-0.07623957842588425,-0.01889677718281746
1.9554423093795776,1.9235689640045166,9.302197456359863,-0.012709925882518291,-0.2338985949754715,-0.1062483936548233
1.9458602666854858,2.179885149002075,9.103372573852539,-0.09686575084924698,-0.2956838607788086,-0.11903155595064163
1.8356683254241943,2.40985107421875,8.995576858520508,-0.23961105942726135,-0.4043407440185547,-0.08600838482379913
1.7087079286575317,2.613466739654541,9.227937698364258,-0.22043631970882416,-0.33509862422943115,-0.029549412429332733
1.9099280834197998,2.5320205688476562,9.4555082321167,-0.14586786925792694,-0.21685437858104706,-0.00504835182800889
1.9698151350021362,2.421828508377075,9.563304901123047,0.03948798403143883,-0.004866922739893198,0.0024084937758743763
2.3003909587860107,2.3787100315093994,9.407598495483398,0.14068803191184998,0.16770577430725098,-0.03913678601384163
2.345905065536499,2.16790771484375,9.139305114746094,0.16945014894008636,0.2369479089975357,-0.06470311433076859
2.1901988983154297,1.947523832321167,8.969225883483887,0.21845227479934692,0.44680485129356384,-0.1019873395562172
2.0632386207580566,1.875659465789795,8.933294296264648,0.20460385084152222,0.4808932840824127,-0.10944417864084244
1.7446401119232178,2.206235408782959,9.15128231048584,0.16838489472866058,0.41910800337791443,-0.09985680878162384
1.658402919769287,2.2469587326049805,9.249497413635254,0.08209853619337082,0.18261946737766266,-0.10944417864084244
1.6033068895339966,2.304450035095215,9.148886680603027,0.03735746070742607,0.1101815477013588,-0.10731365531682968
1.60570228099823,2.3739190101623535,9.187214851379395,0.0022037639282643795,-0.008062713779509068,-0.092399962246418
1.6919395923614502,2.4385969638824463,9.153677940368652,0.026704827323555946,0.05691836401820183,-0.0732252225279808
1.751826524734497,2.405060291290283,9.132119178771973,0.04907536134123802,0.11444259434938431,-0.06576837599277496
1.7805722951889038,2.405060291290283,9.170446395874023,0.06718484312295914,0.1762278825044632,-0.07109469175338745
1.8021315336227417,2.457760810852051,9.175237655639648,0.052271146327257156,0.14000892639160156,-0.11690102517604828
1.8308773040771484,2.4553651809692383,9.187214851379395,0.026704827323555946,0.10165943950414658,-0.1392715573310852
1.7302671670913696,2.469738006591797,9.124932289123535,0.03416166827082634,0.10698575526475906,-0.12435787171125412
1.5194650888442993,2.623048782348633,9.172842025756836,0.06185852363705635,0.1336173415184021,-0.044463105499744415
1.330222249031067,2.661376476287842,9.239914894104004,0.09062064439058304,0.14000892639160156,0.011995866894721985
1.1673297882080078,2.6829357147216797,9.271056175231934,0.09062064439058304,0.14959628880023956,0.019452709704637527
1.3781318664550781,2.6493990421295166,9.175237655639648,0.09488169103860855,0.1378783881664276,0.01412639394402504
1.4571826457977295,2.5823256969451904,9.12972354888916,0.05866273120045662,0.08035416156053543,0.005604284815490246
1.5026967525482178,2.591907501220703,9.180027961730957,0.011791134253144264,0.07609311491250992,0.0002779667265713215
1.4499962329864502,2.4936928749084473,8.871011734008789,-0.048928890377283096,0.04839625582098961,0.01412639394402504
1.3853182792663574,2.436201333999634,8.777587890625,-0.03827625513076782,-0.028302719816565514,0.018387446179986
1.2894991636276245,2.491297483444214,9.239914894104004,-0.04040677845478058,-0.004866922739893198,0.0034737575333565474
1.5314425230026245,2.388291835784912,9.117745399475098,-0.03508046269416809,0.08035416156053543,-0.0018525603227317333
1.6104933023452759,2.3451731204986572,8.98838996887207,-0.020166771486401558,0.1005941703915596,0.02264850214123726
1.3733409643173218,2.3954782485961914,9.153677940368652,-0.03188467398285866,0.10485523194074631,0.016256919130682945
1.478742003440857,2.436201333999634,9.218356132507324,-0.0723646879196167,0.09207206219434738,-0.02315783128142357
1.5673747062683105,2.4074556827545166,9.163259506225586,-0.08940891176462173,0.057983625680208206,-0.0593767948448658
1.5817475318908691,2.419433116912842,9.278243064880371,-0.086213119328022,0.050526782870292664,-0.07002943009138107
1.4979058504104614,2.4793200492858887,9.386039733886719,-0.058516260236501694,0.04733099415898323,-0.057246264070272446
1.4068776369094849,2.5224387645721436,9.429158210754395,-0.01910150796175003,0.045200467109680176,-0.02315783128142357
1.2607533931732178,2.5439980030059814,9.417181015014648,-0.0009920265292748809,0.02815624698996544,-0.01463572308421135
1.2200303077697754,2.5487890243530273,9.457903861999512,-0.020166771486401558,0.045200467109680176,0.006669548340141773
1.2439850568771362,2.55837082862854,9.335734367370605,-0.04253730922937393,0.06011415645480156,0.019452709704637527
1.2583580017089844,2.529625177383423,9.024322509765625,-0.06064678728580475,0.0675710067152977,0.02584429457783699
1.2559624910354614,2.503274917602539,9.026718139648438,-0.07982153445482254,0.0771583691239357,0.023713767528533936
1.3014765977859497,2.452969789505005,9.005158424377441,-0.13308469951152802,0.18794578313827515,0.02584429457783699
1.2439850568771362,2.515252113342285,9.153677940368652,-0.10112679749727249,0.2507963478565216,0.05993272736668587
1.1242111921310425,2.3451731204986572,9.786084175109863,-0.04573310166597366,0.19753316044807434,0.0631285160779953
1.1936800479888916,2.2541451454162598,9.9393949508667,0.052271146327257156,0.06650573760271072,0.040757983922958374
1.3733409643173218,2.206235408782959,9.489045143127441,0.036292195320129395,0.10485523194074631,0.016256919130682945
1.5314425230026245,2.1487441062927246,9.048276901245117,0.00007323696627281606,0.11763838678598404,-0.011439932510256767
1.5338380336761475,2.1583259105682373,9.100977897644043,-0.06703837215900421,0.06330994516611099,-0.0732252225279808
1.3014765977859497,2.2421677112579346,9.32375717163086,-0.086213119328022,0.040939413011074066,-0.08707364648580551
1.174516201019287,2.321218490600586,9.407598495483398,-0.07662574201822281,0.07183205336332321,-0.0593767948448658
1.033182978630066,2.4769246578216553,9.465089797973633,-0.037210989743471146,0.18794578313827515,0.0002779667265713215
1.0403693914413452,2.4026646614074707,9.704638481140137,0.05440167710185051,0.15492260456085205,-0.0018525603227317333
1.2152392864227295,2.366732597351074,10.095101356506348,0.1065995916724205,0.06970153003931046,-0.03381046652793884
1.2631489038467407,2.366732597351074,10.016050338745117,0.1587975174188614,-0.0645216777920723,-0.09453049302101135
1.1721206903457642,2.436201333999634,9.412389755249023,0.14601436257362366,-0.08156589418649673,-0.10518312454223633
1.071510672569275,2.4889018535614014,9.048276901245117,0.11405644565820694,-0.07304378598928452,-0.09772628545761108
0.9517366886138916,2.55837082862854,8.768006324768066,0.06825009733438492,-0.05386904627084732,-0.07535574585199356
0.8415446877479553,2.5895121097564697,8.588345527648926,-0.03827625513076782,0.017503613606095314,-0.0061136153526604176
0.7481210231781006,2.524834156036377,8.463780403137207,-0.12349734455347061,0.11550786346197128,0.06206325441598892
0.8726859092712402,2.3643369674682617,8.73926067352295,-0.14373734593391418,0.15811839699745178,0.07910747081041336
0.9421547651290894,2.227794885635376,9.043485641479492,-0.1288236528635025,0.1336173415184021,0.05780220031738281
1.1361885070800781,2.0768795013427734,9.532163619995117,-0.08301732689142227,0.07289732247591019,-0.015700984746217728
1.198470950126648,2.0768795013427734,9.60402774810791,-0.0627773180603981,0.049461521208286285,-0.04552836716175079
1.162538766860962,2.16790771484375,9.599237442016602,-0.037210989743471146,0.0441352017223835,-0.0732252225279808
1.0834879875183105,2.3739190101623535,9.414785385131836,-0.05425520986318588,0.08461522310972214,-0.057246264070272446
0.9205955266952515,2.5176477432250977,9.386039733886719,-0.0627773180603981,0.09313733130693436,-0.04233257845044136
0.9253864288330078,2.5439980030059814,9.448322296142578,-0.06597311049699783,0.0867457464337349,-0.021027304232120514
0.8463356494903564,2.520043134689331,9.771711349487305,-0.0031225536949932575,-0.035759568214416504,0.007734811864793301
0.8607085347175598,2.5056703090667725,9.929813385009766,0.0405532531440258,-0.09647958725690842,0.02584429457783699
0.8942452073097229,2.4002692699432373,9.522582054138184,0.04907536134123802,-0.08582695573568344,0.03330113738775253
0.9086180925369263,2.321218490600586,9.374062538146973,0.05120588466525078,-0.0453469380736351,0.03543166443705559
0.9756914377212524,2.22300386428833,9.23033332824707,0.05120588466525078,-0.02617219276726246,0.029040083289146423
1.0068327188491821,2.2253992557525635,9.194400787353516,0.028835354372859,-0.012323767878115177,-0.0018525603227317333
1.102651834487915,2.333195924758911,8.993181228637695,-0.04253730922937393,0.07183205336332321,0.004539020825177431
0.7672848701477051,2.3092410564422607,8.962039947509766,-0.0819520577788353,0.08035416156053543,0.02584429457783699
0.7672848701477051,2.3355913162231445,9.146492004394531,-0.10751838237047195,0.045200467109680176,0.04714956507086754
0.8415446877479553,2.31642746925354,9.489045143127441,-0.07129942625761032,0.02282993122935295,0.045019038021564484
0.9852733612060547,2.299659252166748,9.632773399353027,-0.0393415167927742,0.029221512377262115,0.03756219148635864
1.0523468255996704,2.342777729034424,9.627983093261719,0.019247980788350105,0.05478784069418907,0.03756219148635864
0.9948552846908569,2.383500814437866,9.580073356628418,0.04694483056664467,0.046265728771686554,0.04928009212017059
1.0523468255996704,2.436201333999634,9.43394947052002,0.04161851480603218,0.0537225715816021,0.05886746197938919
1.0427649021148682,2.4242241382598877,9.338129997253418,0.006464818026870489,0.08568047732114792,0.08443378657102585
1.0427649021148682,2.249354124069214,9.311779975891113,-0.02336256206035614,0.07928890734910965,0.07697694003582001
1.1361885070800781,2.1319756507873535,9.457903861999512,-0.032949935644865036,0.06011415645480156,0.056736934930086136
