inOut
-0.7227028012275696,0.9845413565635681,9.750152587890625,-0.035137053579092026,-0.05287369340658188,0.15863105654716492
-0.5741831660270691,1.0204734802246094,9.40280818939209,-0.03194126486778259,-0.13596424460411072,0.22680792212486267
-0.5502283573150635,1.0803605318069458,9.398016929626465,-0.04259390011429787,-0.20520637929439545,0.23106898367404938
0.13727396726608276,1.1642022132873535,9.017135620117188,-0.08946549892425537,-0.37032225728034973,0.17034895718097687
0.01510457694530487,0.5365868806838989,10.40890884399414,-0.10437919199466705,-0.05926527455449104,0.07767102867364883
0.18997451663017273,0.4287903308868408,9.627983093261719,-0.2109055370092392,-0.04754737392067909,0.015885744243860245
-0.0759236067533493,0.7066658735275269,9.659124374389648,-0.04792021960020065,-0.1934884786605835,0.02227732539176941
-0.23162972927093506,0.8216488361358643,9.261474609375,-0.2204929143190384,-0.791101336479187,0.07873629778623581
1.5745611190795898,-0.6491749882698059,10.315485000610352,-0.17681710422039032,-1.1735310554504395,0.25983110070228577
1.8955552577972412,-0.6132428050041199,9.92502212524414,-0.03726758062839508,-0.9903056621551514,0.136260524392128
1.6655893325805664,-0.028746068477630615,9.678287506103516,0.09908615052700043,-0.1892274171113968,0.16182684898376465
1.6631938219070435,0.05509568750858307,9.740570068359375,0.05221455916762352,0.10265479236841202,0.13413000106811523
1.6895440816879272,0.06707307696342468,9.735779762268066,0.03623560443520546,0.15378744900226593,0.1074984148144722
1.684753179550171,0.04551377147436142,9.6974515914917,0.02345244213938713,0.22516010701656342,0.09045419842004776
1.476346492767334,0.12456456571817398,9.608819007873535,0.020256653428077698,0.4275601804256439,0.08193209022283554
1.1817026138305664,0.316202849149704,9.419575691223145,0.006408226676285267,0.5777623653411865,0.07554050534963608
1.2056573629379272,0.31859833002090454,9.165655136108398,-0.056442324072122574,0.5756317973136902,0.04251733049750328
1.272730827331543,0.27308422327041626,9.211169242858887,-0.11929287016391754,0.5575223565101624,-0.028855325654149055
1.232007622718811,0.26110684871673584,9.386039733886719,-0.1352718323469162,0.5394128561019897,-0.057617440819740295
1.0786970853805542,0.16528770327568054,10.063960075378418,-0.1022486537694931,0.5660444498062134,-0.07359639555215836
0.8511266112327576,0.08144594728946686,9.958559036254883,-0.04472442716360092,0.5777623653411865,-0.0810532420873642
0.5660646557807922,0.18205605447292328,9.438739776611328,0.1289135366678238,0.576697051525116,-0.11088062077760696
0.36723992228507996,0.32578474283218384,9.278243064880371,0.22478726506233215,0.5298255085945129,-0.12685957551002502
-0.011245690286159515,0.49107277393341064,9.170446395874023,0.20774304866790771,0.46484440565109253,-0.127924844622612
0.1157146766781807,0.45993155241012573,9.36208438873291,0.05647561326622963,0.2816190719604492,-0.08957535028457642
0.6499063968658447,0.009581595659255981,9.723801612854004,-0.051116008311510086,0.05791371688246727,-0.05868270993232727
0.4989912509918213,0.03593185544013977,9.699847221374512,-0.07242128252983093,0.051522135734558105,-0.06720481067895889
-0.07113265246152878,0.34494858980178833,9.623191833496094,-0.0362023189663887,0.15911376476287842,-0.06400902569293976
0.10134180635213852,0.2443384826183319,9.512999534606934,-0.0010486182291060686,0.2304864227771759,0.036125749349594116
0.15883329510688782,0.2826661467552185,9.002762794494629,-0.007440200075507164,0.23687800765037537,0.07980155944824219
0.06061866134405136,0.34494858980178833,8.859034538269043,-0.07029075175523758,0.18894115090370178,0.07660576701164246
0.017500050365924835,0.316202849149704,8.962039947509766,-0.20451395213603973,0.18148429691791534,0.06701839715242386
0.019895531237125397,0.19642892479896545,9.822016716003418,-0.27801713347435,0.14952640235424042,0.060626812279224396
0.19955644011497498,0.04551377147436142,10.044795989990234,-0.3376719057559967,0.018498968333005905,0.05530049279332161
0.017500050365924835,0.009581595659255981,10.08791446685791,-0.20451395213603973,0.017433704808354378,0.023342588916420937
-0.006454735994338989,-0.02155962586402893,9.790875434875488,-0.002113881753757596,0.003585277823731303,-0.023529009893536568
0.12290110439062119,0.01916351169347763,9.60402774810791,0.07458509504795074,-0.04009053111076355,0.0297341700643301
0.20195192098617554,0.06707307696342468,9.721406936645508,0.04475771263241768,-0.033698949962854385,0.056365758180618286
0.285793662071228,-0.09342397749423981,9.716615676879883,-0.006374937482178211,-0.03263368457555771,0.044647857546806335
0.18997451663017273,-0.033537015318870544,9.6974515914917,-0.04152863472700119,0.10052425414323807,0.016951005905866623
0.09894632548093796,-0.062282755970954895,9.738174438476562,-0.05431179702281952,0.21237695217132568,0.028668908402323723
0.07259606570005417,-0.0814465880393982,9.759734153747559,-0.046854954212903976,0.21344220638275146,0.037191011011600494
-0.013641171157360077,-0.05988729000091553,9.857948303222656,-0.03300652652978897,0.1687011420726776,0.030799435451626778
0.017500050365924835,-0.062282755970954895,9.829202651977539,0.030909288674592972,0.06963161379098892,0.019081532955169678
-0.018432125449180603,-0.04551440477371216,9.723801612854004,0.07351982593536377,0.0376737117767334,0.019081532955169678
-0.09748291969299316,0.05509568750858307,9.623191833496094,0.13530512154102325,-0.0028063037898391485,0.016951005905866623
-0.07831908762454987,0.0982142984867096,9.56570053100586,0.1470230221748352,-0.030503159388899803,0.030799435451626778
0.046245791018009186,0.15091483294963837,9.596841812133789,0.13850091397762299,-0.03476421535015106,0.037191011011600494
0.10373728722333908,0.21080179512500763,9.632773399353027,0.11186932027339935,-0.021981047466397285,0.0297341700643301
0.07259606570005417,0.2563158869743347,9.632773399353027,0.08736824989318848,-0.000675777206197381,-0.01074584573507309
-0.02561856061220169,0.23954753577709198,9.601632118225098,0.0767156183719635,0.019564231857657433,-0.03098585270345211
-0.17653369903564453,0.2323611080646515,9.457903861999512,0.05541035160422325,0.05471792444586754,-0.057617440819740295
-0.1645563244819641,0.2587113678455353,9.618400573730469,0.0096040153875947,0.12289480119943619,-0.040573228150606155
-0.07352813333272934,0.22757014632225037,9.707033157348633,-0.0362023189663887,0.15378744900226593,0.014820480719208717
0.21632477641105652,0.18924248218536377,9.881903648376465,-0.04365916550159454,0.17189693450927734,0.03825627639889717
0.453477144241333,0.12216908484697342,9.984909057617188,-0.009570727124810219,0.3050548732280731,0.056365758180618286
1.1793071031570435,-0.05988729000091553,9.948976516723633,0.02345244213938713,0.37003594636917114,0.04997417703270912
2.324345827102661,-0.2155933976173401,9.896276473999023,0.07138930261135101,0.46910545229911804,0.048908911645412445
3.0813169479370117,-0.2084069550037384,10.16696548461914,0.04049665853381157,0.4467349052429199,0.07873629778623581
5.014468193054199,0.0982142984867096,10.787394523620605,0.01386506948620081,0.4382128119468689,0.13413000106811523
7.026669979095459,0.3736943304538727,11.60904312133789,0.0532798208296299,0.5990676283836365,0.28859323263168335
7.9585113525390625,0.505445659160614,11.968365669250488,0.21413463354110718,0.7716403007507324,0.2438521385192871
9.951549530029297,0.5773099660873413,12.056998252868652,0.32811781764030457,0.6629834175109863,0.10217209160327911
10.641447067260742,0.28506162762641907,11.27607250213623,0.6263916492462158,0.24220432341098785,-0.33671650290489197
8.847233772277832,-0.08863303065299988,10.725111961364746,0.9374486207962036,-0.12957265973091125,-0.9066324830055237
7.5896077156066895,-0.297039657831192,10.717925071716309,1.0407791137695312,-0.3436906635761261,-1.1995800733566284
5.814558029174805,-0.41681361198425293,10.234039306640625,1.121739149093628,-0.971130907535553,-1.6171633005142212
5.5821967124938965,-0.7881127595901489,9.999281883239746,1.0897812843322754,-1.7477080821990967,-1.7151676416397095
5.457631587982178,-1.6528804302215576,9.354898452758789,1.0461055040359497,-1.9948492050170898,-1.7204939126968384
4.770129203796387,-1.8564960956573486,8.85663890838623,1.0237349271774292,-2.3336031436920166,-2.2041234970092773
3.6131131649017334,-1.8014001846313477,8.176322937011719,0.9172086119651794,-2.3847358226776123,-2.5695090293884277
-0.8808044195175171,-1.8157730102539062,7.958334445953369,0.6562190055847168,-2.5029799938201904,-2.960460662841797
-2.033029556274414,-2.2397727966308594,8.818310737609863,-0.644467830657959,-2.1908576488494873,-3.5665957927703857
-3.214000701904297,-2.627840280532837,9.977723121643066,-1.0034615993499756,-1.855299711227417,-3.5612692832946777
-5.511264324188232,-2.843433380126953,12.140839576721191,-1.2410154342651367,-1.5666133165359497,-3.4888315200805664
-6.900641918182373,-2.165512800216675,14.251255989074707,-1.3219754695892334,-1.3130805492401123,-3.1202502250671387
-6.881478309631348,-1.9930384159088135,14.545900344848633,-0.8649773597717285,-1.520806908607483,-2.513050079345703
-6.4239420890808105,-1.379796028137207,13.592499732971191,-0.4782866835594177,-1.661421775817871,-2.206254005432129
-5.61906099319458,-0.3736949563026428,11.575507164001465,0.24289673566818237,-1.8989754915237427,-1.73008131980896
-4.962699890136719,-0.08384206891059875,10.478377342224121,0.5177347660064697,-1.8691481351852417,-1.3987842798233032
-4.141050815582275,0.28506162762641907,9.048276901245117,0.4495578706264496,-1.6688785552978516,-1.3082369565963745
-3.7721471786499023,0.4479541778564453,9.237520217895508,-0.018092837184667587,-1.0030888319015503,-1.1995800733566284
-3.561345100402832,0.606055736541748,10.689179420471191,-0.5667035579681396,-0.10081055015325546,-0.9865272641181946
-3.285865068435669,0.48388636112213135,11.43896484375,-0.7840173244476318,0.5671097040176392,-0.7106239795684814
-3.2020232677459717,0.4311858117580414,11.870150566101074,-0.7030572891235352,0.7567266225814819,-0.6062281727790833
-3.3768930435180664,0.572519063949585,11.771936416625977,-0.2908003032207489,0.8834930062294006,-0.4112849533557892
-3.3217971324920654,0.570123553276062,11.321585655212402,-0.0457896888256073,0.8813624382019043,-0.24510382115840912
-3.0295488834381104,0.5317959189414978,10.468795776367188,0.36646732687950134,0.6555265784263611,0.1543699949979782
-3.00559401512146,0.6659427285194397,9.9873046875,0.5699326395988464,0.38494962453842163,0.4643617272377014
-2.9433114528656006,0.6539652943611145,10.023237228393555,0.5763242244720459,0.3540569841861725,0.7391997575759888
-2.7277183532714844,0.6419879198074341,10.394536018371582,0.5518231987953186,0.42542964220046997,0.8851408362388611
-2.1048941612243652,0.45274513959884644,10.626897811889648,0.5560842156410217,0.6747013330459595,1.1802188158035278
-1.7455720901489258,0.1676831841468811,10.351417541503906,0.5965642333030701,0.7822929620742798,1.283549427986145
-1.867741584777832,-0.5198191404342651,9.481858253479004,0.64663165807724,1.272314190864563,1.1354777812957764
-2.8331196308135986,-1.3486547470092773,8.801542282104492,0.5379747748374939,1.4661921262741089,0.9948630332946777
-3.3170061111450195,-1.9235694408416748,8.830288887023926,0.3600757420063019,1.671787977218628,0.8968587517738342
-4.5985870361328125,-3.1308906078338623,10.200502395629883,-0.09585708379745483,2.1191985607147217,0.9053808450698853
-4.656078815460205,-3.3297154903411865,11.01736068725586,-0.4750909209251404,2.389775514602661,1.2004587650299072
-4.454858303070068,-3.547703981399536,11.81265926361084,-0.5624425411224365,2.380188226699829,1.4422736167907715
-2.7828145027160645,-4.283115863800049,12.59118938446045,-0.5528551340103149,2.2235944271087646,1.7224379777908325
-1.4078096151351929,-4.922708511352539,11.153903007507324,-0.4314151108264923,1.9455606937408447,1.9908844232559204
-0.9838099479675293,-5.567092418670654,9.60402774810791,0.037300869822502136,1.3894931077957153,2.2902233600616455
-1.4748830795288086,-5.210165977478027,7.254063606262207,0.29509466886520386,1.2637920379638672,2.3360297679901123
0.0773870125412941,-4.584946155548096,6.540210723876953,0.5219957828521729,1.7357038259506226,2.401010751724243
2.472865343093872,-3.701014518737793,7.795441627502441,0.021321915090084076,2.647569417953491,2.814333200454712
3.2561869621276855,-2.9512298107147217,8.875802993774414,-1.034354329109192,2.9394516944885254,3.4055545330047607
5.0599822998046875,-1.4828014373779297,12.200726509094238,-2.0197231769561768,2.629459857940674,3.3917059898376465
5.836117267608643,-0.6084518432617188,13.87995719909668,-2.355281114578247,2.2704660892486572,3.215937614440918
8.202850341796875,0.6563608050346375,16.083797454833984,-2.5864434242248535,1.2265077829360962,2.9304468631744385
9.592227935791016,1.7127668857574463,14.066804885864258,-2.4138705730438232,0.7950761318206787,2.883575201034546
10.380340576171875,2.0672976970672607,13.623641014099121,-1.6074661016464233,0.2581832706928253,2.818594217300415
11.712225914001465,1.92596435546875,13.978172302246094,-1.0535290241241455,0.014237914234399796,2.616194009780884
9.700024604797363,2.3092410564422607,12.61754035949707,-0.8468679189682007,0.3348822295665741,2.4297730922698975
8.365742683410645,2.4673426151275635,12.068975448608398,-0.48574355244636536,0.7023981809616089,1.615911602973938
6.504456043243408,2.529625177383423,11.532388687133789,-0.3898698091506958,0.5298255085945129,0.7583745121955872
5.915168285369873,2.6757493019104004,11.467710494995117,-0.3419329524040222,0.5937412977218628,0.5272123217582703
6.073269844055176,2.7140769958496094,11.685698509216309,-0.22688449919223785,0.7087897658348083,0.2992458641529083
6.602670669555664,2.536811590194702,12.064184188842773,0.02771349623799324,0.6512655019760132,0.08193209022283554
6.214602947235107,1.8109815120697021,12.742104530334473,0.18324197828769684,0.4179728031158447,-0.09916272014379501
5.548659801483154,1.0803605318069458,12.986443519592285,0.47512421011924744,-0.3341032862663269,-0.7234071493148804
4.2191691398620605,-0.30183061957359314,13.225991249084473,0.7041558623313904,-1.1650089025497437,-1.6565780639648438
3.843079090118408,-0.8048810958862305,13.211618423461914,0.7936379909515381,-1.4920448064804077,-2.091205596923828
3.5148985385894775,-1.4636375904083252,12.464229583740234,0.9928423166275024,-1.6401164531707764,-2.567378520965576
3.6945595741271973,-1.5810160636901855,11.26648998260498,1.116412878036499,-1.5133501291275024,-2.6291637420654297
4.209587574005127,-1.5738296508789062,10.102287292480469,1.243179202079773,-1.2949711084365845,-2.6195764541625977
4.190423488616943,-1.583411693572998,9.630378723144531,1.364619255065918,-1.011610984802246,-2.564182758331299
3.483757495880127,-1.5331065654754639,9.180027961730957,1.5084298849105835,-0.5812444090843201,-2.4203720092773438
2.583057403564453,-2.1415581703186035,9.350107192993164,1.5169520378112793,-0.5578086376190186,-2.4715046882629395
2.0416793823242188,-2.589512586593628,9.048276901245117,1.4796677827835083,-0.7144023776054382,-2.607858419418335
1.3493860960006714,-2.826664924621582,8.281723976135254,1.3805981874465942,-1.255556344985962,-2.8826963901519775
0.8032169938087463,-2.853015184402466,7.819396495819092,1.3795329332351685,-2.2409250736236572,-3.004136562347412
-0.4927368760108948,-2.855410575866699,7.309159755706787,1.4296003580093384,-2.684074878692627,-3.024376630783081
-1.965956211090088,-3.2578511238098145,7.2181315422058105,1.3113560676574707,-2.8800833225250244,-3.073378562927246
-3.2547237873077393,-3.2650375366210938,6.408459663391113,1.1792634725570679,-2.8012537956237793,-3.1021406650543213
-3.8392205238342285,-2.924879550933838,6.0084147453308105,0.9331875443458557,-2.2696871757507324,-3.0563344955444336
-4.085954666137695,-2.4002697467803955,7.462470054626465,0.7467663884162903,-2.197249412536621,-2.899740695953369
-3.5852997303009033,-2.496088981628418,9.08181381225586,0.40801259875297546,-2.6521167755126953,-2.711189031600952
-2.758859634399414,-1.885241985321045,12.550466537475586,0.02771349623799324,-2.8854095935821533,-2.6110541820526123
-2.3971424102783203,-0.7330167293548584,13.87995719909668,-0.8990657925605774,-3.0238938331604004,-2.225428819656372
-2.2606000900268555,-0.37609046697616577,13.523031234741211,-1.2601901292800903,-2.9546518325805664,-1.9985276460647583
-3.319401741027832,1.0300555229187012,13.652386665344238,-1.4466112852096558,-2.5860705375671387,-1.6437948942184448
-3.853593349456787,1.4444732666015625,15.496905326843262,-1.189882755279541,-2.0672872066497803,-1.5223548412322998
-4.248847484588623,1.8301453590393066,16.756925582885742,-1.100400686264038,-1.7679481506347656,-1.48720121383667
-4.256033897399902,2.0385518074035645,16.41916275024414,-1.3624554872512817,-0.7634044885635376,-1.2091673612594604
-4.258429050445557,2.024178981781006,15.767594337463379,-1.3475418090820312,-0.3309074938297272,-0.9087629914283752
-4.251242637634277,1.8181679248809814,14.251255989074707,-0.908653199672699,-0.04435158520936966,-0.5593565702438354
-4.085954666137695,1.298349142074585,12.509743690490723,-0.2716255486011505,0.21450747549533844,-0.20036277174949646
-4.136260032653809,1.0276598930358887,11.64976692199707,0.018126126378774643,0.3444696068763733,-0.029920591041445732
-4.263220310211182,0.32338929176330566,10.473587036132812,0.43783998489379883,0.6406129002571106,0.31202903389930725
-4.306338787078857,-0.5605422854423523,10.284343719482422,0.6658063530921936,1.0645877122879028,0.5900628566741943
-4.265615463256836,-1.0396380424499512,10.447236061096191,0.676459014415741,1.2936193943023682,0.6933934092521667
-3.8344295024871826,-2.172699213027954,10.849677085876465,0.5294526219367981,1.7239859104156494,0.9277514219284058
-2.806769371032715,-3.7153875827789307,10.811348915100098,0.3547494113445282,2.037173271179199,1.2398735284805298
-2.011470317840576,-5.26765775680542,10.236433982849121,0.3121388852596283,2.0701966285705566,1.4167072772979736
-2.021052122116089,-5.7994537353515625,9.920230865478516,0.3462273180484772,1.8560786247253418,1.7788969278335571
-2.215085983276367,-6.388741493225098,9.16086483001709,0.47512421011924744,1.4693878889083862,2.075040102005005
-1.999492883682251,-6.568402290344238,8.588345527648926,0.5411705374717712,1.1540699005126953,2.2721140384674072
-0.6604203581809998,-6.556425094604492,7.0145158767700195,0.5560842156410217,1.100806713104248,2.4191203117370605
1.1721206903457642,-5.912041187286377,5.895827293395996,0.5923032164573669,1.1423519849777222,2.9165985584259033
2.048865795135498,-5.464087009429932,5.785634994506836,0.5805853009223938,1.235029935836792,3.235112190246582
4.0922088623046875,-4.513082027435303,6.3988776206970215,0.3643367886543274,1.612133264541626,3.8625524044036865
5.848094940185547,-2.9775800704956055,8.626672744750977,-0.27056029438972473,2.1852450370788574,4.250308036804199
6.609857082366943,-2.2086315155029297,10.078332901000977,-0.7094488739967346,2.4078850746154785,4.312093257904053
8.689132690429688,-0.7665534615516663,12.698986053466797,-1.5701818466186523,2.728529453277588,4.146977424621582
10.619888305664062,0.9174679517745972,14.426126480102539,-2.1603379249572754,2.519737720489502,3.7570912837982178
11.39123249053955,1.7103712558746338,14.866894721984863,-2.2977569103240967,2.0648701190948486,3.651630401611328
11.003164291381836,2.5607662200927734,13.762578964233398,-2.2381021976470947,0.9431477189064026,3.5206029415130615
10.052159309387207,2.553579807281494,13.058307647705078,-1.725710391998291,0.29014116525650024,3.0444300174713135
8.926284790039062,2.491297483444214,12.152816772460938,-1.385891318321228,0.1687011420726776,2.655608892440796
6.334376811981201,2.287681818008423,10.773021697998047,-0.3898698091506958,0.32316434383392334,1.3176378011703491
3.9556665420532227,2.0816705226898193,10.50233268737793,-0.2109055370092392,0.3902759552001953,0.9458608627319336
3.143599510192871,1.8780548572540283,10.68199348449707,-0.09692233800888062,0.43182122707366943,0.6561092138290405
1.845250129699707,1.6313204765319824,10.849677085876465,-0.04792021960020065,0.490410715341568,0.315224826335907
0.6187651753425598,1.0276598930358887,10.284343719482422,-0.09372654557228088,0.35618752241134644,0.25557005405426025
0.24027955532073975,0.6707336902618408,9.88669490814209,-0.07455180585384369,0.22835589945316315,0.25130900740623474
0.027081966400146484,0.6252195835113525,9.54174518585205,0.09695562720298767,-0.06459159404039383,0.18100158870220184
-0.006454735994338989,0.5174230337142944,9.297407150268555,0.3973599672317505,-0.4747180640697479,0.03506048396229744
-0.3442172110080719,0.3784852921962738,9.069836616516113,0.5049515962600708,-0.685640275478363,-0.052291128784418106
-0.6125108003616333,0.08144594728946686,9.211169242858887,0.49323368072509766,-0.7836444973945618,-0.18118801712989807
-0.6484429836273193,-0.06707371771335602,9.33094310760498,0.45701470971107483,-0.7261202931404114,-0.25362592935562134
-0.5119007229804993,-0.19163858890533447,10.011259078979492,0.3036167621612549,-0.442760169506073,-0.39424073696136475
-0.5622057914733887,-0.3185989558696747,10.332253456115723,0.11613038182258606,-0.1082674041390419,-0.46880918741226196
-0.876013457775116,-0.3377628028392792,10.243620872497559,0.026648234575986862,0.0014547507744282484,-0.47839653491973877
-1.5275835990905762,-0.17487025260925293,9.512999534606934,-0.06709496676921844,0.13354744017124176,-0.44537338614463806
-1.759945034980774,-0.05270084738731384,8.844661712646484,0.06819351017475128,0.3924064636230469,-0.35269543528556824
-1.5635157823562622,0.05509568750858307,8.684164047241211,0.16939355432987213,0.46804019808769226,-0.3218027949333191
-1.1658663749694824,0.35213503241539,9.381248474121094,0.2737893760204315,0.4232991337776184,-0.21953751146793365
-0.9886009097099304,0.3138073682785034,9.695055961608887,0.2269177883863449,0.35086119174957275,-0.052291128784418106
-0.49513235688209534,0.12456456571817398,9.620796203613281,0.09162931144237518,0.2699011564254761,0.11815104633569717
-2.174362897872925,0.6587562561035156,7.5702667236328125,0.04688824340701103,0.2699011564254761,0.2491784542798996
-1.9443968534469604,1.0755696296691895,7.321136951446533,0.11826090514659882,0.29866328835487366,0.25876584649086
-0.4017086923122406,0.2587113678455353,8.490130424499512,0.23011356592178345,0.3519264757633209,0.21935108304023743
-0.1142512708902359,0.17247413098812103,9.321361541748047,0.2737893760204315,0.35938331484794617,0.13413000106811523
-0.15736988186836243,0.5749145746231079,10.171756744384766,0.003212435869500041,-0.44915175437927246,0.06914892047643661
0.10852823406457901,0.5773099660873413,10.382558822631836,-0.42608878016471863,-0.8709961175918579,0.06275734305381775
0.45587265491485596,0.39525362849235535,10.337044715881348,-0.4473940432071686,-0.8070803284645081,0.05849628522992134
-0.3514036238193512,0.4862818121910095,9.977723121643066,-0.41650140285491943,-0.4981538951396942,-0.011811109259724617
-1.185030221939087,0.2515249252319336,9.9393949508667,-0.3983919322490692,-0.29468852281570435,-0.044834282249212265
-1.6497529745101929,-3.129243850708008e-7,10.619710922241211,-0.35897716879844666,0.2699011564254761,-0.1705353856086731
-1.5587248802185059,0.004790633916854858,11.043710708618164,-0.4548509120941162,0.5862844586372375,-0.26747435331344604
-0.7179118394851685,0.10540074110031128,11.46052360534668,-0.5720298886299133,0.5031939148902893,-0.19077539443969727
-0.26516640186309814,0.15091483294963837,11.177857398986816,-0.5134404301643372,0.24326957762241364,0.07340997457504272
0.20913833379745483,0.26110684871673584,10.04000473022461,-0.380282461643219,0.04832634702324867,0.23213423788547516
0.15164685249328613,0.40004459023475647,9.09858226776123,0.06925877928733826,-0.3021453619003296,0.4142943322658539
0.036663882434368134,0.4048355519771576,8.904548645019531,0.3121388852596283,-0.4012148976325989,0.4047069549560547
-0.09269195795059204,0.37608981132507324,8.873407363891602,0.6221305727958679,-0.5077412128448486,0.26941847801208496
-0.22683876752853394,0.32578474283218384,9.093791007995605,0.6476969122886658,-0.5460907220840454,0.1873931735754013
-0.30828502774238586,0.30422544479370117,9.560909271240234,0.5198652744293213,-0.5982886552810669,0.05423523113131523
-0.27714380621910095,0.3138073682785034,9.687870025634766,0.32492202520370483,-0.5929623246192932,-0.01074584573507309
-0.27235284447669983,0.3401576280593872,9.750152587890625,0.24289673566818237,-0.5567433834075928,-0.020333217456936836
-0.08071456849575043,0.32578474283218384,9.630378723144531,0.09056404232978821,-0.3628653883934021,-0.016072163358330727
-0.1645563244819641,0.38806721568107605,9.374062538146973,0.06925877928733826,-0.3010801076889038,-0.0032890005968511105
-0.3442172110080719,0.43837225437164307,9.726197242736816,0.06606298685073853,-0.21905480325222015,0.012689953669905663
-0.2795392870903015,0.38806721568107605,9.898672103881836,0.07778088748455048,-0.07417897135019302,0.023342588916420937
-0.14778795838356018,0.3090164065361023,10.05677318572998,0.0436924509704113,-0.03582947701215744,-0.01074584573507309
-0.12622866034507751,0.4431632161140442,9.903462409973145,0.012799807824194431,-0.07417897135019302,-0.01500689797103405
-0.08790100365877151,0.5677281022071838,9.726197242736816,0.0010819088201969862,-0.12318108230829239,-0.00541952857747674
-0.02322307974100113,0.6587562561035156,9.651937484741211,0.0096040153875947,-0.14555160701274872,0.003102580551058054
0.09175988286733627,0.7617618441581726,9.719011306762695,0.07565036416053772,-0.1466168761253357,0.01801626943051815
0.3384941816329956,0.7952985763549805,9.728592872619629,0.13637039065361023,-0.11146319657564163,0.040386803448200226
0.2810027003288269,0.7665528059005737,9.754942893981934,0.13850091397762299,-0.04435158520936966,0.08086682111024857
0.09415536373853683,0.7354115843772888,9.620796203613281,0.11186932027339935,-0.020915785804390907,0.09578051418066025
0.0007316991686820984,0.7473889589309692,9.60402774810791,0.08417247235774994,0.01636844128370285,0.1074984148144722
0.11331919580698013,0.7545754313468933,9.532163619995117,0.06180192902684212,0.1601790338754654,0.097911037504673
0.1540423333644867,0.7785301804542542,9.678287506103516,0.06286720186471939,0.20065905153751373,0.030799435451626778
0.11811015754938126,0.8240442872047424,9.800457000732422,0.05221455916762352,0.14952640235424042,-0.029920591041445732
0.029477447271347046,0.7545754313468933,9.860343933105469,0.04688824340701103,0.13780850172042847,-0.037377435714006424
-0.39212676882743835,0.5821009874343872,9.68307876586914,0.03197455033659935,0.17083166539669037,-0.04270375519990921
-0.42326799035072327,0.5437732934951782,9.112955093383789,0.038366131484508514,0.22409485280513763,-0.06827007979154587
-0.20767492055892944,0.47669991850852966,8.837474822998047,0.08204193413257599,0.2816190719604492,-0.08211850374937057
-0.10946030914783478,0.33776217699050903,8.768006324768066,0.1949598789215088,0.35618752241134644,-0.0853142961859703
-1.252103567123413,0.3066209554672241,7.316346168518066,0.22585251927375793,0.44034335017204285,-0.040573228150606155
-3.302633285522461,0.6467788815498352,8.59792709350586,0.19069883227348328,0.4723012447357178,-0.028855325654149055
-1.5012333393096924,0.5461688041687012,8.993181228637695,0.05647561326622963,0.6406129002571106,-0.020333217456936836
0.8966406583786011,0.08384142816066742,10.368185997009277,-0.07668232917785645,1.1370257139205933,0.08619314432144165
1.0451604127883911,0.49586373567581177,10.176547050476074,-0.18107816576957703,0.8771014213562012,0.1788710653781891
0.40556758642196655,0.5964738130569458,9.39322566986084,-0.4473940432071686,-0.8592782020568848,0.31735533475875854
-0.08790100365877151,0.45274513959884644,8.916525840759277,-0.1682949960231781,-0.8464950323104858,0.3983153700828552
-0.2483980655670166,0.4814908802509308,9.072232246398926,-0.06496443599462509,-0.7463603019714355,0.1969805508852005
-0.6676068305969238,0.5270049571990967,10.001677513122559,-0.06816022098064423,-0.3490169644355774,-0.11620693653821945
-0.9502732753753662,0.6875020265579224,10.670016288757324,-0.2961266338825226,0.1793537735939026,-0.16201327741146088
-1.0341150760650635,0.469513475894928,10.57180118560791,-0.44845932722091675,0.414777010679245,-0.14070801436901093
-0.9023637175559998,0.3329712152481079,10.658038139343262,-0.6146404147148132,0.7588571310043335,-0.07359639555215836
-0.5885559916496277,0.41441747546195984,10.32985782623291,-0.5081140995025635,0.7087897658348083,0.003102580551058054
-0.5837650895118713,0.3856717348098755,10.442445755004883,-0.258842408657074,0.19959378242492676,0.06382260471582413
-0.4017086923122406,0.25392040610313416,10.320276260375977,0.02345244213938713,-0.4086717367172241,0.10110682994127274
.7610304951667786,2.2972636222839355,9.227937698364258,0.06731800734996796,0.2961665987968445,-0.005582647398114204
-0.801753580570221,2.3906872272491455,9.148886680603027,0.07264432311058044,0.26527395844459534,-0.02795318327844143
-0.7442620992660522,2.3691279888153076,9.000367164611816,0.057730626314878464,0.18644443154335022,-0.07056371867656708
-0.7466576099395752,2.3308002948760986,8.954853057861328,0.016185345128178596,0.1587475836277008,-0.1344795525074005
-0.9239230155944824,2.266122341156006,8.914130210876465,-0.016837824136018753,0.1598128378391266,-0.1770900934934616
-1.2592899799346924,2.189467191696167,8.959644317626953,-0.0807536393404007,0.18644443154335022,-0.25165852904319763
-1.5395610332489014,2.146348476409912,9.290220260620117,-0.13508208096027374,0.18857495486736298,-0.2761596143245697
-1.589866042137146,2.091252565383911,9.405202865600586,-0.131886288523674,0.14702968299388885,-0.2388753741979599
-1.6569393873214722,2.040947437286377,9.429158210754395,-0.09247153997421265,0.13744230568408966,-0.20372168719768524
-1.6665213108062744,2.1032297611236572,9.378852844238281,0.024707457050681114,0.05754753574728966,-0.13874059915542603
-1.6114253997802734,2.1870715618133545,9.086605072021484,0.0705137848854065,-0.01275986060500145,-0.12063110619783401
-1.5036288499832153,2.211026430130005,8.655418395996094,0.10460223257541656,-0.12141674757003784,-0.10145636647939682
-1.5659112930297852,2.2541451454162598,8.629068374633789,0.020446402952075005,-0.12461254000663757,-0.08015109598636627
-1.5730977058410645,2.3308002948760986,9.038695335388184,-0.06264415383338928,-0.10117673873901367,-0.06417214125394821
-1.383854866027832,2.1104161739349365,9.304593086242676,-0.21178105473518372,-0.1139598935842514,-0.04499740153551102
-1.383854866027832,2.117602825164795,9.445926666259766,-0.2533263564109802,-0.02128196880221367,-0.05138897895812988
-1.424578070640564,2.1223936080932617,9.599237442016602,-0.26717478036880493,-0.03193460404872894,-0.0599110871553421
-1.3000131845474243,2.177489757537842,9.819621086120605,-0.27569690346717834,-0.07561041414737701,-0.054584771394729614
-1.1371206045150757,2.117602825164795,10.028027534484863,-0.2874147891998291,-0.1746799200773239,-0.014104755595326424
-0.9574596881866455,1.930755376815796,10.418490409851074,-0.26717478036880493,-0.20237676799297333,0.0008089346811175346
-0.9191320538520813,1.7702584266662598,10.341835021972656,-0.1467999815940857,-0.20237676799297333,-0.00025632884353399277
-0.9742280840873718,1.3366765975952148,8.643441200256348,0.040686409920454025,-0.02554302290081978,0.026375262066721916
-2.631899356842041,2.189467191696167,7.86491060256958,0.12058117985725403,0.12465915083885193,0.06365948170423508
-1.1898211240768433,1.777444839477539,8.490130424499512,0.16638751327991486,0.49643611907958984,0.1520763486623764
-0.9909964203834534,1.7798402309417725,10.576592445373535,-0.31830742955207825,-1.396537184715271,0.12011846154928207
-0.9311094284057617,1.9355463981628418,10.555032730102539,-0.2224336862564087,-1.2367477416992188,0.16805531084537506
-0.5981379151344299,1.7127668857574463,10.102287292480469,0.0513390488922596,-1.1675055027008057,0.21492689847946167
-0.6676068305969238,1.700789451599121,10.00886344909668,0.21325911581516266,-1.0716317892074585,0.08922581374645233
-0.48794591426849365,1.5378968715667725,9.817225456237793,0.21325911581516266,-0.9384739398956299,0.04661526530981064
-0.670002281665802,1.6936030387878418,9.754942893981934,0.14614750444889069,-0.49852004647254944,0.06152895838022232
-1.017346739768982,1.8301453590393066,9.78368854522705,-0.009380977600812912,0.07352648675441742,0.07963844388723373
-1.3982278108596802,1.8493092060089111,10.353813171386719,-0.16810524463653564,0.4804571866989136,0.10094371438026428
-1.1610753536224365,1.7678627967834473,10.746671676635742,-0.18727998435497284,0.5209371447563171,0.13716265559196472
-0.7562395334243774,1.7127668857574463,10.52389144897461,-0.07436205446720123,0.29297080636024475,0.21066585183143616
-0.8951772451400757,1.8133769035339355,10.255598068237305,0.16532225906848907,0.03304647281765938,0.20533953607082367
-1.1658663749694824,2.112811803817749,9.33094310760498,0.282501220703125,-0.13419990241527557,0.1712511032819748
-1.0916064977645874,2.141557455062866,8.978808403015137,0.3730486333370209,-0.5315432548522949,0.13396687805652618
-0.8999682068824768,2.1056253910064697,8.801542282104492,0.338960200548172,-0.6465917229652405,0.14355424046516418
-0.6963525414466858,2.0601112842559814,8.837474822998047,0.2686527967453003,-0.7009201645851135,0.15314161777496338
-0.2795392870903015,2.0265746116638184,9.033904075622559,0.17704015970230103,-0.6966590881347656,0.15953320264816284
-0.1334151029586792,2.0601112842559814,9.187214851379395,0.017250610515475273,-0.5155643224716187,0.1563374102115631
-0.06873717904090881,2.0649020671844482,9.333338737487793,-0.048795729875564575,-0.37601470947265625,0.14142371714115143
-0.05196882411837578,2.0337610244750977,9.520186424255371,-0.10631996393203735,-0.23859573900699615,0.11692266911268234
0.01510457694530487,1.8349361419677734,10.004073143005371,-0.15319155156612396,-0.13206937909126282,0.08709529042243958
0.029477447271347046,1.68402099609375,10.296320915222168,-0.1989978849887848,-0.034065134823322296,0.04661526530981064
-0.0016637742519378662,1.6744391918182373,10.380163192749023,-0.14786523580551147,-0.003172488184645772,0.05194158852100372
0.007918141782283783,1.6265296936035156,10.317880630493164,-0.09886310994625092,0.02452436462044716,0.07005107402801514
0.0582231804728508,1.672043800354004,10.061564445495605,0.02257693000137806,0.09589701890945435,0.12118372321128845
0.13248303532600403,1.7031848430633545,9.891485214233398,0.1173853874206543,0.16513915359973907,0.179773211479187
0.2690252959728241,1.8133769035339355,9.649541854858398,0.14827804267406464,0.2066844403743744,0.20747005939483643
0.32891225814819336,1.8780548572540283,9.568096160888672,0.1642569899559021,0.2769918441772461,0.24368901550769806
0.4199404716491699,1.8900322914123535,9.42436695098877,0.1642569899559021,0.33132028579711914,0.25327637791633606
0.4654545187950134,1.9187779426574707,9.316570281982422,0.14934329688549042,0.34942978620529175,0.24795007705688477
0.45108169317245483,2.0672976970672607,9.275847434997559,0.11632013320922852,0.36860451102256775,0.23516690731048584
0.5397143959999084,2.0864615440368652,9.22314739227295,0.08542747795581818,0.3377118706703186,0.2138616442680359
0.5253415107727051,2.1607213020324707,9.407598495483398,0.07264432311058044,0.3089497685432434,0.20214374363422394
0.4606636166572571,2.244563102722168,9.673497200012207,0.11951592564582825,0.25036025047302246,0.189360573887825
0.5540872812271118,2.2253992557525635,9.469881057739258,0.17917068302631378,0.1832486391067505,0.17444688081741333
0.5421098470687866,2.311636447906494,9.386039733886719,0.18556226789951324,0.14170336723327637,0.16379424929618835
0.45587265491485596,2.5008792877197266,9.278243064880371,0.1834317296743393,0.10122333467006683,0.13503213226795197
0.4726409912109375,2.563161849975586,9.158469200134277,0.17704015970230103,0.12785492837429047,0.1094658225774765
0.46305906772613525,2.6158623695373535,9.201587677001953,0.17704015970230103,0.1502254754304886,0.09455213695764542
0.3887992203235626,2.7548000812530518,9.19200611114502,0.21006332337856293,0.18857495486736298,0.04448474198579788
0.2426750361919403,2.8098959922790527,8.904548645019531,0.21432438492774963,0.18537916243076324,-0.011974228546023369
