upDown
1.658402919769287,2.6973085403442383,7.817000865936279,-0.45103758573532104,0.29297080636024475,-0.06029890850186348
2.171035051345825,2.2349812984466553,6.44439172744751,-0.7035050392150879,0.41654136776924133,-0.10717050731182098
2.218944787979126,2.278099775314331,6.3988776206970215,-0.841989278793335,0.5582213997840881,-0.17960843443870544
0.8774768710136414,2.0601112842559814,8.885384559631348,-0.7546376585960388,0.9129541516304016,-0.3500506281852722
0.6163697242736816,2.045738458633423,8.684164047241211,-0.2965743839740753,-0.26309677958488464,-0.4597727656364441
0.5157595872879028,2.337986707687378,10.674806594848633,-0.27633437514305115,-0.17148412764072418,-0.11888841539621353
-0.6436520218849182,0.8599764704704285,13.249946594238281,-0.5809997320175171,1.0716785192489624,0.3423707187175751
-1.1490980386734009,0.30422544479370117,10.705947875976562,0.5620281100273132,-0.782945454120636,-0.4405980110168457
-2.080939292907715,1.4037501811981201,9.132119178771973,0.5417881011962891,0.40056243538856506,-0.39053064584732056
-2.3755831718444824,1.4947783946990967,9.529767990112305,0.5609628558158875,0.5592866539955139,-0.15510736405849457
-1.759945034980774,1.9068005084991455,8.559598922729492,0.5279396772384644,0.09483176469802856,0.29762962460517883
-0.2939121723175049,2.266122341156006,6.109025001525879,-0.031323742121458054,-0.7126380801200867,0.6491667032241821
0.06061866134405136,2.3188228607177734,5.974877834320068,-0.19750486314296722,-0.8330128788948059,0.6512972116470337
0.26662981510162354,2.31642746925354,5.900618076324463,-0.3221406936645508,-0.9533876180648804,0.6363835334777832
0.5037822127342224,2.354755163192749,5.8431267738342285,-0.4212101995944977,-0.9928023815155029,0.6438403725624084
0.8295673131942749,2.172698736190796,5.9581098556518555,-0.5330628752708435,-0.7733581066131592,0.6385140419006348
0.7481210231781006,2.0768795013427734,6.247962474822998,-0.4659512937068939,-0.6657664775848389,0.5724676847457886
0.9972507953643799,1.6936030387878418,6.183284759521484,-0.377534419298172,-0.8159686326980591,0.49470338225364685
1.3398041725158691,1.1546204090118408,5.907804489135742,-0.22413645684719086,-1.0311517715454102,0.17832012474536896
2.7387635707855225,1.480405330657959,7.273227214813232,-0.21881014108657837,-0.623155951499939,-0.5055790543556213
1.2655444145202637,2.1966536045074463,10.33944034576416,0.20303423702716827,-0.4825410842895508,-0.7314149141311646
1.5218605995178223,3.245873212814331,11.903687477111816,1.04246187210083,-0.4495179057121277,-0.4981222450733185
1.140979528427124,1.8732638359069824,11.208998680114746,1.6432706117630005,-0.06389251351356506,-0.36816009879112244
1.3398041725158691,2.9727885723114014,10.612524032592773,1.2874724864959717,-0.2875978350639343,-0.36816009879112244
1.6488209962844849,3.47104811668396,10.21966552734375,0.902912437915802,-0.6306127905845642,-0.275482177734375
2.2596678733825684,3.4686527252197266,9.009949684143066,0.7314050197601318,-0.5635011792182922,-0.25950321555137634
1.8524366617202759,3.6291496753692627,8.458989143371582,0.2680153250694275,-0.1842672973871231,-0.24139371514320374
1.2823127508163452,3.80641508102417,8.832683563232422,-0.07713007181882858,0.01174120232462883,-0.21263159811496735
0.09894632548093796,3.3584606647491455,11.771936416625977,-0.602304995059967,0.19390127062797546,-0.07201681286096573
0.7577029466629028,2.3858964443206787,14.09075927734375,-0.407361775636673,-0.20237676799297333,0.12612222135066986
1.4452053308486938,2.0098061561584473,13.676342010498047,-0.17619958519935608,-0.5507180094718933,0.13038326799869537
2.108752727508545,2.062506675720215,11.125157356262207,0.2211437225341797,-0.8649707436561584,0.0014863759279251099
2.863328456878662,3.6267542839050293,6.784549713134766,0.43526169657707214,-0.07028409838676453,-0.049646276980638504
3.3879382610321045,3.530935049057007,6.049138069152832,0.3905206322669983,0.7180109024047852,-0.10930103808641434
2.168639659881592,2.5392069816589355,8.662605285644531,0.1827942281961441,1.4487817287445068,-0.3990527391433716
0.3887992203235626,2.7044949531555176,10.028027534484863,0.2680153250694275,1.3667564392089844,-0.3926611542701721
-0.19569754600524902,2.9632067680358887,9.443531036376953,0.27440690994262695,1.1899226903915405,-0.28293901681900024
-0.18132466077804565,2.9248790740966797,7.610990047454834,0.1359226405620575,0.8980404734611511,-0.013427314348518848
0.8774768710136414,2.4793200492858887,5.855103969573975,-0.16022063791751862,0.8053625226020813,0.08457693457603455
1.2559624910354614,2.1822807788848877,5.409544944763184,-0.47340813279151917,0.8149498701095581,-0.041124168783426285
1.0882790088653564,2.146348476409912,5.615556240081787,-0.5586292147636414,0.840516209602356,-0.1252799928188324
0.4750364422798157,1.887636661529541,6.559374809265137,-0.6118923425674438,0.68924880027771,-0.2105010747909546
-1.4054142236709595,2.4338059425354004,8.094876289367676,-0.42227548360824585,0.07991807162761688,0.11760010570287704
-0.2819347679615021,3.123703718185425,8.43503475189209,-0.3498375415802002,-0.3973200023174286,0.591642439365387
0.16122877597808838,2.9176926612854004,7.972707271575928,-0.34770703315734863,-0.6721580624580383,0.7482361793518066
0.9876688718795776,2.0601112842559814,6.988165378570557,-0.5245407223701477,-0.8607097268104553,1.027335286140442
-1.6018434762954712,0.9318408370018005,8.657814025878906,-0.5330628752708435,0.19922760128974915,1.4289395809173584
-2.4522383213043213,1.3678178787231445,9.711824417114258,-0.00043109944090247154,1.4104323387145996,1.8987208604812622
-0.05436430498957634,1.3246994018554688,7.8505377769470215,0.11994368582963943,2.0304155349731445,1.8433271646499634
0.8247763514518738,2.4793200492858887,8.7296781539917,-0.04836795851588249,3.2405550479888916,1.827348232269287
1.514674186706543,0.8695583939552307,7.321136951446533,-0.1378501057624817,3.009392738342285,1.832674503326416
2.3195548057556152,1.7798402309417725,12.160003662109375,-0.8696861267089844,1.5585039854049683,1.505638599395752
5.831326484680176,3.2386868000030518,8.23141860961914,-2.4622552394866943,-0.38453683257102966,0.7152130007743835
3.8215198516845703,2.3403823375701904,11.240139961242676,-2.910731315612793,-0.9224950075149536,-0.3894653618335724
0.9038271307945251,0.6276150941848755,10.464004516601562,-2.936297655105591,-1.3134466409683228,-0.6962612271308899
0.30974844098091125,-0.3090170621871948,9.43394947052002,-2.9480154514312744,-1.7054636478424072,-1.0243624448776245
-0.27714380621910095,0.5030502080917358,8.662605285644531,-2.9022090435028076,-1.9675184488296509,-1.073364496231079
-0.3010985851287842,1.930755376815796,4.750788688659668,-3.197287082672119,-2.059131383895874,-0.26482954621315
3.7736103534698486,0.5581461787223816,11.604252815246582,-3.876925230026245,0.3472992479801178,0.44783180952072144
6.442173480987549,-1.8996148109436035,18.191818237304688,-3.6010220050811768,1.0823310613632202,-0.10077892988920212
7.553675651550293,-4.285511493682861,24.30986976623535,-3.014061689376831,1.673552393913269,-1.274699330329895
6.034942150115967,-4.48673152923584,29.797910690307617,-2.0947394371032715,1.8514513969421387,-2.5796473026275635
-3.319401741027832,0.8264397978782654,34.92423629760742,0.2733416259288788,0.8234720230102539,-3.044102191925049
-6.196371555328369,2.541602373123169,34.6463623046875,2.000133752822876,1.4828702211380005,-0.8017222881317139
-4.814180374145508,0.9557956457138062,35.27876663208008,2.758601427078247,1.8759524822235107,-0.37668222188949585
-2.3707921504974365,-1.1953442096710205,36.28726577758789,4.144509792327881,1.1015058755874634,-0.6014527678489685
-0.39212676882743835,-2.5703487396240234,37.032257080078125,4.798581600189209,0.23757708072662354,-0.8230276107788086
-1.2832448482513428,-2.9129021167755127,34.82602310180664,5.242796421051025,-0.6433959603309631,-1.019036054611206
-2.682204484939575,-3.2099416255950928,30.511764526367188,5.42708683013916,-1.6500699520111084,-1.1436718702316284
-3.7937064170837402,-3.1213088035583496,25.608219146728516,5.516569137573242,-1.7587268352508545,-0.9881434440612793
-5.59510612487793,-2.7092864513397217,20.81486701965332,5.946935653686523,-2.079371213912964,-0.407574862241745
-6.56287956237793,-4.829285144805908,16.919818878173828,6.21325159072876,-2.5619356632232666,0.1857769787311554
-5.707693576812744,-6.958865642547607,12.160003662109375,6.276102066040039,-2.853817939758301,0.4158738851547241
-5.389095306396484,-7.919452667236328,9.903462409973145,6.374106407165527,-3.3172075748443604,0.8004341125488281
-3.1900458335876465,-8.870457649230957,5.0238728523254395,6.126965045928955,-3.382188558578491,0.7311919927597046
-1.0987929105758667,-8.803383827209473,0.8749040961265564,5.038265705108643,-2.6705925464630127,0.45635390281677246
-0.47596850991249084,-8.142231941223145,-3.6884827613830566,3.9378483295440674,-1.7374216318130493,0.23797489702701569
0.13008755445480347,-6.108470439910889,-4.524504661560059,3.4904375076293945,-1.307055115699768,0.1857769787311554
-0.12143769860267639,-5.200584411621094,-4.083736419677734,2.899216413497925,-0.6892022490501404,0.2795201539993286
-0.7969626188278198,-3.8255794048309326,-2.739872932434082,2.460327625274658,-0.43780001997947693,0.3381096422672272
0.5277369618415833,-3.4015798568725586,-3.1231493949890137,2.123704433441162,-0.4484526515007019,0.09096851944923401
0.5540872812271118,-3.2746193408966064,-3.0057711601257324,1.5676368474960327,-0.8085117936134338,0.022791648283600807
0.2618388831615448,-1.2767903804779053,-3.5950589179992676,1.0658977031707764,-0.6796149015426636,0.020661119371652603
0.2618388831615448,-0.011977717280387878,-4.043013095855713,0.8666934967041016,-0.6508527994155884,0.022791648283600807
0.20913833379745483,0.606055736541748,-4.301724910736084,0.46721962094306946,-0.13952621817588806,0.09522957354784012
0.18278807401657104,1.612156629562378,-4.847894191741943,0.0602889247238636,0.2823181748390198,0.1335790604352951
0.5588781833648682,2.0433428287506104,-4.411916732788086,-0.1516985297203064,0.3813876807689667,0.08351167291402817
0.7433300614356995,2.287681818008423,-4.656255722045898,-0.6832650303840637,0.6018971800804138,-0.017688367515802383
0.9014316201210022,2.678144693374634,-4.840707778930664,-1.219092607498169,0.6796613931655884,-0.03260205686092377
0.8607085347175598,2.733240842819214,-4.677814960479736,-1.503517985343933,0.7670130133628845,0.023856911808252335
0.05582771450281143,2.821873426437378,-4.395148754119873,-2.266246795654297,0.659421443939209,0.24117067456245422
0.7265617251396179,2.5943028926849365,-4.15799617767334,-3.465733528137207,0.3377118706703186,0.28697699308395386
2.0800070762634277,1.2743942737579346,-4.874244213104248,-4.2710723876953125,0.07033069431781769,0.16979801654815674
3.2394185066223145,0.3066209554672241,-4.656255722045898,-5.568563461303711,-0.026608286425471306,-0.21369686722755432
3.2298367023468018,-1.2240898609161377,-0.7324619889259338,-5.877490043640137,0.35475608706474304,-0.3745516836643219
0.6546973586082458,-1.8445188999176025,3.866856575012207,-5.723026752471924,0.764882504940033,-0.16149894893169403
-0.6795842051506042,-1.7463042736053467,6.293476581573486,-4.950710773468018,1.4402596950531006,0.9804636240005493
-1.700058102607727,-1.4947788715362549,9.405202865600586,-4.616218090057373,1.303905963897705,1.3021732568740845
-0.4735730290412903,-3.157240867614746,10.01844596862793,-4.243375778198242,1.42534601688385,1.3085647821426392
0.06540962308645248,-3.806415557861328,9.932209014892578,-4.76961612701416,1.564895510673523,1.43107008934021
0.21392929553985596,-4.304675102233887,8.45659351348877,-5.354445457458496,1.6533124446868896,1.4917901754379272
-0.06634169816970825,-4.618483066558838,6.216821193695068,-5.537671089172363,2.221097707748413,1.3671543598175049
-0.1789291799068451,-5.531160354614258,6.837250232696533,-3.8694684505462646,2.633354663848877,0.4105475842952728
0.9158045053482056,-7.169667720794678,13.063098907470703,-2.8233795166015625,2.857060194015503,-0.12314946204423904
3.8382883071899414,-4.481940746307373,16.8383731842041,-2.3141837120056152,3.938302755355835,0.05794534459710121
1.342199683189392,-4.434031009674072,16.292203903198242,-3.396491527557373,4.397431373596191,0.2805854082107544
-4.047626972198486,-5.135906219482422,10.868840217590332,-3.5371062755584717,4.2333807945251465,-0.18386948108673096
0.5780420303344727,-4.640042304992676,14.509967803955078,-2.2918131351470947,3.064786434173584,-1.4302278757095337
1.4547871351242065,-6.551634311676025,23.804424285888672,-0.8995135426521301,2.707923173904419,-1.961794376373291
0.7505164742469788,-5.425759315490723,25.071632385253906,-0.6566334366798401,2.922041177749634,-1.4355541467666626
-3.137345314025879,-1.6504850387573242,21.16460609436035,-0.753572404384613,2.9028663635253906,-1.061646580696106
-4.854903221130371,0.13414648175239563,19.50214385986328,-0.6513071060180664,2.236011505126953,-0.607844352722168
-6.143671035766602,1.870868444442749,19.84709358215332,-0.2827259600162506,0.8682130575180054,-0.49066540598869324
-6.07899284362793,1.468428134918213,23.818796157836914,-0.19004802405834198,0.2066844403743744,-0.35431167483329773
-6.912619590759277,1.5283150672912598,24.757823944091797,-0.1282627284526825,-0.9320823550224304,0.06220639869570732
-7.621681213378906,1.8828458786010742,24.62128257751465,0.3851943016052246,-1.4860193729400635,0.15062327682971954
-7.379737854003906,1.5977838039398193,25.05486297607422,0.9497840404510498,-1.391210913658142,0.0962948352098465
-5.793931007385254,0.06467760354280472,26.67420768737793,2.13435697555542,-0.8223602175712585,0.22732225060462952
-6.162834644317627,-0.8767455220222473,26.87542724609375,2.4486098289489746,0.023459099233150482,0.46168023347854614
-8.512799263000488,-3.5548903942108154,24.851247787475586,2.565788745880127,0.1257244050502777,0.42333072423934937
-6.639534950256348,-5.7611260414123535,23.85712432861328,3.424391269683838,-0.4772147536277771,0.04196639358997345
-5.6430158615112305,-6.36718225479126,26.187925338745117,4.82095193862915,-1.269770860671997,0.06114113703370094
-6.43112850189209,-8.226073265075684,27.953392028808594,5.41963005065918,-1.4934762716293335,0.19216854870319366
-8.714019775390625,-9.922072410583496,24.453598022460938,5.806320667266846,-1.768314242362976,0.5298571586608887
-9.494945526123047,-10.590411186218262,21.121488571166992,5.631617546081543,-1.8173162937164307,0.7002993226051331
-8.67808723449707,-10.211925506591797,14.081177711486816,5.355714321136475,-1.8929500579833984,0.8707414865493774
-8.028912544250488,-9.7064790725708,11.707258224487305,4.708034038543701,-1.9408869743347168,1.1541016101837158
-7.295896053314209,-9.260920524597168,9.975327491760254,4.421478271484375,-1.8918848037719727,1.2403879165649414
-5.710089206695557,-8.491971969604492,7.510379791259766,4.2009687423706055,-1.798141598701477,1.3106954097747803
-5.00342321395874,-8.079949378967285,7.0097246170043945,4.046505451202393,-1.696941614151001,1.3735458850860596
-4.541095733642578,-7.715836524963379,6.580934047698975,3.960218906402588,-1.6447436809539795,1.4300048351287842
-4.023672103881836,-7.30381441116333,6.346177101135254,3.8036251068115234,-1.7470089197158813,1.4917901754379272
-3.511039972305298,-6.853464603424072,6.075488090515137,3.454218626022339,-2.201876640319824,1.4502449035644531
-2.423492670059204,-6.12523889541626,4.5998735427856445,3.2315785884857178,-2.4681925773620605,1.3799375295639038
-1.072442650794983,-5.437736511230469,2.6930723190307617,2.763927936553955,-2.753683090209961,1.001768946647644
-0.14299701154232025,-5.071228504180908,1.6869713068008423,2.287755012512207,-2.376579761505127,0.21666961908340454
2.0033516883850098,-4.498708724975586,-0.9121229648590088,2.1013338565826416,-1.919581651687622,-0.2190231829881668
3.661022901535034,-3.8806753158569336,-2.828505516052246,1.9095864295959473,-0.6817454099655151,-0.8837476372718811
4.025135517120361,-3.111726999282837,-3.3243699073791504,1.9404791593551636,0.346233993768692,-1.3055919408798218
3.169949769973755,-1.1689939498901367,-2.8141326904296875,2.0470054149627686,0.46767401695251465,-1.1873477697372437
1.5745611190795898,0.5294004678726196,-1.7098172903060913,2.1727066040039062,0.592309832572937,-0.6142359375953674
0.5996013283729553,1.6241340637207031,-1.590043306350708,1.923434853553772,0.8767352104187012,-0.19026106595993042
0.27142077684402466,3.164426803588867,-2.196099281311035,1.6326179504394531,0.9395857453346252,-0.1061052456498146
1.1649342775344849,3.2865962982177734,-3.7387876510620117,0.8262134790420532,0.8618214726448059,-0.09119155257940292
1.3565725088119507,3.1596360206604004,-4.428685188293457,-0.05689006671309471,0.6477035284042358,-0.24672003090381622
1.8787869215011597,2.855410099029541,-5.322198867797852,-0.4435807466506958,0.5859182476997375,-0.30637481808662415
2.159057855606079,2.9895570278167725,-5.293453216552734,-1.3117705583572388,0.21201075613498688,-0.26376426219940186
1.9338828325271606,3.174008846282959,-5.192842960357666,-2.4164488315582275,-0.7701622843742371,0.04516218230128288
1.4955103397369385,3.305760145187378,-4.835916519165039,-3.019388198852539,-1.2569876909255981,0.1708632856607437
2.599825859069824,3.114121913909912,-4.917362689971924,-3.6276535987854004,-1.5403478145599365,0.21560434997081757
3.6753957271575928,2.3571505546569824,-5.535396575927734,-4.538453578948975,-1.3336867094039917,0.01533480267971754
4.750965595245361,1.4396822452545166,-6.0695881843566895,-4.838858127593994,-0.8628402352333069,-0.10397471487522125
5.251620769500732,-0.5413784980773926,-5.535396575927734,-5.090260028839111,-0.15976622700691223,-0.1540421098470688
4.365293502807617,-1.4468693733215332,-5.202425003051758,-5.4023823738098145,1.430672287940979,-0.1913263350725174
3.4861528873443604,-2.08406662940979,-4.416707992553711,-5.259637355804443,2.8538644313812256,-0.3884001076221466
1.9865833520889282,-3.602799892425537,-0.8330721259117126,-4.925144195556641,3.252272844314575,-0.5524506568908691
0.5492963194847107,-4.903544902801514,5.210720539093018,-3.9344494342803955,2.9987401962280273,-0.49918749928474426
-0.39212676882743835,-4.29988431930542,8.806333541870117,-4.202895641326904,2.6706390380859375,0.42439600825309753
-4.864485263824463,-2.3739194869995117,13.542194366455078,-4.8324666023254395,2.7462728023529053,0.6640803813934326
-5.1974568367004395,-3.212337017059326,11.70246696472168,-5.142457962036133,1.8727567195892334,0.6097519397735596
-4.030858516693115,-4.283115863800049,13.755392074584961,-3.952558994293213,1.115354299545288,0.37219807505607605
-3.721842050552368,-5.638956546783447,21.293962478637695,-3.1802430152893066,0.7574256658554077,0.4158738851547241
-6.141275405883789,-4.422053813934326,24.630863189697266,-2.484625816345215,0.4612824618816376,0.6225351095199585
-6.922201633453369,-3.8351614475250244,24.772197723388672,-2.7690510749816895,0.5081539750099182,0.4883118271827698
-4.672847270965576,-3.403975248336792,20.807680130004883,-2.4526679515838623,-0.039391450583934784,0.31467384099960327
-3.4918761253356934,-3.6147773265838623,21.363431930541992,-1.1136316061019897,-0.11609043180942535,-0.3319411277770996
-2.8259329795837402,-3.0159077644348145,23.02349853515625,-0.11547956615686417,-0.02447775937616825,-0.9029223322868347
-2.097707509994507,-2.3619420528411865,21.75149917602539,0.050701554864645004,-0.02447775937616825,-1.1181056499481201
-1.6665213108062744,-2.165512800216675,19.895002365112305,0.1071605309844017,0.07672227919101715,-1.4025310277938843
-1.0436969995498657,-1.7367222309112549,17.70074462890625,0.32234376668930054,-0.6071769595146179,-1.3599203824996948
-0.7658213973045349,-1.2887678146362305,15.762803077697754,0.45337119698524475,-0.9672360420227051,-1.220370888710022
-2.1384308338165283,-0.33297184109687805,14.126691818237305,0.6227481365203857,-1.1547224521636963,-0.6983917355537415
-3.6475822925567627,0.23715205490589142,14.083573341369629,0.7761460542678833,-0.925690770149231,-0.24458949267864227
-3.985344648361206,0.2443384826183319,13.190059661865234,0.902912437915802,-0.8479265570640564,-0.12421473115682602
-3.455944061279297,0.26589781045913696,11.86535930633545,1.2086430788040161,-0.7083770036697388,-0.08053892105817795
-2.7660460472106934,0.1940334439277649,11.525201797485352,1.4973294734954834,-0.7935981154441833,-0.08693049848079681
-2.3109052181243896,-0.17487025260925293,11.654557228088379,1.546331524848938,-0.7765538692474365,-0.07627786695957184
-1.012555718421936,-0.88632732629776,12.303731918334961,1.4312831163406372,-0.5741537809371948,0.06646745651960373
-0.7873807549476624,-1.2240898609161377,11.94441032409668,1.2033166885375977,-0.5272822380065918,0.15062327682971954
-0.9933918714523315,-1.1642029285430908,11.197021484375,1.117030382156372,-0.5421959161758423,0.08138114213943481
-0.9047591686248779,-0.5629377961158752,10.514309883117676,0.9135650992393494,-0.6476569771766663,-0.019818894565105438
0.05343223363161087,-0.857581615447998,10.444841384887695,0.44484907388687134,-0.23539994657039642,0.37645915150642395
0.2881891429424286,-1.0324516296386719,10.569405555725098,0.15296685695648193,0.018132783472537994,0.628926694393158
-0.9886009097099304,-0.8288359045982361,9.970536231994629,-0.2369196116924286,0.2152065485715866,0.7034951448440552
-1.8557641506195068,-0.1772657334804535,8.91892147064209,-0.13678483664989471,-0.3440568149089813,0.18364644050598145
-0.9287139773368835,-0.1964295506477356,9.136909484863281,0.31275638937950134,-0.7978591322898865,-0.17960843443870544
1.4236459732055664,-1.3151180744171143,10.940705299377441,0.5471144318580627,-0.7254212498664856,-0.16043369472026825
1.416459560394287,-2.474529504776001,12.370805740356445,0.8581713438034058,-0.21515993773937225,0.02492217719554901
-0.46878209710121155,-2.0529253482818604,11.448546409606934,0.8965208530426025,0.03624226525425911,0.09096851944923401
-0.8233129382133484,-1.3750050067901611,10.526287078857422,0.7889292240142822,0.22692444920539856,0.18897277116775513
-0.4735730290412903,-0.40244072675704956,8.880593299865723,0.6589670777320862,0.111875981092453,0.439309686422348
-0.5813695788383484,-0.4335819482803345,8.061339378356934,0.4927859604358673,0.4548908770084381,0.45102760195732117
-1.1347250938415527,-0.2084069550037384,8.207464218139648,0.4224785268306732,0.6210719347000122,0.3221307098865509
-0.837685763835907,0.213197261095047,7.34988260269165,0.6025081276893616,0.9054973125457764,0.19429908692836761
0.7385390996932983,-0.32818087935447693,7.040865898132324,0.9860029816627502,0.9917836785316467,0.45741915702819824
0.7553074359893799,-0.27548035979270935,7.505589008331299,1.08507239818573,0.9172152280807495,0.5799245238304138
-0.566996693611145,0.5581461787223816,9.474672317504883,0.9188913702964783,0.3622129261493683,0.48511603474617004
-1.0365105867385864,1.5762245655059814,8.993181228637695,0.38839009404182434,-0.029804080724716187,0.3125433325767517
-0.6268836855888367,1.3941681385040283,8.691350936889648,0.1593584418296814,-0.17787571251392365,0.35302335023880005
0.5876239538192749,1.1186881065368652,6.691125869750977,-0.09950060397386551,-0.217290461063385,0.5234655737876892
-0.32744884490966797,1.8493092060089111,6.073092460632324,-0.005757416132837534,-0.152309387922287,0.5905771851539612
-0.8616405725479126,2.134371042251587,6.384504795074463,0.16042369604110718,-0.18107150495052338,0.5660760998725891
-0.7682169079780579,2.256540536880493,7.472052097320557,0.5726807117462158,-0.4580400288105011,0.45741915702819824
-0.2795392870903015,1.9283599853515625,9.56570053100586,0.7250134348869324,-0.6370043754577637,0.23797489702701569
-0.19809302687644958,1.799004077911377,10.63408374786377,0.6653586626052856,-0.686006486415863,0.13464432954788208
0.21392929553985596,1.700789451599121,10.557428359985352,0.4640238285064697,-0.6742885708808899,0.1101432591676712
0.657092809677124,1.6528799533843994,9.263870239257812,0.1870552897453308,-0.19705045223236084,0.04303165525197983
0.3911947011947632,1.760676383972168,9.084209442138672,0.09118156880140305,-0.039391450583934784,0.052619028836488724
0.9876688718795776,2.4553651809692383,8.863824844360352,0.1167478933930397,-0.07347989082336426,0.14529696106910706
1.3278268575668335,2.788336753845215,8.928503036499023,0.2296658307313919,-0.19278940558433533,0.10162115097045898
0.8774768710136414,2.491297483444214,9.730988502502441,0.35856273770332336,-0.19278940558433533,-0.028341002762317657
1.4476007223129272,1.9499192237854004,11.676116943359375,0.45763224363327026,-0.07134935259819031,-0.18919579684734344
2.103961706161499,1.535501480102539,11.942014694213867,0.45763224363327026,0.5220023989677429,-0.33087587356567383
2.4848427772521973,0.9486091732978821,11.73360824584961,0.32767006754875183,0.9427815079689026,-0.2850695550441742
2.168639659881592,0.5246094465255737,11.295235633850098,0.3340616524219513,0.8074930310249329,-0.28826531767845154
0.6906295418739319,0.2443384826183319,10.909564018249512,0.4267396032810211,0.07139596343040466,-0.39479169249534607
0.10613275319337845,0.17007866501808167,12.045021057128906,0.30316901206970215,-0.3408610224723816,-0.4363369643688202
0.2738162577152252,0.16289222240447998,12.761268615722656,0.18066370487213135,-0.35683998465538025,-0.4022485315799713
0.10852823406457901,0.20121988654136658,11.91326904296875,-0.09523955732584,-0.1565704345703125,-0.2616337537765503
-0.21486136317253113,0.8144623637199402,9.733384132385254,-0.21135328710079193,-0.009564070031046867,-0.1870652735233307
-0.2531890273094177,1.3606314659118652,8.997971534729004,-0.2869870066642761,0.10868018865585327,-0.1252799928188324
-0.03280499577522278,1.964292049407959,8.18350887298584,-0.3253364861011505,0.18644443154335022,-0.07627786695957184
-0.06155074015259743,1.959501028060913,8.312865257263184,-0.3221406936645508,0.16726969182491302,-0.021949421614408493
-0.21246588230133057,1.777444839477539,8.569181442260742,-0.22839750349521637,-0.08626304566860199,-0.10717050731182098
-0.3945222496986389,1.573829174041748,8.782379150390625,-0.16022063791751862,-0.22368204593658447,-0.18813054263591766
-0.2364206612110138,1.4061455726623535,9.053068161010742,0.01980890892446041,-0.379210501909256,-0.3468548357486725
0.10134180635213852,1.2887670993804932,8.722492218017578,0.18918581306934357,-0.2407262623310089,-0.40437906980514526
0.19716095924377441,1.3390722274780273,8.382333755493164,0.263754278421402,-0.0905241072177887,-0.39159590005874634
0.21872025728225708,1.7582809925079346,7.541521072387695,0.415021687746048,0.2801876366138458,-0.27335163950920105
0.0582231804728508,2.299659252166748,6.79652738571167,0.5886597037315369,0.6828572154045105,-0.21156634390354156
-0.11664674431085587,2.6038849353790283,6.731849193572998,0.6951860189437866,0.7595561742782593,-0.26376426219940186
-0.18372014164924622,3.0542349815368652,7.00732946395874,0.8986513614654541,0.6413119435310364,-0.41929274797439575
0.3959856629371643,2.503274917602539,7.965520858764648,0.9604367017745972,0.37393084168434143,-0.4491201341152191
0.592414915561676,2.2349812984466553,8.619486808776855,0.9391313791275024,0.24503393471240997,-0.3841390609741211
0.18757903575897217,2.163116931915283,9.443531036376953,0.8240829110145569,0.03517699986696243,-0.17428211867809296
-0.6149062514305115,2.6709582805633545,9.352502822875977,0.5428533554077148,0.1310507208108902,0.10375168174505234
-0.8808044195175171,3.0230937004089355,9.326152801513672,0.3383227288722992,0.24503393471240997,0.24862752854824066
-1.2305442094802856,3.4015793800354004,8.732073783874512,-0.14530694484710693,0.4271940290927887,0.516008734703064
-1.3551090955734253,3.483025550842285,7.970311641693115,-0.5415849685668945,0.34090766310691833,0.6875161528587341
-1.3622956275939941,3.5021893978118896,7.912820339202881,-0.6193491816520691,0.14383389055728912,0.6821898221969604
-1.4054142236709595,3.300969123840332,8.612299919128418,-0.5554333925247192,-0.31955575942993164,0.5224003195762634
-1.012555718421936,2.702099561691284,10.28194808959961,-0.5405197143554688,-0.27161890268325806,0.48085495829582214
-0.6412565112113953,2.359546184539795,11.280862808227539,-0.6172186732292175,-0.027673549950122833,0.5309224128723145
-0.4520137310028076,2.0768795013427734,11.520410537719727,-0.8451851010322571,0.5667434930801392,0.6907119750976562
-0.911945641040802,2.448178768157959,10.16696548461914,-0.7503766417503357,0.4804571866989136,0.7152130007743835
-1.110770344734192,2.6493990421295166,9.659124374389648,-0.5170839428901672,0.1917707473039627,0.6427751183509827
-1.3742729425430298,2.2900772094726562,10.511914253234863,0.03152681142091751,-0.25350943207740784,0.4776591658592224
-0.7514485716819763,1.557060718536377,12.96009349822998,0.337257444858551,-0.2268778383731842,0.309347540140152
-0.6077198386192322,1.25523042678833,13.451166152954102,0.3702806234359741,-0.02554302290081978,0.2464970052242279
-0.3394262492656708,1.0108916759490967,12.140839576721191,0.28932058811187744,0.4804571866989136,0.2795201539993286
0.00312718003988266,1.5690381526947021,9.95616340637207,0.20836055278778076,0.7595561742782593,0.441440224647522
-0.10946030914783478,1.8852412700653076,9.112955093383789,0.2211437225341797,0.8096235990524292,0.5373139977455139
-0.7634259462356567,2.287681818008423,8.672186851501465,0.2914511263370514,0.6263982653617859,0.6406445503234863
-1.2808493375778198,2.201444625854492,9.412389755249023,0.3329963982105255,0.11294123530387878,0.504290759563446
-1.180239200592041,2.1367666721343994,9.833993911743164,0.3415185213088989,-0.16402728855609894,0.39563387632369995
-0.34661269187927246,1.7678627967834473,9.975327491760254,0.35856273770332336,-0.5283474922180176,0.2475622594356537
0.08696893602609634,1.6241340637207031,9.77650260925293,0.3809332549571991,-0.6210253834724426,0.1996254026889801
0.40077662467956543,1.6409025192260742,9.419575691223145,0.3915858864784241,-0.5720232725143433,0.20814751088619232
0.5181550979614258,1.8493092060089111,8.993181228637695,0.404369056224823,-0.3131641745567322,0.3029559552669525
0.5349234342575073,2.405060291290283,8.0038480758667,0.4459143280982971,0.06606964766979218,0.4158738851547241
0.4678500294685364,2.8314554691314697,7.227713108062744,0.45869749784469604,0.20881496369838715,0.43824443221092224
0.3073529601097107,2.9895570278167725,6.933069229125977,0.4555017054080963,0.28764447569847107,0.4073517918586731
0.1851835548877716,3.3201329708099365,6.722267150878906,0.4373922348022461,0.2343812882900238,0.3700675666332245
0.24746599793434143,3.4087657928466797,6.8492279052734375,0.39797747135162354,-0.10863357782363892,0.2560843527317047
0.5013867020606995,3.1716132164001465,7.165431022644043,0.4224785268306732,-0.4953242540359497,0.1293179988861084
0.6043922901153564,3.147658586502075,7.699622631072998,0.38306379318237305,-0.5794801115989685,0.052619028836488724
0.5612736940383911,3.080585241317749,8.092480659484863,0.30210375785827637,-0.49319371581077576,0.04516218230128288
0.55648273229599,2.922483444213867,8.969225883483887,0.11568263918161392,-0.1746799200773239,0.03450954705476761
0.8319627642631531,3.162031412124634,9.225542068481445,0.1550973802804947,-0.006368279457092285,-0.05710311606526375
0.762493908405304,3.4087657928466797,8.511690139770508,0.27440690994262695,-0.15763570368289948,-0.13806314766407013
0.695420503616333,3.5908219814300537,8.3416109085083,0.4469796121120453,-0.3302083909511566,-0.26482954621315
0.9421547651290894,3.653104543685913,9.103372573852539,0.23073109984397888,0.04369910806417465,-0.17428211867809296
1.2248212099075317,3.1428675651550293,11.060479164123535,-0.030258478596806526,0.3526255786418915,-0.03473258391022682
1.342199683189392,3.1380765438079834,11.628207206726074,-0.5330628752708435,0.5486339926719666,0.16021065413951874
1.1505614519119263,3.52614426612854,10.459214210510254,-0.5852607488632202,-0.13526517152786255,-0.03899364173412323
-0.313075989484787,3.6986186504364014,8.923711776733398,-0.5117576122283936,-0.4164947271347046,-0.18386948108673096
-0.7203073501586914,3.6339406967163086,8.748842239379883,-0.40416598320007324,-0.34299156069755554,-0.3468548357486725
0.2929801046848297,2.8314554691314697,10.68199348449707,-0.3828607201576233,0.10548439621925354,-0.32981061935424805
1.303871989250183,2.1439530849456787,11.81265926361084,-0.38499125838279724,0.2716655433177948,-0.27867797017097473
1.0930699110031128,2.2421677112579346,10.430468559265137,-0.4158838987350464,0.25036025047302246,-0.18919579684734344
0.8942452073097229,2.6446080207824707,9.826807975769043,-0.44145020842552185,-0.07987146079540253,-0.23713266849517822
0.41275399923324585,3.2171273231506348,9.244706153869629,-0.4244059920310974,-0.27587994933128357,-0.29252639412879944
0.20195192098617554,3.245873212814331,9.359688758850098,-0.3828607201576233,-0.3589704930782318,-0.3500506281852722
0.11811015754938126,3.0877716541290283,9.409994125366211,-0.27207329869270325,-0.28546732664108276,-0.3649643063545227
0.16841521859169006,2.8290598392486572,9.43394947052002,-0.1847216933965683,-0.25883573293685913,-0.3830737769603729
0.2546524405479431,2.326009511947632,9.57288646697998,0.06454997509717941,-0.21835573017597198,-0.4650990962982178
0.17799711227416992,2.2421677112579346,9.302197456359863,0.2957121729850769,-0.11076411604881287,-0.5172969698905945
0.05582771450281143,2.3355913162231445,8.588345527648926,0.36815008521080017,-0.02554302290081978,-0.5279495716094971
0.19955644011497498,2.3475687503814697,8.358379364013672,0.4128911793231964,0.15129072964191437,-0.5258190631866455
0.3959856629371643,2.2900772094726562,8.308073997497559,0.282929003238678,0.24609918892383575,-0.4746864438056946
0.5253415107727051,2.184676170349121,8.284119606018066,0.1263352632522583,0.22372865676879883,-0.43846750259399414
0.4654545187950134,2.057715654373169,8.10445785522461,0.08585525304079056,0.1832486391067505,-0.3990527391433716
0.26423436403274536,1.9786648750305176,7.378628253936768,0.09650788456201553,-0.010629333555698395,-0.31596219539642334
0.22830218076705933,2.3188228607177734,6.789340496063232,0.13805316388607025,-0.152309387922287,-0.22115370631217957
0.1276920735836029,2.5056703090667725,6.592911720275879,0.09011629968881607,-0.10330726206302643,-0.1348673552274704
0.08696893602609634,2.623048782348633,6.774967670440674,-0.13358904421329498,0.18537916243076324,0.07179377228021622
-0.2364206612110138,2.6541900634765625,7.661294937133789,-0.2550290822982788,0.3483645021915436,0.16979801654815674
-0.42326799035072327,2.6422126293182373,8.217045783996582,-0.3540986180305481,0.4644782543182373,0.2475622594356537
-0.4208725094795227,2.625444173812866,9.172842025756836,-0.42334073781967163,0.4975014328956604,0.28697699308395386
-0.566996693611145,3.0015344619750977,8.926107406616211,-0.4957786202430725,0.30681923031806946,0.2752591073513031
-0.7274937629699707,3.1380765438079834,8.63625431060791,-0.6832650303840637,0.26846975088119507,0.45635390281677246
-0.7538440227508545,3.2267093658447266,8.768006324768066,-0.8760777115821838,0.39310556650161743,0.6949729919433594
-0.6125108003616333,3.174008846282959,9.304593086242676,-1.3863390684127808,0.6466382741928101,1.132796287536621
-0.4088951349258423,2.9560203552246094,9.917835235595703,-1.2989873886108398,-0.09158936142921448,1.039053201675415
-0.16695180535316467,2.6661672592163086,10.521496772766113,-0.9399935603141785,-0.8138381242752075,0.8302614688873291
-0.44961825013160706,2.575139284133911,10.899981498718262,-0.08139113336801529,-0.9491266012191772,0.2369096279144287
-2.059379816055298,3.1452629566192627,10.253202438354492,0.6877291798591614,0.2759265899658203,-0.3830737769603729
-2.665436029434204,3.2434775829315186,9.960954666137695,1.0318093299865723,0.8660825490951538,-0.3734864294528961
-1.6569393873214722,2.508065700531006,12.1168851852417,1.5442010164260864,1.3177543878555298,0.5128129124641418
-0.4711775779724121,1.0037052631378174,16.337717056274414,0.8634976744651794,0.8437120318412781,0.7354530096054077
-0.09269195795059204,0.3066209554672241,16.361671447753906,-0.2688775062561035,-0.12887358665466309,0.4126780927181244
2.295599937438965,0.812066912651062,11.963574409484863,-0.8973829746246338,-1.026890754699707,0.32426121830940247
0.12050562351942062,1.1162927150726318,10.68199348449707,-0.9154924750328064,-1.2239645719528198,0.3508928120136261
-1.7719224691390991,1.9762694835662842,10.368185997009277,-0.5991091728210449,-1.0247602462768555,0.41906967759132385
-4.088350296020508,2.4841110706329346,9.589654922485352,-0.08991324156522751,-0.5070421695709229,0.44357073307037354
-3.187650442123413,1.8253543376922607,8.173927307128906,0.11994368582963943,-0.26309677958488464,0.45102760195732117
-1.9467923641204834,1.5091512203216553,7.426537990570068,0.206230029463768,-0.06815356761217117,0.5138782262802124
-1.2113804817199707,1.6816256046295166,8.329633712768555,-0.12932799756526947,-0.4452568590641022,0.6214697957038879
-1.5587248802185059,2.091252565383911,9.374062538146973,-0.6427850127220154,-0.9469960331916809,0.7546277642250061
-1.2017985582351685,2.354755163192749,9.407598495483398,-0.9208188056945801,-0.8766886591911316,0.7184088230133057
-0.44961825013160706,2.5104613304138184,8.499711990356445,-1.4513201713562012,-0.1043725311756134,0.32106542587280273
-0.08311004936695099,2.579930067062378,7.941565990447998,-1.5802170038223267,0.27912238240242004,0.11760010570287704
-0.2483980655670166,2.6278398036956787,7.563080310821533,-1.3618379831314087,0.7371856570243835,-0.028341002762317657
-0.6676068305969238,2.613466739654541,6.74143123626709,-0.6108270883560181,0.3856487274169922,-0.015557841397821903
-0.9239230155944824,2.7859413623809814,6.832459449768066,-0.18685223162174225,0.07778754830360413,-0.008100994862616062
0.3121439218521118,2.541602373123169,5.675443172454834,0.3819985091686249,-0.2545746862888336,0.01746532879769802
1.6751712560653687,2.405060291290283,4.590291500091553,0.37454167008399963,-0.04258723929524422,0.22412645816802979
2.736368179321289,2.1703033447265625,5.009500026702881,0.28505954146385193,0.1353117823600769,0.36261072754859924
2.087193489074707,2.100834369659424,6.595306873321533,0.37880274653434753,0.1214633584022522,0.5319876670837402
0.7888441681861877,2.0601112842559814,11.031733512878418,0.7889292240142822,-0.02021670714020729,0.6363835334777832
0.09894632548093796,1.760676383972168,13.369720458984375,0.8890640139579773,-0.11502516269683838,0.5117476582527161
0.017500050365924835,1.6097612380981445,13.07028579711914,0.6206175684928894,-0.2322041541337967,-0.04005890339612961
0.2929801046848297,1.8349361419677734,10.962264060974121,-0.027062689885497093,-0.02021670714020729,-0.1252799928188324
0.20674285292625427,2.9009242057800293,10.138219833374023,-0.2550290822982788,0.06287385523319244,-0.02301468700170517
0.453477144241333,2.4553651809692383,10.116660118103027,-0.5234754681587219,0.08098334074020386,0.028117965906858444
0.5397143959999084,2.299659252166748,12.514533996582031,-0.5756734013557434,-0.02021670714020729,-0.19984844326972961
0.7073978781700134,1.7822356224060059,12.37559700012207,-0.5831302404403687,0.06074332818388939,-0.42035800218582153
1.4212504625320435,0.8719538450241089,11.062874794006348,-0.5138881206512451,0.06713490188121796,-0.7665686011314392
1.7374536991119385,1.420518398284912,9.297407150268555,-0.3956438899040222,0.23757708072662354,-0.6717601418495178
0.5469008088111877,1.6912076473236084,9.659124374389648,-0.30935752391815186,0.365408718585968,-0.48001277446746826
0.3887992203235626,1.2336711883544922,10.176547050476074,-0.1378501057624817,0.6924445629119873,-0.16682526469230652
1.2655444145202637,0.6563608050346375,11.014965057373047,-0.06541217118501663,0.7957751750946045,-0.20304423570632935
2.4752609729766846,0.3832762539386749,9.893880844116211,-0.06434691697359085,0.6828572154045105,-0.3425937592983246
2.410583019256592,0.5150275826454163,9.462695121765137,-0.21667960286140442,0.7446424961090088,-0.5726906657218933
1.1313976049423218,0.7713437676429749,9.381248474121094,-0.3445112407207489,0.6775308847427368,-0.5961264371871948
-0.39931321144104004,1.1019198894500732,9.84597110748291,-0.3445112407207489,0.5901792645454407,-0.5641685128211975
-0.44961825013160706,1.1689932346343994,9.936999320983887,-0.19004802405834198,0.5496992468833923,-0.5204927325248718
0.24027955532073975,0.9486091732978821,9.647146224975586,0.0837247297167778,0.3622129261493683,-0.65365070104599
1.0954654216766357,0.5581461787223816,9.144096374511719,0.1870552897453308,0.12039808928966522,-0.8070486187934875
1.140979528427124,0.43358129262924194,8.600322723388672,0.37880274653434753,-1.002389669418335,-1.4280972480773926
0.45826810598373413,0.48388636112213135,7.527148246765137,0.4853290617465973,-0.7946633696556091,-2.002274513244629
