leftRight
-1.3359453678131104,1.5762245655059814,9.759734153747559,-0.29825714230537415,0.3071853816509247,-0.02246374450623989
-1.4653011560440063,1.5043601989746094,10.310693740844727,-0.20025290548801422,-0.188162162899971,0.09684577584266663
-0.34661269187927246,1.5450832843780518,9.414785385131836,0.20135146379470825,-0.3159937858581543,0.09578051418066025
-0.17653369903564453,1.468428134918213,9.790875434875488,-0.0362023189663887,0.09306741505861282,0.01801626943051815
-0.21486136317253113,1.3246994018554688,9.56570053100586,-0.059638116508722305,-0.04435158520936966,0.003102580551058054
-0.4975278377532959,1.3845863342285156,9.774106979370117,-0.0362023189663887,-0.04861263930797577,0.0744752436876297
-0.10706482827663422,1.4756145477294922,9.81482982635498,0.02345244213938713,0.00891159474849701,0.05956154689192772
-0.3585900664329529,1.5091512203216553,9.721406936645508,0.03943139687180519,0.06004424765706062,0.008428898639976978
-0.6316746473312378,1.535501480102539,9.395621299743652,0.020256653428077698,0.04513055458664894,0.04997417703270912
-0.49992331862449646,1.5714335441589355,9.287824630737305,-0.027680208906531334,0.04193476587533951,0.07234471291303635
-0.36098554730415344,1.5618517398834229,9.302197456359863,-0.07029075175523758,0.07176215201616287,0.061692073941230774
-0.3705674707889557,1.408540964126587,9.304593086242676,-0.12248866260051727,0.025955813005566597,0.04571312293410301
-0.18611562252044678,1.3199083805084229,9.383644104003906,-0.13633708655834198,-0.01665472984313965,0.0510394386947155
0.03426840156316757,1.2408576011657715,9.333338737487793,-0.13740235567092896,0.06963161379098892,0.037191011011600494
0.2115338146686554,1.1354565620422363,9.127327919006348,-0.21197080612182617,0.21344220638275146,0.007363635115325451
0.249861478805542,1.111501693725586,9.172842025756836,-0.2631034553050995,0.2933369576931,-0.00009321002289652824
0.22830218076705933,1.0037052631378174,9.54174518585205,-0.33021506667137146,0.3348822295665741,0.010559424757957458
0.14446040987968445,1.0348464250564575,9.881903648376465,-0.3280845284461975,0.274162232875824,0.02547311596572399
0.15883329510688782,1.2815806865692139,9.932209014892578,-0.15977288782596588,0.022760020568966866,0.052104704082012177
0.2043473720550537,1.315117359161377,9.77650260925293,-0.08413918316364288,-0.06778738647699356,0.0297341700643301
0.01510457694530487,1.458846092224121,9.53455924987793,0.0096040153875947,-0.26060009002685547,-0.06933534145355225
-0.20048849284648895,1.5163376331329346,9.493836402893066,0.03517034277319908,-0.35540854930877686,-0.11727220565080643
-0.43045443296432495,1.3797953128814697,9.060254096984863,0.018126126378774643,-0.46406543254852295,-0.1843838095664978
-0.6795842051506042,1.3797953128814697,8.791960716247559,-0.05005074292421341,-0.4757833480834961,-0.19503645598888397
-0.7274937629699707,1.353445053100586,8.88778018951416,-0.25990766286849976,-0.4331727921962738,-0.17799223959445953
-0.7849852442741394,1.1977388858795166,9.71422004699707,-0.39626139402389526,-0.3490169644355774,-0.14923012256622314
-0.9454823136329651,1.0588011741638184,10.262784957885742,-0.34512874484062195,-0.4044106900691986,-0.11727220565080643
-0.9646461606025696,0.9965187311172485,10.236433982849121,-0.2950613498687744,-0.49708861112594604,-0.09809745848178864
-0.8113355040550232,0.8959086537361145,9.857948303222656,-0.23753713071346283,-0.6717918515205383,-0.05442165583372116
-0.49992331862449646,0.709061324596405,9.558513641357422,-0.2343413382768631,-0.6909666061401367,-0.03098585270345211
-0.39931321144104004,0.6755246520042419,9.611214637756348,-0.2535160779953003,-0.6377034187316895,0.007363635115325451
-0.2987031042575836,0.7378070950508118,9.795666694641113,-0.20984028279781342,-0.5578086376190186,0.024407854303717613
-0.19569754600524902,0.709061324596405,9.747756958007812,-0.17575183510780334,-0.5077412128448486,0.024407854303717613
0.15643781423568726,0.5461688041687012,9.484253883361816,-0.1544465720653534,-0.45021700859069824,0.009494161233305931
0.5229460597038269,0.4743044376373291,9.369271278381348,-0.2151665985584259,-0.31812432408332825,0.005233107600361109
0.657092809677124,0.5078411102294922,9.630378723144531,-0.2631034553050995,-0.2882969379425049,-0.0011584735475480556
0.8032169938087463,0.5126321315765381,9.865135192871094,-0.2854740023612976,-0.2403600662946701,-0.025659536942839622
0.9661095142364502,0.4551405906677246,9.996886253356934,-0.2726908326148987,-0.1508779376745224,-0.071465864777565
0.8295673131942749,0.28027066588401794,10.08791446685791,-0.21623185276985168,0.09519793838262558,-0.1886448711156845
0.5972058773040771,0.2323611080646515,8.974017143249512,-0.2013181746006012,0.2975980043411255,-0.21847224235534668
0.12529659271240234,0.31141188740730286,9.249497413635254,-0.24073292315006256,0.4808233678340912,-0.2174069881439209
-0.1645563244819641,0.33057570457458496,9.297407150268555,-0.3717603385448456,0.2954674959182739,-0.18651434779167175
-0.06394621729850769,0.3401576280593872,9.601632118225098,-0.5730951428413391,0.04619581997394562,-0.03098585270345211
0.45587265491485596,0.17726509273052216,10.499937057495117,-0.5390067100524902,-0.017719993367791176,0.028668908402323723
0.5612736940383911,0.14612387120723724,10.859258651733398,-0.4505898356437683,-0.023046312853693962,0.010559424757957458
0.41275399923324585,-0.10779684782028198,10.406513214111328,-0.23221081495285034,0.06963161379098892,-0.0032890005968511105
-0.028014041483402252,-0.1700792908668518,9.699847221374512,-0.1736213117837906,0.28588011860847473,0.12880368530750275
-0.09029648452997208,-0.16528832912445068,9.81482982635498,-0.16936026513576508,0.2869453728199005,0.202306866645813
0.017500050365924835,0.043118298053741455,10.104682922363281,-0.13846762478351593,0.12928639352321625,0.3109637498855591
0.2762117385864258,0.12696003913879395,10.286739349365234,-0.02128862775862217,0.06750109046697617,0.35357430577278137
0.403172105550766,0.11258716881275177,10.28194808959961,0.06180192902684212,0.07602319866418839,0.34611746668815613
0.5804375410079956,0.0910278707742691,10.205292701721191,0.2130693644285202,0.01636844128370285,0.26089638471603394
0.592414915561676,0.17247413098812103,9.539350509643555,0.23970094323158264,-0.0028063037898391485,0.16608789563179016
0.5061776638031006,0.21559274196624756,9.278243064880371,0.2088083028793335,0.04193476587533951,0.1405215710401535
0.27860721945762634,0.23475658893585205,9.086605072021484,0.06393246352672577,0.12076427787542343,0.12347736954689026
0.17560163140296936,0.18924248218536377,9.37166690826416,-0.07242128252983093,0.1410042941570282,0.13839104771614075
0.16362425684928894,0.15331031382083893,9.654333114624023,-0.08626970648765564,0.14420007169246674,0.15330474078655243
0.34088966250419617,0.0982142984867096,10.26038932800293,0.0053429631516337395,0.07921899110078812,0.17141422629356384
0.5349234342575073,0.08623690903186798,10.061564445495605,0.1757851392030716,0.06217477098107338,0.14691315591335297
0.5421098470687866,0.08863238990306854,9.790875434875488,0.21626515686511993,0.05791371688246727,0.12560789287090302
0.49659574031829834,0.11977361142635345,9.278243064880371,0.19282935559749603,0.06643582135438919,0.10004156827926636
0.39359018206596375,0.19163796305656433,9.259078979492188,0.10121668875217438,0.04832634702324867,0.0883236676454544
0.40077662467956543,0.22757014632225037,9.247101783752441,0.05541035160422325,0.03660844638943672,0.08299735188484192
0.5516917705535889,0.22996562719345093,9.407598495483398,-0.0031791471410542727,0.07389267534017563,0.06595313549041748
0.6259515881538391,0.23475658893585205,9.522582054138184,-0.006374937482178211,0.13461270928382874,0.032929956912994385
0.6163697242736816,0.2251746654510498,9.43394947052002,0.000016645295545458794,0.15911376476287842,0.015885744243860245
0.6355335116386414,0.213197261095047,9.345315933227539,-0.007440200075507164,0.18148429691791534,-0.01074584573507309
0.8535220623016357,0.19882440567016602,9.218356132507324,-0.04792021960020065,0.24646537005901337,-0.02246374450623989
1.0499513149261475,0.17007866501808167,9.158469200134277,-0.08200865238904953,0.28907591104507446,-0.027790063992142677
1.569770097732544,0.040722817182540894,9.172842025756836,-0.18960027396678925,0.3402085602283478,-0.03950796648859978
2.652526378631592,-0.18445217609405518,9.601632118225098,-0.2631034553050995,0.36044856905937195,0.005233107600361109
3.3112828731536865,-0.21798887848854065,9.989700317382812,-0.2567118704319,0.35938331484794617,0.030799435451626778
4.6144232749938965,-0.23715269565582275,10.629292488098145,-0.1299455165863037,0.3913412094116211,0.028668908402323723
6.025360107421875,-0.44076836109161377,10.691575050354004,0.05541035160422325,0.4627138674259186,-0.12685957551002502
6.521224021911621,-0.5198191404342651,10.485564231872559,0.13423985242843628,0.5074549317359924,-0.2653438448905945
6.870964050292969,-0.33297184109687805,9.965744972229004,0.25248411297798157,0.5372823476791382,-0.5305944085121155
7.024274826049805,0.08623690903186798,9.90825366973877,0.35687994956970215,0.36151382327079773,-0.6978408098220825
7.084161758422852,0.2323611080646515,10.037610054016113,0.4261220693588257,0.18041904270648956,-0.7777355909347534
7.170398712158203,0.4120219945907593,10.159778594970703,0.5273221135139465,-0.36073487997055054,-1.047247290611267
7.450669765472412,0.4287903308868408,10.600546836853027,0.5656716227531433,-0.9604782462120056,-1.454177975654602
7.438692569732666,0.263502299785614,10.73469352722168,0.5859116315841675,-1.2470341920852661,-1.6949275732040405
6.703280448913574,-0.3090170621871948,10.895191192626953,0.5965642333030701,-1.7860575914382935,-2.2840182781219482
5.349835395812988,-0.7665534615516663,10.76583480834961,0.4911031723022461,-2.2696871757507324,-2.8816311359405518
3.9173388481140137,-1.418123722076416,10.334649085998535,0.2407662272453308,-2.296318769454956,-3.3588693141937256
3.1028761863708496,-1.8349368572235107,10.310693740844727,0.05967140570282936,-2.173813581466675,-3.545290470123291
1.0475558042526245,-2.534416675567627,10.87602710723877,-0.25564661622047424,-1.8659523725509644,-3.8041493892669678
0.07978249341249466,-2.8578062057495117,11.24972152709961,-0.3376719057559967,-1.7232069969177246,-3.831846237182617
-1.5227926969528198,-3.4183480739593506,11.795890808105469,-0.4037182331085205,-1.6007016897201538,-3.763669490814209
-4.109909534454346,-3.617172956466675,12.545675277709961,-0.4122403562068939,-1.7562302350997925,-3.3727176189422607
-5.130383491516113,-3.4351165294647217,13.288273811340332,-0.2055792212486267,-1.946912407875061,-2.826237440109253
-5.242970943450928,-3.073399305343628,13.079867362976074,0.17685040831565857,-2.0523734092712402,-2.2318203449249268
-4.905208587646484,-2.148744583129883,12.09292984008789,0.33877047896385193,-1.993783950805664,-1.9399381875991821
-4.46444034576416,-1.7678635120391846,11.467710494995117,0.5049515962600708,-1.5857880115509033,-1.403045415878296
-3.743401288986206,-1.0899431705474854,10.164569854736328,0.4676673710346222,-0.8752571940422058,-1.0834662914276123
-3.875152587890625,-0.3353673219680786,9.338129997253418,0.38031575083732605,-0.5237202048301697,-0.9780051112174988
-4.0380449295043945,-0.12456521391868591,9.103372573852539,0.16300196945667267,0.11863373965024948,-0.7638871669769287
-4.459649562835693,0.06707307696342468,8.98838996887207,-0.011701254174113274,0.5980023741722107,-0.46561339497566223
-4.847716808319092,0.30422544479370117,9.438739776611328,-0.03833284229040146,0.7972066402435303,-0.024594271555542946
-4.778248310089111,0.41920843720436096,9.673497200012207,0.024517707526683807,0.7865539789199829,0.22361212968826294
-4.459649562835693,0.4814908802509308,9.750152587890625,0.11932617425918579,0.7364866137504578,0.45797014236450195
-3.6068592071533203,0.6467788815498352,9.39322566986084,0.2684630751609802,0.6438086628913879,0.8009850382804871
-3.269096612930298,0.7449935078620911,9.091395378112793,0.2642020285129547,0.6459392309188843,0.9085766673088074
-3.0319442749023438,0.7881121039390564,8.935689926147461,0.1992209404706955,0.6874845027923584,0.9927324652671814
-2.8498878479003906,0.5844964385032654,9.247101783752441,0.01386506948620081,0.8898845911026001,1.1365430355072021
-3.027153253555298,0.40723103284835815,9.671101570129395,-0.04792021960020065,1.0155856609344482,1.2196335792541504
-3.2930514812469482,-0.023955106735229492,10.432863235473633,-0.0692254900932312,1.113589882850647,1.3282904624938965
-2.9576845169067383,-0.5389829874038696,10.567009925842285,-0.05857285112142563,1.16046142578125,1.4507957696914673
-2.7444868087768555,-0.9534007906913757,10.938309669494629,-0.05218127369880676,1.222246766090393,1.6819579601287842
-2.7349050045013428,-1.1833667755126953,11.606648445129395,-0.15125077962875366,1.3767099380493164,1.8875538110733032
-2.8930065631866455,-1.6576714515686035,12.914579391479492,-0.16083815693855286,1.3372951745986938,2.0036675930023193
-2.730113983154297,-2.050529956817627,12.92895221710205,0.0863029956817627,0.8387519121170044,2.263591766357422
-2.143221616744995,-2.3954787254333496,12.313314437866211,0.5859116315841675,0.33168646693229675,2.6172592639923096
-0.5526238679885864,-2.711682081222534,10.487959861755371,0.7989643216133118,0.30825066566467285,2.8068761825561523
1.1218156814575195,-2.687727212905884,9.263870239257812,0.8767285943031311,0.743943452835083,3.0849101543426514
1.8380637168884277,-2.7907328605651855,9.033904075622559,0.5102779269218445,1.562065839767456,3.2127416133880615
2.5734755992889404,-3.013512372970581,9.072232246398926,0.23863568902015686,1.9764533042907715,3.209545850753784
2.9759159088134766,-3.135681629180908,9.659124374389648,-0.3046487271785736,2.5719356536865234,3.1083459854125977
3.177136182785034,-3.133286237716675,10.305903434753418,-0.7509941458702087,2.470735549926758,3.022059440612793
4.358107089996338,-2.8721790313720703,12.181563377380371,-0.8990657925605774,2.1596786975860596,3.0486910343170166
5.488772869110107,-2.611071825027466,12.845110893249512,-0.8383457660675049,1.3884278535842896,3.221263885498047
6.720048904418945,-2.203840494155884,12.902602195739746,-0.6263583302497864,1.0539350509643555,3.2532217502593994
7.862692356109619,-1.7726545333862305,12.433088302612305,-0.35045507550239563,0.8483392596244812,3.196762800216675
9.417357444763184,-0.9007002711296082,10.737089157104492,-0.09905286133289337,0.7705750465393066,3.0486910343170166
9.625764846801758,-0.18445217609405518,9.843575477600098,0.08097667992115021,0.8387519121170044,2.559735059738159
9.010126113891602,0.1557057797908783,9.841180801391602,-0.12674972414970398,1.0848277807235718,1.901402235031128
7.141653060913086,0.32578474283218384,10.188525199890137,-0.25032028555870056,1.2328994274139404,1.5573221445083618
5.601360321044922,0.2946435213088989,10.394536018371582,-0.3760213851928711,1.3383604288101196,1.044930338859558
5.071959495544434,0.45993155241012573,10.377767562866211,-0.29825714230537415,1.2297035455703735,0.8031155467033386
4.286242485046387,0.7665528059005737,9.843575477600098,-0.20025290548801422,1.0997414588928223,0.7146986722946167
3.708932399749756,1.0300555229187012,9.045881271362305,-0.023419154807925224,0.735421359539032,0.5293428301811218
3.7017459869384766,1.1234791278839111,8.87819766998291,0.014930334873497486,0.3306211829185486,0.42601221799850464
4.638378143310547,1.2192983627319336,8.923711776733398,-0.009570727124810219,0.1559179723262787,0.4238817095756531
5.390558242797852,1.5091512203216553,8.983598709106445,-0.0457896888256073,-0.000675777206197381,0.3439869284629822
5.481586456298828,1.4708235263824463,8.899757385253906,-0.04472442716360092,0.11650321632623672,-0.008615316823124886
5.024050235748291,1.0396373271942139,9.108163833618164,-0.06389917433261871,0.19852852821350098,-0.2504301369190216
4.698265075683594,0.7857166528701782,9.436344146728516,-0.15551184117794037,0.19107167422771454,-0.7084934711456299
4.456321716308594,0.6156376600265503,9.922626495361328,-0.17894762754440308,0.09839373081922531,-0.8672177195549011
4.358107089996338,0.4886772930622101,10.315485000610352,-0.16722972691059113,-0.03689473867416382,-0.9843966960906982
4.715033531188965,0.11258716881275177,10.931122779846191,-0.12674972414970398,-0.20201058685779572,-1.0749441385269165
5.083937168121338,-0.20601147413253784,11.223371505737305,0.0096040153875947,-0.44062963128089905,-1.248582124710083
5.21808385848999,-0.37848591804504395,11.204207420349121,0.20667777955532074,-0.48217493295669556,-1.4797443151474
5.227665901184082,-0.6348021626472473,10.619710922241211,0.3217262327671051,-0.5088064670562744,-1.6107717752456665
4.964163303375244,-0.821649432182312,9.999281883239746,0.4719284176826477,-0.6899012923240662,-1.9005234241485596
4.676705837249756,-0.9534007906913757,9.901067733764648,0.4399704933166504,-0.9008235335350037,-2.190275192260742
3.8598475456237793,-1.3750050067901611,9.977723121643066,0.3867073357105255,-0.979653000831604,-2.34367299079895
2.7555320262908936,-1.8229594230651855,10.447236061096191,0.28231149911880493,-1.162878394126892,-2.647273302078247
2.252481460571289,-2.0217840671539307,10.74427604675293,0.2365051507949829,-1.5005669593811035,-2.8624565601348877
1.3398041725158691,-2.381105899810791,10.799371719360352,0.24928832054138184,-1.7764701843261719,-2.94448184967041
0.30974844098091125,-2.75480055809021,10.672411918640137,0.2642020285129547,-2.2728829383850098,-3.085096597671509
-0.3585900664329529,-2.8003146648406982,10.816140174865723,0.15767565369606018,-2.342125177383423,-3.1266417503356934
-1.6497529745101929,-2.639817714691162,11.541970252990723,0.07138930261135101,-2.266491413116455,-3.098944902420044
-2.356419324874878,-2.4338064193725586,11.64976692199707,-0.03833284229040146,-2.1162893772125244,-2.9380900859832764
-2.488170623779297,-2.2900776863098145,11.388659477233887,0.014930334873497486,-1.9011061191558838,-2.6749701499938965
-2.3827695846557617,-2.134371757507324,10.820931434631348,0.03303981572389603,-1.6997712850570679,-2.5311594009399414
-2.8474924564361572,-1.8061912059783936,10.617315292358398,-0.006374937482178211,-1.2342510223388672,-2.294671058654785
-3.237955331802368,-1.6409032344818115,10.715530395507812,-0.11822761595249176,-0.89549720287323,-2.166839361190796
-4.133864402770996,-1.286372184753418,11.079643249511719,-0.17149078845977783,-0.8315813541412354,-2.101858377456665
-4.735129356384277,-0.9557963013648987,11.014965057373047,-0.18107816576957703,-0.7420992255210876,-1.9101108312606812
-4.926767826080322,-0.7330167293548584,10.799371719360352,-0.05857285112142563,-0.5045454502105713,-1.5915969610214233
-5.192666053771973,-0.2587119936943054,10.157383918762207,0.010669280774891376,-0.3735180199146271,-1.4136979579925537
-5.161524772644043,-0.009582236409187317,9.958559036254883,0.09162931144237518,-0.1508779376745224,-1.035529375076294
-5.072892189025879,0.1940334439277649,9.771711349487305,0.1001514196395874,-0.055004220455884933,-0.8437819480895996
-5.022586822509766,0.3593214750289917,9.520186424255371,0.09589037299156189,0.0376737117767334,-0.6712092161178589
-5.156733512878418,0.4311858117580414,9.275847434997559,0.0767156183719635,0.13993902504444122,-0.5199418067932129
-5.535219192504883,0.33776217699050903,9.728592872619629,-0.020223364233970642,0.3402085602283478,-0.2216680347919464
-5.67415714263916,0.20121988654136658,10.229248046875,-0.09905286133289337,0.358318030834198,0.13732577860355377
-5.5328240394592285,-0.055096328258514404,10.79218578338623,-0.07561707496643066,0.28907591104507446,0.35996589064598083
-4.912395000457764,-0.2706893980503082,10.456818580627441,0.1235872209072113,0.15698324143886566,0.8542482256889343
-4.545886516571045,-0.40962713956832886,10.21966552734375,0.3206609785556793,0.23687800765037537,1.3069851398468018
-4.2296833992004395,-0.8695589900016785,10.57180118560791,0.3494231104850769,0.3306211829185486,1.4848841428756714
-4.416530609130859,-1.880450963973999,11.410219192504883,0.31426939368247986,0.4946717619895935,1.732025384902954
-4.411739826202393,-2.555975914001465,11.383868217468262,0.3867073357105255,0.5543265342712402,2.024972915649414
-4.351852893829346,-3.118913412094116,11.175461769104004,0.47405892610549927,0.6363518238067627,2.239090919494629
-4.095536708831787,-3.3728339672088623,10.859258651733398,0.5848463773727417,0.8472740054130554,2.773853063583374
-3.1133904457092285,-3.672268867492676,10.207688331604004,0.5177347660064697,1.1711140871047974,3.2287206649780273
-2.5241026878356934,-3.8040201663970947,9.934603691101074,0.4293178617954254,1.3841668367385864,3.3874449729919434
-1.4868605136871338,-4.1441779136657715,9.501022338867188,0.18324197828769684,1.772987961769104,3.6090197563171387
-0.18611562252044678,-4.381330490112305,9.357294082641602,-0.10437919199466705,1.9636701345443726,3.78159236907959
1.1505614519119263,-4.33102560043335,9.810039520263672,-0.3429982364177704,1.763400673866272,3.8668136596679688
1.845250129699707,-4.096268653869629,10.126242637634277,-0.39306560158729553,1.5556741952896118,3.865748405456543
3.6945595741271973,-3.2698285579681396,10.327462196350098,-0.4612424671649933,1.143417239189148,3.900902032852173
6.866173267364502,-2.5368120670318604,11.161088943481445,-0.5155709385871887,0.9569962024688721,3.990384101867676
8.674759864807129,-2.1247897148132324,11.73360824584961,-0.47722142934799194,0.941017210483551,3.940316677093506
11.930214881896973,-0.8264403939247131,12.504952430725098,-0.2439287155866623,0.949539303779602,3.394901752471924
12.945898056030273,-0.1125878095626831,12.471415519714355,-0.09053075313568115,0.9442130327224731,2.8548130989074707
12.399728775024414,0.979750394821167,11.364705085754395,0.08097667992115021,0.8973414301872253,1.5519957542419434
9.283210754394531,1.0947333574295044,10.246016502380371,-0.0031791471410542727,0.714116096496582,0.5453217625617981
7.941742897033691,0.8503945469856262,10.09749698638916,-0.07348654419183731,0.5873497128486633,0.2545047998428345
5.836117267608643,0.5940783619880676,10.159778594970703,-0.11822761595249176,0.4563222825527191,0.04571312293410301
4.52339506149292,0.4814908802509308,10.588569641113281,-0.12674972414970398,0.3157075047492981,-0.09809745848178864
3.4262659549713135,0.22757014632225037,10.626897811889648,-0.0031791471410542727,0.05365266278386116,-0.23445120453834534
2.786673069000244,0.18205605447292328,10.399327278137207,0.31000834703445435,-0.04328631982207298,-0.21101540327072144
1.974605917930603,0.5509597063064575,9.71422004699707,0.45488420128822327,-0.11146319657564163,-0.15775223076343536
2.044074773788452,0.943818211555481,9.208773612976074,0.6082821488380432,-0.3330380320549011,-0.006484792102128267
2.230922222137451,1.0396373271942139,8.985994338989258,0.6168042421340942,-0.46406543254852295,0.07021418958902359
2.005747079849243,1.2288801670074463,9.268660545349121,0.5848463773727417,-0.442760169506073,0.03825627639889717
1.303871989250183,1.2312755584716797,9.757338523864746,0.5262568593025208,-0.24781692028045654,-0.10875009000301361
0.8798723220825195,1.2408576011657715,9.510603904724121,0.5614105463027954,-0.21905480325222015,-0.29623648524284363
0.34328514337539673,1.1905524730682373,8.672186851501465,0.5805853009223938,-0.3064064383506775,-0.39424073696136475
0.15643781423568726,1.1019198894500732,8.588345527648926,0.45488420128822327,-0.4374338388442993,-0.4954407215118408
-0.15497440099716187,1.2097163200378418,8.906943321228027,0.2407662272453308,-0.25207799673080444,-0.48904919624328613
-0.5119007229804993,1.1809706687927246,9.661519050598145,0.15767565369606018,-0.14235582947731018,-0.49757128953933716
-0.12383317947387695,1.1737842559814453,9.414785385131836,0.14489249885082245,0.00891159474849701,-0.45922181010246277
-0.41129058599472046,1.3510496616363525,9.110559463500977,0.22159147262573242,0.1932021975517273,-0.5060933828353882
-1.0029737949371338,1.2743942737579346,8.696141242980957,0.19176408648490906,0.2677706480026245,-0.570009171962738
-1.2592899799346924,0.9030950665473938,8.863824844360352,0.006408226676285267,0.3071853816509247,-0.570009171962738
-1.0005784034729004,1.2288801670074463,9.752547264099121,-0.1736213117837906,0.4137117564678192,-0.37080493569374084
-0.7849852442741394,1.4133319854736328,10.265179634094238,-0.15231604874134064,0.4957370162010193,-0.16840486228466034
-0.32026243209838867,1.2743942737579346,10.547846794128418,-0.055377062410116196,0.5095854997634888,-0.12899011373519897
-0.21007040143013,1.3055355548858643,10.389744758605957,0.26313674449920654,0.5095854997634888,-0.14496906101703644
-0.7227028012275696,1.7486989498138428,7.151058197021484,0.43251365423202515,0.4861496686935425,-0.19503645598888397
-1.4916514158248901,1.7031848430633545,7.076797962188721,0.4911031723022461,0.26564010977745056,-0.37080493569374084
-1.108374834060669,1.3582360744476318,8.260164260864258,-0.11503182351589203,-0.8401035070419312,-0.3079543709754944
-0.2172568440437317,1.425309419631958,10.248412132263184,-0.31636664271354675,-0.8880403637886047,-0.1566869616508484
0.249861478805542,1.2576258182525635,9.5513277053833,-0.25564661622047424,-0.8678003549575806,-0.07466165721416473
0.5708556175231934,1.188157081604004,9.295011520385742,-0.19812238216400146,-0.46939176321029663,-0.048030074685811996
0.4103585481643677,1.2887670993804932,9.479463577270508,-0.2524508237838745,-0.18070530891418457,-0.053356390446424484
-0.3681719899177551,1.0588011741638184,10.111869812011719,-0.42502352595329285,0.20598536729812622,-0.1321859061717987
-0.3945222496986389,0.7593663930892944,10.416094779968262,-0.5123751759529114,0.19533273577690125,-0.13005536794662476
-0.16695180535316467,0.8240442872047424,10.6652250289917,-0.4697645902633667,0.018498968333005905,-0.09596692770719528
0.1157146766781807,0.9054905772209167,10.63408374786377,-0.24712450802326202,-0.28510114550590515,-0.01074584573507309
0.3193303644657135,0.915072500705719,10.320276260375977,-0.03833284229040146,-0.43636858463287354,0.03825627639889717
0.48701387643814087,1.089942455291748,9.719011306762695,0.04156192019581795,-0.4150633215904236,0.044647857546806335
0.6283470988273621,1.1426429748535156,9.486649513244629,0.07458509504795074,-0.3010801076889038,0.03932153806090355
0.5972058773040771,1.1642022132873535,9.4555082321167,0.011734542436897755,-0.21798953413963318,-0.01500689797103405
0.5061776638031006,1.0683830976486206,9.357294082641602,-0.02128862775862217,-0.19242320954799652,-0.06400902569293976
0.49659574031829834,1.0803605318069458,9.501022338867188,-0.09692233800888062,-0.16153056919574738,-0.1321859061717987
0.4606636166572571,1.0252645015716553,9.580073356628418,-0.1640339493751526,-0.11572424322366714,-0.16840486228466034
0.18997451663017273,0.979750394821167,10.004073143005371,-0.1821434199810028,-0.08270107954740524,-0.17373117804527283
0.07978249341249466,1.0013096332550049,10.217270851135254,-0.15977288782596588,-0.06352632492780685,-0.1417732685804367
0.09894632548093796,0.9869368672370911,10.21966552734375,-0.11077076196670532,-0.09761475771665573,-0.11194588243961334
0.2235112190246582,0.9749594330787659,10.092705726623535,-0.04792021960020065,-0.14342108368873596,-0.07679218798875809
0.5660646557807922,0.9893323183059692,9.707033157348633,0.0053429631516337395,-0.1700526773929596,-0.049095336347818375
0.6475109457969666,1.0588011741638184,9.661519050598145,0.03197455033659935,-0.1700526773929596,-0.04270375519990921
0.5780420303344727,1.0588011741638184,9.721406936645508,-0.011701254174113274,-0.06991790980100632,-0.07572691887617111
0.30495747923851013,1.0468237400054932,9.831598281860352,-0.022353891283273697,-0.012393675744533539,-0.08744481950998306
0.23788407444953918,1.0276598930358887,9.826807975769043,-0.015962310135364532,-0.015589466318488121,-0.09170587360858917
0.249861478805542,0.9941232800483704,9.757338523864746,0.004277699626982212,-0.06672211736440659,-0.07679218798875809
0.3145394027233124,1.0013096332550049,9.639960289001465,0.025582969188690186,-0.12105055898427963,-0.057617440819740295
0.5684601068496704,1.0444283485412598,9.42436695098877,0.037300869822502136,-0.17111794650554657,-0.0384427011013031
0.7864486575126648,1.0635921955108643,9.491440773010254,0.017060860991477966,-0.1934884786605835,-0.019267955794930458
0.8463356494903564,1.0037052631378174,9.56570053100586,-0.02874547243118286,-0.12211582809686661,-0.04270375519990921
0.79842609167099,1.0108916759490967,9.486649513244629,-0.03726758062839508,-0.06991790980100632,-0.06720481067895889
0.6091832518577576,1.0851514339447021,9.134513854980469,-0.01702757366001606,0.06324003636837006,-0.12366378307342529
0.5708556175231934,1.1210836172103882,9.08899974822998,-0.05005074292421341,0.17296218872070312,-0.16947013139724731
0.55648273229599,1.166597843170166,9.110559463500977,-0.09159602224826813,0.1932021975517273,-0.18225328624248505
0.520550549030304,1.1713886260986328,9.184819221496582,-0.1299455165863037,0.19000642001628876,-0.20462381839752197
0.3840082883834839,1.051614761352539,9.417181015014648,-0.16083815693855286,0.16550534963607788,-0.2355164736509323
0.3145394027233124,0.9534001350402832,9.558513641357422,-0.20344869792461395,0.1079811081290245,-0.2823880612850189
0.300166517496109,0.7018749117851257,9.948976516723633,-0.20877501368522644,0.08028426021337509,-0.28664910793304443
0.29777103662490845,0.606055736541748,10.12863826751709,-0.19492658972740173,0.0067810676991939545,-0.258952260017395
0.29777103662490845,0.6276150941848755,10.0352144241333,-0.10650971531867981,0.004650541581213474,-0.20888487994670868
0.5708556175231934,0.6324059963226318,9.680683135986328,-0.06709496676921844,0.00891159474849701,-0.17586170136928558
0.9253864288330078,0.7066658735275269,9.460299491882324,-0.0362023189663887,0.04939160868525505,-0.09596692770719528
1.2200303077697754,0.7258296608924866,9.462695121765137,-0.06709496676921844,0.1644400805234909,-0.05868270993232727
1.3517816066741943,0.709061324596405,9.524977684020996,-0.10331392288208008,0.22729064524173737,-0.05868270993232727
1.3182449340820312,0.7689483165740967,9.802852630615234,-0.16083815693855286,0.2912064492702484,-0.09170587360858917
1.0379738807678223,0.9006996154785156,9.903462409973145,-0.14592446386814117,0.21450747549533844,-0.1705353856086731
0.9661095142364502,0.9653775095939636,9.795666694641113,-0.10650971531867981,0.12396007031202316,-0.2035585641860962
1.2200303077697754,0.979750394821167,9.709428787231445,-0.019158100709319115,-0.06672211736440659,-0.2365817278623581
1.275126338005066,0.8719538450241089,9.881903648376465,-0.011701254174113274,-0.2733832597732544,-0.2877143621444702
1.1218156814575195,0.8288352489471436,9.903462409973145,-0.030875999480485916,-0.4853706955909729,-0.43152496218681335
0.6786521673202515,0.7449935078620911,9.64475154876709,-0.02554968185722828,-0.5066759586334229,-0.4911797046661377
0.17560163140296936,0.8384171724319458,9.103372573852539,0.011734542436897755,-0.3522127568721771,-0.552964985370636
0.08696893602609634,0.8336262106895447,9.033904075622559,0.017060860991477966,-0.2126632183790207,-0.5465734004974365
0.17560163140296936,0.847999095916748,9.417181015014648,-0.0457896888256073,-0.007067358121275902,-0.4730702340602875
0.5660646557807922,0.8024849891662598,9.929813385009766,-0.12461920082569122,-0.020915785804390907,-0.4048933684825897
0.7265617251396179,0.7449935078620911,10.044795989990234,-0.08733497560024261,-0.09654950350522995,-0.3771965205669403
0.9062225818634033,0.5940783619880676,9.817225456237793,-0.03407179191708565,-0.12637686729431152,-0.38891440629959106
0.32891225814819336,0.6946884393692017,9.153677940368652,0.08310720324516296,-0.15726950764656067,-0.45496073365211487
0.022291012108325958,0.7521799206733704,8.974017143249512,0.10121668875217438,-0.12850740551948547,-0.5146154761314392
-0.006454735994338989,0.6180331707000732,9.285429000854492,0.04262718930840492,-0.1647263616323471,-0.5007670521736145
0.08936440199613571,0.5749145746231079,9.592050552368164,-0.10970550775527954,-0.3394295871257782,-0.44537338614463806
0.25944340229034424,0.5198185443878174,9.857948303222656,-0.1501855105161667,-0.41719383001327515,-0.4293944239616394
0.4151495099067688,0.46472251415252686,10.061564445495605,-0.17149078845977783,-0.4757833480834961,-0.4251333773136139
0.520550549030304,0.33057570457458496,10.143011093139648,-0.18107816576957703,-0.5002843737602234,-0.43259021639823914
0.21632477641105652,0.21798822283744812,10.08791446685791,-0.1587076187133789,-0.35540854930877686,-0.4517649710178375
0.012709096074104309,0.17726509273052216,10.0352144241333,-0.10118339955806732,-0.06246107071638107,-0.4144807457923889
-0.22683876752853394,0.29943448305130005,9.893880844116211,-0.06709496676921844,0.04619581997394562,-0.36654385924339294
0.09175988286733627,0.4096265137195587,9.56570053100586,0.0096040153875947,0.15804851055145264,-0.21101540327072144
0.3384941816329956,0.48388636112213135,9.357294082641602,0.06819351017475128,0.19107167422771454,-0.05655217915773392
0.5373188853263855,0.572519063949585,9.141700744628906,0.08097667992115021,0.2070506364107132,-0.016072163358330727
0.6714656949043274,0.8000895380973816,8.653022766113281,0.08310720324516296,0.20385484397411346,-0.0043542650528252125
0.4846183657646179,1.0228689908981323,8.621881484985352,0.0671282559633255,0.1687011420726776,-0.026724798604846
0.4654545187950134,0.8336262106895447,9.275847434997559,-0.06389917433261871,0.03980423882603645,-0.12366378307342529
0.45587265491485596,0.44555869698524475,10.190919876098633,-0.15977288782596588,-0.03263368457555771,-0.16733959317207336
0.35526254773139954,0.32338929176330566,10.610129356384277,-0.3195624351501465,-0.19455373287200928,-0.2642785608768463
0.019895531237125397,0.14372839033603668,10.691575050354004,-0.36749929189682007,-0.2925580143928528,-0.3175417482852936
-0.2915166914463043,0.08863238990306854,9.999281883239746,-0.323823481798172,-0.264861136674881,-0.3271291255950928
-0.3561945855617523,0.21080179512500763,9.692660331726074,-0.12461920082569122,-0.015589466318488121,-0.2706701457500458
0.07020058482885361,0.4287903308868408,9.642355918884277,0.04049665853381157,0.2496611624956131,-0.12366378307342529
0.7936351299285889,0.5749145746231079,9.769315719604492,0.054345082491636276,0.2975980043411255,-0.028855325654149055
1.0116236209869385,0.6707336902618408,9.318965911865234,0.022387180477380753,0.24753065407276154,0.14371736347675323
0.9637141227722168,0.6707336902618408,9.053068161010742,0.06606298685073853,0.20172430574893951,0.1778057962656021
0.6858385801315308,0.7617618441581726,8.947667121887207,0.09695562720298767,0.13567796349525452,0.07021418958902359
0.5588781833648682,0.6012648344039917,9.606423377990723,0.05647561326622963,0.06537056714296341,0.0062983715906739235
0.5349234342575073,0.4311858117580414,10.011259078979492,-0.11290130019187927,-0.06246107071638107,-0.08318376541137695
0.5085731744766235,0.12456456571817398,10.842490196228027,-0.27375608682632446,-0.20201058685779572,-0.1513606458902359
0.5325279235839844,0.01676803082227707,11.067665100097656,-0.3153013586997986,-0.25740429759025574,-0.17160065472126007
0.34807610511779785,-0.031141534447669983,10.708343505859375,-0.2897350490093231,-0.25207799673080444,-0.15455643832683563
0.15164685249328613,0.13893744349479675,9.726197242736816,-0.2055792212486267,-0.1508779376745224,-0.12366378307342529
0.18278807401657104,0.35213503241539,9.357294082641602,0.05114929750561714,0.23581275343894958,-0.01500689797103405
1.1457704305648804,0.7378070950508118,9.268660545349121,0.2130693644285202,0.46804019808769226,0.145847886800766
1.3925046920776367,0.8384171724319458,9.227937698364258,0.21626515686511993,0.4339517652988434,0.22467739880084991
1.5218605995178223,0.9078860282897949,9.065045356750488,0.16406723856925964,0.21237695217132568,0.31309428811073303
1.2990810871124268,0.943818211555481,8.684164047241211,0.18324197828769684,0.17296218872070312,0.25557005405426025
0.731352686882019,1.0252645015716553,8.693746566772461,0.1896335631608963,0.12502533197402954,0.1639573723077774
0.6091832518577576,0.8935132026672363,8.789565086364746,0.10654300451278687,0.0067810676991939545,-0.05442165583372116
0.44389522075653076,0.5485642552375793,9.383644104003906,-0.04472442716360092,-0.050743166357278824,-0.19184066355228424
0.417544960975647,0.19882440567016602,10.377767562866211,-0.13633708655834198,-0.10187581926584244,-0.24829961359500885
0.10134180635213852,0.05509568750858307,10.9071683883667,-0.31743189692497253,-0.17644426226615906,-0.3015627861022949
-0.028014041483402252,-0.007186755537986755,10.698761940002441,-0.33021506667137146,-0.11465897411108017,-0.2728006839752197
-0.0950874388217926,0.14612387120723724,9.831598281860352,-0.09905286133289337,0.06324003636837006,-0.18651434779167175
0.12529659271240234,0.2826661467552185,9.450716972351074,0.05860614404082298,0.1559179723262787,-0.10875009000301361
0.9014316201210022,0.534191370010376,9.144096374511719,0.24715781211853027,0.13993902504444122,0.061692073941230774
1.4547871351242065,0.7018749117851257,9.062649726867676,0.2503535747528076,0.05791371688246727,0.136260524392128
1.5769566297531128,0.6563608050346375,9.132119178771973,0.1704588234424591,-0.02837262861430645,0.17993633449077606
1.1170246601104736,0.7689483165740967,9.287824630737305,0.06393246352672577,-0.03476421535015106,0.06275734305381775
0.7337481379508972,0.4814908802509308,9.58246898651123,0.0021471723448485136,-0.08057054132223129,-0.04163849353790283
0.6642792820930481,0.26110684871673584,9.860343933105469,-0.11290130019187927,-0.17644426226615906,-0.24723435938358307
0.42473143339157104,0.059886641800403595,10.787394523620605,-0.23114554584026337,-0.2360990196466446,-0.3303249180316925
0.2690252959728241,-0.11019232869148254,11.3910551071167,-0.2865392565727234,-0.2691222131252289,-0.3505649268627167
0.09894632548093796,-0.11977425217628479,11.129947662353516,-0.32595402002334595,-0.2733832597732544,-0.3313901722431183
-0.1789291799068451,0.040722817182540894,9.865135192871094,-0.11716234683990479,-0.06033053994178772,-0.2227333039045334
-0.05436430498957634,0.33776217699050903,8.866220474243164,0.06073666736483574,0.1367432326078415,-0.14390379190444946
0.15164685249328613,0.49107277393341064,8.612299919128418,0.3270525634288788,0.3732317388057709,0.0414520688354969
0.5061776638031006,0.9006996154785156,8.454197883605957,0.3504883646965027,0.24540011584758759,0.18845844268798828
0.7888441681861877,1.0683830976486206,8.39431095123291,0.31000834703445435,0.14420007169246674,0.23106898367404938
0.9301773309707642,1.0084961652755737,8.509294509887695,0.22159147262573242,0.0067810676991939545,0.2353300303220749
1.0763015747070312,0.812066912651062,8.851847648620605,0.11399984359741211,-0.17857478559017181,0.12667316198349
1.0834879875183105,0.27308422327041626,9.860343933105469,0.01599559560418129,-0.31812432408332825,0.040386803448200226
0.8463356494903564,0.09342334419488907,10.444841384887695,-0.2386023998260498,-0.518393874168396,-0.12899011373519897
0.1732061505317688,-0.10779684782028198,11.484478950500488,-0.42076247930526733,-0.5130675435066223,-0.30049753189086914
-0.22444328665733337,-0.16768380999565125,11.381473541259766,-0.455916166305542,-0.45873913168907166,-0.3484343886375427
0.14925137162208557,0.03593185544013977,10.559823989868164,-0.3099750578403473,-0.188162162899971,-0.28984490036964417
0.6283470988273621,0.22277918457984924,10.224456787109375,0.0671282559633255,0.18681062757968903,-0.04376902058720589
1.7614084482192993,0.32338929176330566,9.884299278259277,0.22159147262573242,0.2784232795238495,0.097911037504673
2.099170684814453,0.4623270332813263,9.266265869140625,0.3036167621612549,0.2581832706928253,0.21295949816703796
1.883577823638916,0.47669991850852966,8.811124801635742,0.3270525634288788,0.18468008935451508,0.28859323263168335
1.2631489038467407,0.4287903308868408,8.22423267364502,0.3068125545978546,0.08667583018541336,0.2917890250682831
0.5660646557807922,0.45274513959884644,8.492526054382324,0.3132041394710541,0.10691583901643753,0.2065679132938385
0.2546524405479431,0.5365868806838989,8.820706367492676,0.315334677696228,0.13887375593185425,0.08938892930746078
-0.02561856061220169,0.7425980567932129,9.3093843460083,0.2748546600341797,0.12822112441062927,-0.020333217456936836
0.21872025728225708,0.840812623500824,9.532163619995117,0.07032403349876404,0.003585277823731303,-0.15988275408744812
0.40556758642196655,0.8599764704704285,9.599237442016602,-0.12035813927650452,-0.07844001799821854,-0.16733959317207336
0.7696803212165833,0.7425980567932129,9.671101570129395,-0.15764236450195312,-0.09654950350522995,-0.13112063705921173
0.9301773309707642,0.5797054767608643,9.723801612854004,-0.1299455165863037,-0.11572424322366714,-0.013941636309027672
0.9349683523178101,0.5126321315765381,9.716615676879883,-0.06283390522003174,-0.15300846099853516,0.0840626135468483
0.8702903985977173,0.4287903308868408,9.869926452636719,-0.03407179191708565,-0.18070530891418457,0.09897630661725998
0.8559175729751587,0.40723103284835815,10.037610054016113,-0.0031791471410542727,-0.2360990196466446,0.0744752436876297
0.8391491770744324,0.39525362849235535,10.224456787109375,0.000016645295545458794,-0.2307727038860321,0.02547311596572399
0.8367537260055542,0.37608981132507324,10.358603477478027,-0.010635990649461746,-0.20094531774520874,0.0062983715906739235
0.6738612055778503,0.3928581476211548,10.394536018371582,-0.06389917433261871,-0.16792215406894684,-0.00541952857747674
0.3887992203235626,0.45274513959884644,10.061564445495605,-0.08094339072704315,-0.16366109251976013,-0.008615316823124886
0.29777103662490845,0.4814908802509308,9.771711349487305,-0.08094339072704315,-0.15940004587173462,-0.01500689797103405
0.29777103662490845,0.49586373567581177,9.350107192993164,-0.06070338189601898,-0.14448635280132294,-0.02246374450623989
0.5229460597038269,0.505445659160614,9.304593086242676,0.020256653428077698,-0.0613958016037941,-0.037377435714006424
0.7409345507621765,0.45753607153892517,9.376457214355469,0.11932617425918579,0.06324003636837006,-0.020333217456936836
1.105047345161438,0.3784852921962738,9.587259292602539,0.14489249885082245,0.10904637724161148,0.0020373170264065266
1.1936800479888916,0.3617169260978699,9.546536445617676,0.12039142847061157,0.13780850172042847,0.061692073941230774
1.140979528427124,0.3736943304538727,9.369271278381348,0.05114929750561714,0.08667583018541336,0.10536788403987885
0.9685050249099731,0.4239993691444397,9.12014102935791,0.01599559560418129,0.04939160868525505,0.11815104633569717
0.9876688718795776,0.4503496587276459,9.12972354888916,-0.008505463600158691,0.03341265767812729,0.10430262237787247
0.9948552846908569,0.4814908802509308,9.306988716125488,0.024517707526683807,0.1079811081290245,0.07767102867364883
1.0379738807678223,0.5222139954566956,9.663914680480957,0.02771349623799324,0.13461270928382874,0.0648878663778305
0.9469457864761353,0.5773099660873413,9.558513641357422,-0.011701254174113274,0.14420007169246674,0.07021418958902359
0.8942452073097229,0.5940783619880676,9.369271278381348,-0.06816022098064423,0.10265479236841202,0.09897630661725998
0.7912396192550659,0.6252195835113525,9.177633285522461,-0.09159602224826813,0.03980423882603645,0.10110682994127274
0.6762566566467285,0.5653326511383057,9.584864616394043,-0.06816022098064423,-0.1040063425898552,0.09258472174406052
0.6379290223121643,0.5389823913574219,9.802852630615234,0.01919138804078102,-0.17644426226615906,0.07021418958902359
0.5708556175231934,0.5150275826454163,10.00886344909668,0.024517707526683807,-0.20414111018180847,0.060626812279224396
0.48222291469573975,0.5413778424263,9.879508018493652,-0.059638116508722305,-0.188162162899971,0.05956154689192772
0.4989912509918213,0.4934682548046112,9.76692008972168,-0.15551184117794037,-0.10187581926584244,0.08725840598344803
0.5876239538192749,0.5006546974182129,9.527372360229492,-0.15764236450195312,-0.04328631982207298,0.11175946891307831
0.7840532064437866,0.572519063949585,9.460299491882324,-0.10118339955806732,0.04193476587533951,0.1639573723077774
0.9110135436058044,0.6228240728378296,9.43394947052002,-0.01702757366001606,0.06004424765706062,0.2161552906036377
1.138584017753601,0.6108466982841492,9.508209228515625,0.01599559560418129,0.03447791934013367,0.24172161519527435
1.3182449340820312,0.5821009874343872,9.699847221374512,0.054345082491636276,-0.015589466318488121,0.28752797842025757
1.3781318664550781,0.5629371404647827,9.759734153747559,0.06180192902684212,-0.02837262861430645,0.31202903389930725
1.6128888130187988,0.4503496587276459,9.843575477600098,0.0532798208296299,-0.02411157451570034,0.3098984956741333
1.7805722951889038,0.316202849149704,9.970536231994629,0.02771349623799324,0.003585277823731303,0.2822016477584839
1.751826524734497,0.26829326152801514,10.023237228393555,0.0053429631516337395,0.043000027537345886,0.23106898367404938
1.7446401119232178,0.18205605447292328,10.159778594970703,0.0021471723448485136,0.06750109046697617,0.20550265908241272
1.6176797151565552,0.1868470013141632,10.162174224853516,-0.010635990649461746,0.10265479236841202,0.1543699949979782
1.4667645692825317,0.22038370370864868,10.01844596862793,-0.027680208906531334,0.09519793838262558,0.07660576701164246
