leftRight
-0.7466576099395752,0.5270049571990967,10.337044715881348,-0.37708666920661926,-0.2073369026184082,0.136260524392128
-0.39212676882743835,0.5126321315765381,10.447236061096191,-0.32169294357299805,-0.3532780110836029,0.13413000106811523
-0.06394621729850769,0.5030502080917358,10.543055534362793,-0.2545813322067261,-0.4299769997596741,0.09684577584266663
-0.5789741277694702,0.35692596435546875,9.951372146606445,0.0053429631516337395,-0.04435158520936966,0.01375521719455719
-0.26995736360549927,0.4287903308868408,9.745361328125,-0.059638116508722305,0.06750109046697617,-0.00009321002289652824
-0.0567597821354866,0.37608981132507324,9.529767990112305,0.02345244213938713,-0.08376633375883102,0.06595313549041748
-0.10946030914783478,0.3712988495826721,9.735779762268066,-0.006374937482178211,-0.12211582809686661,0.10110682994127274
0.05343223363161087,0.4168129563331604,9.457903861999512,-0.04259390011429787,-0.0986800268292427,0.10004156827926636
-0.11185579001903534,0.4479541778564453,9.498626708984375,-0.11503182351589203,-0.15300846099853516,0.09578051418066025
-0.06155074015259743,0.41441747546195984,9.584864616394043,-0.1118360310792923,-0.22864216566085815,0.09578051418066025
-0.0567597821354866,0.39525362849235535,9.47227668762207,-0.11929287016391754,-0.2829706370830536,0.09684577584266663
0.010313615202903748,0.34973955154418945,9.29261589050293,-0.14379394054412842,-0.2968190610408783,0.10643314570188522
0.16362425684928894,0.4168129563331604,9.172842025756836,-0.24712450802326202,-0.3341032862663269,0.11069419980049133
0.3648444414138794,0.366507887840271,9.412389755249023,-0.33554136753082275,-0.38949698209762573,0.06808365881443024
0.4414997696876526,0.23954753577709198,9.419575691223145,-0.3472592830657959,-0.3948233127593994,0.040386803448200226
0.45587265491485596,0.1868470013141632,9.558513641357422,-0.3525855839252472,-0.4108022451400757,0.01801626943051815
0.4654545187950134,0.043118298053741455,9.738174438476562,-0.332345575094223,-0.4619349241256714,0.01375521719455719
0.30256199836730957,-0.12216973304748535,9.021926879882812,-0.4889393448829651,-0.661139190196991,0.02547311596572399
0.2546524405479431,0.26829326152801514,9.139305114746094,-0.5219625234603882,-0.4661959707736969,0.10536788403987885
0.7936351299285889,-0.1125878095626831,9.996886253356934,-0.5219625234603882,-0.15407371520996094,0.12880368530750275
1.0140191316604614,-0.18445217609405518,10.226852416992188,-0.4612424671649933,-0.07950528711080551,0.028668908402323723
1.0499513149261475,-0.23715269565582275,10.200502395629883,-0.4026529788970947,-0.0028063037898391485,-0.025659536942839622
0.9804824590682983,-0.3617175817489624,10.26757526397705,-0.3035834729671478,0.005715805105865002,-0.1460343301296234
0.8559175729751587,-0.49346888065338135,10.15019702911377,-0.2535160779953003,-0.132768452167511,-0.2365817278623581
0.7936351299285889,-0.6348021626472473,10.04000473022461,-0.21623185276985168,-0.1274421364068985,-0.2408427894115448
0.5277369618415833,-0.7042710185050964,10.071146011352539,-0.09479181468486786,-0.06459159404039383,-0.14496906101703644
0.2426750361919403,-0.4767005443572998,10.102287292480469,0.07458509504795074,0.025955813005566597,0.010559424757957458
0.3193303644657135,-0.385672390460968,10.090310096740723,0.15554513037204742,0.04406529292464256,0.07340997457504272
0.5253415107727051,-0.3305763602256775,9.92502212524414,0.21200409531593323,0.04513055458664894,0.10536788403987885
0.7720757722854614,-0.32578539848327637,9.6974515914917,0.22904831171035767,0.04406529292464256,0.10323736071586609
1.0068327188491821,-0.32578539848327637,9.345315933227539,0.1853725165128708,0.09200214594602585,0.04997417703270912
1.1098382472991943,-0.34494921565055847,9.220751762390137,0.14595775306224823,0.11969900876283646,0.014820480719208717
1.0739060640335083,-0.34494921565055847,9.108163833618164,0.026648234575986862,0.27948853373527527,-0.05655217915773392
0.6546973586082458,-0.18445217609405518,8.962039947509766,-0.056442324072122574,0.5713707804679871,-0.09916272014379501
-0.1645563244819641,-0.26829391717910767,9.364480018615723,-0.14272867143154144,0.3764275312423706,-0.036312174052000046
-0.039991430938243866,-0.3928588032722473,9.721406936645508,-0.1629686802625656,0.0067810676991939545,0.08512787520885468
0.2881891429424286,-0.3689039945602417,9.833993911743164,-0.12674972414970398,-0.1040063425898552,0.12454263120889664
0.6427199840545654,-0.34015828371047974,9.920230865478516,-0.02874547243118286,-0.11039792746305466,0.08725840598344803
0.9685050249099731,-0.34015828371047974,10.078332901000977,0.021321915090084076,-0.06778738647699356,0.030799435451626778
0.6906295418739319,-0.4120226502418518,9.922626495361328,0.10121668875217438,0.009976858273148537,-0.06294375658035278
0.4199404716491699,-0.4767005443572998,9.843575477600098,0.12465249001979828,-0.05287369340658188,-0.053356390446424484
0.14446040987968445,-0.4695141315460205,9.414785385131836,0.1331745982170105,-0.050743166357278824,-0.009680582210421562
0.024686485528945923,-0.3353673219680786,9.409994125366211,0.06073666736483574,-0.17324846982955933,0.09578051418066025
0.21872025728225708,-0.2730848789215088,9.493836402893066,0.01919138804078102,-0.2307727038860321,0.13413000106811523
0.7121888399124146,-0.30183061957359314,9.742965698242188,0.012799807824194431,-0.1551389843225479,0.13306473195552826
0.7553074359893799,-0.2730848789215088,9.54174518585205,0.037300869822502136,0.061109509319067,0.036125749349594116
0.6475109457969666,-0.3114125430583954,9.395621299743652,-0.018092837184667587,0.11543794721364975,-0.012876372784376144
0.5277369618415833,-0.33297184109687805,9.364480018615723,-0.08520443737506866,0.1271558552980423,0.003102580551058054
0.33609870076179504,-0.38327687978744507,9.438739776611328,-0.10970550775527954,0.13780850172042847,0.04251733049750328
0.3241213262081146,-0.4240000247955322,9.64475154876709,-0.09692233800888062,0.131416916847229,0.056365758180618286
0.3576579988002777,-0.4216045141220093,9.723801612854004,-0.035137053579092026,0.11011163145303726,0.06275734305381775
0.43670880794525146,-0.40244072675704956,9.769315719604492,0.000016645295545458794,0.05897897854447365,0.040386803448200226
0.46305906772613525,-0.39046329259872437,9.707033157348633,0.007473490200936794,0.04086950048804283,0.028668908402323723
0.453477144241333,-0.39046329259872437,9.64475154876709,0.0053429631516337395,0.03234739229083061,0.02227732539176941
0.44389522075653076,-0.4072316884994507,9.56570053100586,-0.0010486182291060686,0.035543184727430344,0.020146796479821205
0.48222291469573975,-0.4072316884994507,9.587259292602539,-0.012766518630087376,0.05258740112185478,0.0062983715906739235
0.49420028924942017,-0.3880678415298462,9.611214637756348,-0.026614945381879807,0.06856635957956314,-0.0011584735475480556
0.5013867020606995,-0.39046329259872437,9.647146224975586,-0.013831782154738903,0.06963161379098892,0.010559424757957458
0.42952239513397217,-0.4072316884994507,9.702242851257324,0.004277699626982212,0.0706968829035759,0.02227732539176941
0.3768218457698822,-0.4431638717651367,9.788479804992676,0.018126126378774643,0.05897897854447365,0.05530049279332161
0.36723992228507996,-0.46232765913009644,9.745361328125,0.01386506948620081,0.04832634702324867,0.06382260471582413
0.3720308840274811,-0.4192090630531311,9.616004943847656,0.008538753725588322,0.051522135734558105,0.05530049279332161
0.5085731744766235,-0.385672390460968,9.589654922485352,0.025582969188690186,0.07921899110078812,0.0414520688354969
0.5588781833648682,-0.3545311391353607,9.60402774810791,0.05114929750561714,0.11117690056562424,0.0510394386947155
0.5876239538192749,-0.3497401773929596,9.699847221374512,0.04156192019581795,0.11650321632623672,0.05849628522992134
0.5516917705535889,-0.3617175817489624,9.577677726745605,-0.029810737818479538,0.11437269300222397,0.04784364998340607
0.6019968390464783,-0.3305763602256775,9.479463577270508,-0.07774759829044342,0.12502533197402954,0.052104704082012177
0.863103985786438,-0.3162034749984741,9.477067947387695,-0.10437919199466705,0.10265479236841202,0.0744752436876297
1.105047345161438,-0.1964295506477356,9.740570068359375,-0.1395328789949417,0.1836148351430893,0.13945631682872772
1.2176347970962524,-0.18205669522285461,9.733384132385254,-0.1395328789949417,0.36151382327079773,0.053169965744018555
1.883577823638916,-0.08623754978179932,9.84597110748291,-0.14166341722011566,0.38921070098876953,-0.032051119953393936
2.719599723815918,-0.23236173391342163,10.090310096740723,-0.14592446386814117,0.28588011860847473,-0.2355164736509323
2.956752061843872,-0.2802713215351105,10.262784957885742,-0.11290130019187927,0.00891159474849701,-0.45496073365211487
3.411893129348755,-0.4263954758644104,10.555032730102539,0.04901876673102379,0.014237914234399796,-0.5412470698356628
4.080231666564941,-0.3808814287185669,11.199417114257812,0.27591991424560547,-0.03582947701215744,-0.5774660110473633
4.200005531311035,-0.4910734295845032,11.410219192504883,0.3920336365699768,-0.08909264951944351,-0.5987712740898132
4.365293502807617,-0.6012654304504395,11.268885612487793,0.5720632076263428,-0.18603162467479706,-0.6839923858642578
4.559327125549316,-0.6084518432617188,11.11797046661377,0.6626105904579163,-0.33729907870292664,-0.8405861258506775
4.92104434967041,-0.5222146511077881,10.557428359985352,0.6594148278236389,-0.4480864703655243,-0.9460472464561462
5.268388748168945,-0.385672390460968,9.826807975769043,0.579520046710968,-0.7495560646057129,-1.1963841915130615
5.321089267730713,-0.3665085434913635,9.558513641357422,0.45594945549964905,-1.041438341140747,-1.4371337890625
5.000095367431641,-0.34734469652175903,9.165655136108398,0.38990312814712524,-1.1895099878311157,-1.5351380109786987
4.391643524169922,-0.47430509328842163,8.993181228637695,0.28124624490737915,-1.225728988647461,-1.7066454887390137
3.4550116062164307,-0.6012654304504395,9.084209442138672,0.1704588234424591,-1.2544910907745361,-1.8909361362457275
3.3064920902252197,-0.756971538066864,9.354898452758789,0.12465249001979828,-1.2747310400009155,-1.9665697813034058
2.5183794498443604,-0.9965193867683411,9.489045143127441,0.07458509504795074,-1.3855184316635132,-2.1157066822052
2.1063573360443115,-1.1306662559509277,9.632773399353027,0.16406723856925964,-1.4579564332962036,-2.2723004817962646
1.272730827331543,-1.4085416793823242,9.826807975769043,0.23011356592178345,-1.4845880270004272,-2.3266289234161377
0.24507051706314087,-1.5738296508789062,9.788479804992676,0.2546146512031555,-1.4206721782684326,-2.2137110233306885
-0.4017086923122406,-1.4061462879180908,9.953767776489258,0.025582969188690186,-1.2992321252822876,-2.0294203758239746
-1.4892559051513672,-1.2959542274475098,9.041090965270996,-0.39306560158729553,-1.2204025983810425,-1.8877402544021606
-1.661730408668518,-1.5139427185058594,8.291305541992188,-0.568834125995636,-1.1405078172683716,-1.8099761009216309
-1.903673768043518,-1.379796028137207,8.595531463623047,-0.6636425852775574,-0.8592782020568848,-1.6022496223449707
-1.925233006477356,-1.35823655128479,9.208773612976074,-0.6018572449684143,-0.7197287082672119,-1.44459068775177
-2.176758289337158,-1.4468693733215332,10.576592445373535,-0.3845435082912445,-0.5034801959991455,-1.0483125448226929
-2.42828369140625,-1.3917734622955322,10.998196601867676,-0.2151665985584259,-0.16792215406894684,-0.7116892337799072
-2.665436029434204,-1.0947339534759521,11.115574836730957,-0.17894762754440308,0.019564231857657433,-0.6296639442443848
-2.004283905029297,-0.6994800567626953,10.473587036132812,-0.2822782099246979,0.3529917299747467,-0.48265761137008667
-1.6665213108062744,-0.2539210319519043,9.668705940246582,-0.4367414116859436,0.517042338848114,-0.3484343886375427
-1.592261552810669,-0.1317516267299652,9.395621299743652,-0.41969719529151917,0.32316434383392334,-0.0949016660451889
-1.9012782573699951,-0.07186467945575714,9.795666694641113,-0.3035834729671478,0.29972854256629944,0.048908911645412445
-2.4306790828704834,-0.06946919858455658,10.535869598388672,0.04901876673102379,0.347665399312973,0.20763318240642548
-2.219877004623413,-0.08623754978179932,10.883213996887207,0.2514188587665558,0.3902759552001953,0.3525090515613556
-1.9156510829925537,0.13175100088119507,11.137134552001953,0.23117884993553162,0.4701707065105438,0.4079027473926544
-1.8102500438690186,0.263502299785614,10.190919876098633,0.04795350506901741,0.6725708246231079,0.5091028213500977
-1.6521484851837158,0.18924248218536377,9.692660331726074,-0.09692233800888062,0.8504698276519775,0.671022891998291
-1.7886908054351807,0.07425951957702637,9.524977684020996,-0.06816022098064423,0.9314298629760742,0.7818102836608887
-2.181549310684204,-0.25631651282310486,10.296320915222168,0.13850091397762299,0.978301465511322,1.0342776775360107
-2.4857752323150635,-0.3689039945602417,10.81374454498291,0.3068125545978546,0.8504698276519775,1.3176378011703491
-3.039130687713623,-0.7761353850364685,11.101202011108398,0.3174651861190796,0.7226381897926331,1.4284251928329468
-2.9744527339935303,-1.1618072986602783,10.483168601989746,0.3494231104850769,0.5106507539749146,1.5093852281570435
-2.5839898586273193,-1.1809711456298828,10.301112174987793,0.4761894643306732,0.5053244233131409,1.498732566833496
-1.5946569442749023,-1.1138978004455566,10.507122993469238,0.5283873677253723,0.5969370603561401,1.5392125844955444
-1.496442437171936,-1.1618072986602783,10.490355491638184,0.4911031723022461,0.9687140583992004,1.7192422151565552
-1.628193736076355,-1.2504401206970215,10.164569854736328,0.3973599672317505,1.2328994274139404,1.841747522354126
-1.6329846382141113,-1.4612421989440918,9.184819221496582,0.27698516845703125,1.507737398147583,1.9653180837631226
-1.3024085760116577,-1.5953891277313232,8.463780403137207,0.137435644865036,1.7516827583312988,2.065452814102173
-1.0628608465194702,-1.7295358180999756,8.197881698608398,-0.19812238216400146,1.9849754571914673,2.214589834213257
-1.0700472593307495,-1.9451289176940918,7.917611122131348,-0.35897716879844666,1.9466259479522705,2.292353868484497
-0.9814144968986511,-2.2182133197784424,7.9774980545043945,-0.5113098621368408,1.7996195554733276,2.3562698364257812
-0.7298892736434937,-2.56795334815979,8.04217529296875,-0.661512017250061,1.5641963481903076,2.4095330238342285
-0.3681719899177551,-2.8075010776519775,8.27214241027832,-0.8085184097290039,1.0454130172729492,2.5341687202453613
0.23309314250946045,-2.6925182342529297,9.22314739227295,-0.6647078394889832,0.7332908511161804,2.829246759414673
1.622470736503601,-2.623049259185791,9.922626495361328,-0.5059835910797119,0.6842886805534363,2.936838388442993
2.978311538696289,-2.4098517894744873,9.932209014892578,-0.258842408657074,0.6725708246231079,2.7035458087921143
5.70197057723999,-1.719954013824463,8.437430381774902,-0.6583162546157837,0.5362170338630676,1.9482738971710205
6.315213203430176,-1.6552760601043701,5.931759357452393,-1.0865521430969238,0.3860149085521698,1.670240044593811
5.49116849899292,-1.7007901668548584,6.089860916137695,-1.6948176622390747,-0.2552737891674042,1.623368501663208
4.166468620300293,-2.2253997325897217,10.19810676574707,-1.3230407238006592,-0.7303813099861145,1.8651832342147827
5.09351921081543,-2.0960440635681152,14.162623405456543,-0.9097184538841248,-0.6930971145629883,1.9109896421432495
6.020569324493408,-1.902010202407837,14.490804672241211,-0.191730797290802,0.05471792444586754,1.494471549987793
7.912997245788574,-1.226485252380371,13.089448928833008,-0.19492658972740173,0.3668401539325714,0.7338734269142151
6.166693210601807,-0.31380799412727356,10.842490196228027,-0.32595402002334595,0.32636013627052307,0.47714486718177795
5.153406143188477,-0.515028178691864,10.552637100219727,-0.4175666868686676,-0.021981047466397285,0.19058896601200104
2.858537435531616,-0.6851071715354919,11.60185718536377,-0.12674972414970398,-0.28084009885787964,0.18845844268798828
1.6152842044830322,-0.6851071715354919,12.23426342010498,0.0671282559633255,-0.27551379799842834,0.20763318240642548
1.438018798828125,-0.692293643951416,11.872546195983887,0.2514188587665558,-0.1040063425898552,0.17567527294158936
1.646425485610962,-0.6875026822090149,10.305903434753418,0.10760827362537384,0.05045687407255173,0.02547311596572399
1.416459560394287,-0.5844970941543579,9.462695121765137,0.024517707526683807,0.061109509319067,-0.04163849353790283
1.105047345161438,-0.6156383156776428,9.589654922485352,0.011734542436897755,-0.02411157451570034,-0.08318376541137695
0.4271268844604492,-0.7449941635131836,10.032818794250488,0.12252195179462433,-0.12105055898427963,-0.03418164700269699
0.3337032198905945,-0.6300112009048462,10.063960075378418,0.16939355432987213,-0.11572424322366714,-0.011811109259724617
0.6259515881538391,-0.6707342863082886,9.960954666137695,0.20774304866790771,-0.000675777206197381,-0.06294375658035278
1.7015215158462524,-0.6970845460891724,9.9873046875,0.16832828521728516,0.18041904270648956,-0.3122154176235199
2.681272029876709,-0.7234348654747009,10.2771577835083,0.14382722973823547,0.2581832706928253,-0.466678649187088
2.7603228092193604,-0.6994800567626953,10.521496772766113,0.14489249885082245,0.38494962453842163,-0.6254028677940369
2.1111481189727783,-0.6683388352394104,11.05568790435791,0.3132041394710541,0.3061201274394989,-0.5689439177513123
2.4010009765625,-0.7713444232940674,11.783913612365723,0.458079993724823,0.19959378242492676,-0.5572260022163391
3.0310120582580566,-0.7641579508781433,12.025856971740723,0.7435706257820129,-0.000675777206197381,-0.7148850560188293
4.43715763092041,-0.6515704989433289,11.75037670135498,0.8724675178527832,-0.08057054132223129,-1.0387252569198608
5.244434356689453,-0.692293643951416,10.81374454498291,0.873532772064209,-0.10187581926584244,-1.1857316493988037
5.285157203674316,-0.7090619802474976,10.46160888671875,0.8405095934867859,-0.29468852281570435,-1.4062411785125732
5.627710819244385,-0.9773555397987366,10.147801399230957,0.8511622548103333,-0.7101413011550903,-1.6651002168655396
5.845699310302734,-0.9821465611457825,10.29871654510498,0.8895117044448853,-0.904019296169281,-1.8025192022323608
5.907981872558594,-1.121084213256836,10.296320915222168,0.9843201637268066,-1.1873794794082642,-2.061378240585327
5.800185203552246,-1.269603967666626,10.217270851135254,1.0056254863739014,-1.3546258211135864,-2.313845634460449
5.464818000793457,-1.3893778324127197,9.7932710647583,0.9960380792617798,-1.4281290769577026,-2.429959535598755
5.16298770904541,-1.401355266571045,9.769315719604492,0.9683412313461304,-1.612419605255127,-2.6792311668395996
4.353316307067871,-1.5810160636901855,9.501022338867188,0.8628801703453064,-1.8808660507202148,-2.885892152786255
2.9136335849761963,-1.6097619533538818,9.156073570251465,0.7670063972473145,-2.0172197818756104,-2.9476776123046875
2.108752727508545,-1.6696488857269287,9.117745399475098,0.5539537072181702,-2.1546387672424316,-2.950873374938965
0.8127989172935486,-1.6840217113494873,9.247101783752441,0.34835782647132874,-2.0768744945526123,-2.8294332027435303
-0.4639911353588104,-1.5714342594146729,9.34052562713623,0.261006236076355,-1.9810007810592651,-2.731429100036621
-0.801753580570221,-1.5355019569396973,9.44113540649414,0.11613038182258606,-1.728533387184143,-2.607858419418335
-1.0604653358459473,-1.4109370708465576,9.316570281982422,-0.07987812161445618,-1.4643479585647583,-2.5503342151641846
-1.5251880884170532,-1.2384626865386963,9.029112815856934,-0.21623185276985168,-1.3919100761413574,-2.513050079345703
-1.8006681203842163,-1.307931661605835,9.124932289123535,-0.3941308856010437,-1.3631479740142822,-2.3191721439361572
-2.6175265312194824,-1.2456490993499756,10.06635570526123,-0.380282461643219,-1.4004322290420532,-2.161513090133667
-3.000802993774414,-1.104315996170044,10.593360900878906,-0.3057140111923218,-1.4281290769577026,-1.9708307981491089
-3.3289835453033447,-0.8911183476448059,10.866445541381836,-0.13846762478351593,-1.3833879232406616,-1.5159633159637451
-3.2187914848327637,-0.553355872631073,10.58138370513916,-0.11929287016391754,-1.267274260520935,-1.3220853805541992
-2.67022705078125,-0.3497401773929596,10.21966552734375,-0.23647186160087585,-0.8997582197189331,-1.0994452238082886
-1.7791088819503784,-0.007186755537986755,9.735779762268066,-0.3792171776294708,-0.564200222492218,-0.9343293309211731
-1.6880806684494019,0.16289222240447998,9.790875434875488,-0.4037182331085205,-0.4811096489429474,-0.8320640325546265
-1.8749279975891113,0.3976491093635559,10.226852416992188,-0.3153013586997986,-0.5088064670562744,-0.5018323063850403
-2.159990072250366,0.606055736541748,10.70355224609375,-0.06070338189601898,-0.6632696986198425,-0.07998798042535782
-1.4700920581817627,0.9006996154785156,10.98621940612793,0.08949878811836243,-0.7410339713096619,0.06808365881443024
-0.6173017621040344,1.1186881065368652,10.87602710723877,0.261006236076355,-0.6909666061401367,0.11175946891307831
0.7409345507621765,1.5858063697814941,9.822016716003418,0.1331745982170105,-0.27551379799842834,0.04677838459610939
0.8774768710136414,1.8181679248809814,8.796751976013184,0.000016645295545458794,0.05045687407255173,0.03186469525098801
0.6642792820930481,1.815772533416748,8.478153228759766,-0.3057140111923218,0.6565918326377869,0.10962893813848495
-0.09748291969299316,1.540292501449585,8.753633499145508,-0.3898698091506958,0.8312950730323792,0.22680792212486267
-0.44243180751800537,1.3630268573760986,9.352502822875977,-0.39306560158729553,0.895210862159729,0.3940543234348297
-0.6747932434082031,1.1761796474456787,10.73469352722168,-0.3153013586997986,0.8717750906944275,0.5921933650970459
0.08457345515489578,1.1594111919403076,11.271281242370605,-0.007440200075507164,0.7396823763847351,0.9298819303512573
0.9134089946746826,1.226484775543213,10.787394523620605,0.2684630751609802,0.6576570868492126,1.0427998304367065
1.1888890266418457,1.1737842559814453,10.305903434753418,0.32385677099227905,0.6395476460456848,0.9927324652671814
0.8535220623016357,0.9342362880706787,9.364480018615723,0.23330935835838318,0.7407476902008057,0.7477218508720398
-0.6843751668930054,0.3138073682785034,9.438739776611328,-0.009570727124810219,1.0028024911880493,0.5826060175895691
-1.7311992645263672,-0.05030536651611328,9.913044929504395,-0.07668232917785645,1.126373052597046,0.6262817978858948
-3.2163960933685303,-0.7162483930587769,10.65085220336914,-0.02554968185722828,1.1625919342041016,1.033212423324585
-2.962475299835205,-1.2384626865386963,10.890399932861328,0.15128406882286072,0.9175814390182495,1.742677927017212
-2.224668025970459,-1.2983496189117432,10.780207633972168,0.22372199594974518,0.8302298188209534,2.0782361030578613
-0.2747483253479004,-1.0683836936950684,10.425677299499512,0.2940293848514557,0.923973023891449,2.487297296524048
1.4619736671447754,-0.7641579508781433,9.85555362701416,0.2460925281047821,1.2914888858795166,2.4052720069885254
1.8716005086898804,-0.6898981332778931,9.335734367370605,0.17685040831565857,1.5886974334716797,2.2316339015960693
1.5266515016555786,-0.5725197196006775,8.53564453125,-0.08200865238904953,2.16713547706604,1.9482738971710205
1.3925046920776367,-0.8192539811134338,8.24100112915039,-0.3366066515445709,2.514411449432373,1.9642528295516968
1.550606369972229,-0.922259509563446,8.08289909362793,-0.4505898356437683,2.51015043258667,2.035625457763672
3.114853620529175,-0.9797510504722595,8.171531677246094,-0.6966657042503357,2.0968282222747803,2.2369601726531982
5.179756164550781,-0.5940790176391602,8.993181228637695,-0.9746994972229004,1.3383604288101196,2.1677181720733643
5.792998790740967,-0.2515255808830261,9.970536231994629,-1.0364848375320435,0.9292992949485779,2.0271034240722656
6.806286334991455,-0.0023957937955856323,11.81265926361084,-0.8127794861793518,0.2347474843263626,1.6489348411560059
6.858986854553223,0.23715205490589142,12.277381896972656,-0.2567118704319,-0.10720213502645493,1.2579830884933472
6.6769304275512695,0.366507887840271,12.004297256469727,0.05114929750561714,-0.17537899315357208,1.0854103565216064
6.135551929473877,0.34494858980178833,10.394536018371582,0.3973599672317505,-0.23929481208324432,0.7157639265060425
4.892298698425293,0.7976940274238586,9.532163619995117,0.19602514803409576,-0.40228015184402466,0.5240164995193481
4.918649196624756,0.5940783619880676,9.671101570129395,0.07458509504795074,-0.37990960478782654,0.549582839012146
4.892298698425293,0.673129141330719,10.47119140625,0.03303981572389603,-0.2446211278438568,0.504841685295105
5.009677410125732,0.6683381795883179,10.133428573608398,0.05647561326622963,0.0067810676991939545,0.4462522268295288
5.095914363861084,0.5317959189414978,9.88669490814209,0.04901876673102379,0.18041904270648956,0.29285427927970886
3.7400736808776855,0.7018749117851257,9.498626708984375,-0.07348654419183731,0.38814541697502136,-0.08318376541137695
1.9051371812820435,0.6300105452537537,9.690265655517578,-0.1736213117837906,0.38388437032699585,-0.19716697931289673
1.2655444145202637,0.5892874002456665,9.953767776489258,-0.16722972691059113,0.2922717034816742,-0.12899011373519897
1.0906744003295898,0.5557507276535034,10.394536018371582,-0.0031791471410542727,0.10691583901643753,0.12986895442008972
1.6991260051727295,0.7306206226348877,10.226852416992188,0.21733041107654572,0.031282130628824234,0.23319950699806213
2.02730655670166,0.812066912651062,10.032818794250488,0.2887030839920044,0.023825285956263542,0.17247948050498962
2.0632386207580566,0.8911176919937134,9.67589282989502,0.33344414830207825,0.04832634702324867,-0.09383640438318253
1.4691600799560547,0.8623719811439514,9.381248474121094,0.3121388852596283,0.10265479236841202,-0.3441733419895172
0.8056125044822693,0.9390272498130798,9.295011520385742,0.28124624490737915,0.14633060991764069,-0.39956703782081604
-0.3514036238193512,0.951004683971405,9.189610481262207,0.17258934676647186,0.17509272694587708,-0.2919754087924957
-0.17413823306560516,0.6252195835113525,9.498626708984375,0.09695562720298767,0.21876852214336395,-0.03418164700269699
0.16362425684928894,0.6946884393692017,9.620796203613281,0.09056404232978821,0.274162232875824,0.04677838459610939
1.0403693914413452,0.7066658735275269,9.671101570129395,0.12571774423122406,0.2954674959182739,-0.07892271131277084
0.37921732664108276,1.315117359161377,9.376457214355469,0.17258934676647186,0.3636443614959717,-0.20036277174949646
0.5085731744766235,0.8695583939552307,9.19200611114502,0.1235872209072113,0.26031380891799927,-0.27173539996147156
-0.07352813333272934,0.7809256911277771,9.029112815856934,0.014930334873497486,0.2773580253124237,-0.345238596200943
-0.8855953216552734,0.7809256911277771,9.450716972351074,-0.06816022098064423,0.41690754890441895,-0.24510382115840912
-1.0892109870910645,0.6348015069961548,9.659124374389648,-0.05324653536081314,0.41690754890441895,-0.15349116921424866
-1.012555718421936,0.6252195835113525,9.711824417114258,0.020256653428077698,0.23900853097438812,0.027603643015027046
-0.14778795838356018,0.6755246520042419,9.539350509643555,0.07245457172393799,0.004650541581213474,0.07234471291303635
1.1337931156158447,0.2251746654510498,9.757338523864746,0.08097667992115021,-0.06565685570240021,-0.14070801436901093
0.029477447271347046,1.298349142074585,9.445926666259766,0.13637039065361023,0.19639798998832703,-0.2227333039045334
-0.3442172110080719,0.8288352489471436,9.12014102935791,0.04582297429442406,0.4328864812850952,-0.23019014298915863
-0.7203073501586914,0.5797054767608643,9.177633285522461,0.02345244213938713,0.4627138674259186,-0.22912488877773285
-1.3790639638900757,0.9605865478515625,7.575057506561279,0.008538753725588322,0.358318030834198,-0.09170587360858917
-1.4748830795288086,0.7833211421966553,8.423057556152344,-0.2577771246433258,-0.4981538951396942,0.10430262237787247
0.07259606570005417,0.34255310893058777,9.053068161010742,-0.2822782099246979,-0.5748528242111206,0.17034895718097687
0.6139742136001587,0.9246544241905212,9.965744972229004,-0.18640448153018951,-0.3724527657032013,0.04997417703270912
-0.011245690286159515,0.6252195835113525,9.522582054138184,-0.17042551934719086,0.12076427787542343,-0.05868270993232727
-0.2795392870903015,0.43358129262924194,9.321361541748047,-0.22581923007965088,0.274162232875824,-0.023529009893536568
-0.73468017578125,0.46472251415252686,9.867530822753906,-0.3419329524040222,0.29440224170684814,0.0936499834060669
-0.9838099479675293,0.40244007110595703,10.94549560546875,-0.2545813322067261,0.11224215477705002,0.23852582275867462
-1.0820245742797852,0.37608981132507324,11.137134552001953,-0.13740235567092896,0.009976858273148537,0.31309428811073303
-0.26516640186309814,0.39525362849235535,10.619710922241211,0.0671282559633255,-0.14448635280132294,0.3951195776462555
0.7648893594741821,0.7066658735275269,9.374062538146973,0.021321915090084076,-0.07950528711080551,0.22680792212486267
0.32172584533691406,0.6108466982841492,9.575282096862793,-0.16616447269916534,0.05684845522046089,0.05530049279332161
-0.15018343925476074,0.6108466982841492,9.980117797851562,-0.18640448153018951,0.07815372198820114,0.0297341700643301
-0.6963525414466858,0.5317959189414978,10.363394737243652,-0.07348654419183731,-0.011328412219882011,0.10856367647647858
-0.6891661286354065,0.5198185443878174,10.248412132263184,0.0053429631516337395,-0.08163581043481827,0.1735447496175766
-0.23881614208221436,0.570123553276062,9.860343933105469,0.11399984359741211,-0.188162162899971,0.2672879695892334
0.3648444414138794,0.6707336902618408,9.445926666259766,0.12039142847061157,-0.20627163350582123,0.24065634608268738
0.5852285027503967,0.7258296608924866,9.316570281982422,0.08949878811836243,-0.15726950764656067,0.18845844268798828
0.5660646557807922,0.7330161333084106,9.09858226776123,-0.023419154807925224,0.06856635957956314,0.07021418958902359
0.01510457694530487,0.5653326511383057,9.544140815734863,-0.1022486537694931,0.13993902504444122,0.012689953669905663
-0.3322398066520691,0.5437732934951782,9.872322082519531,-0.08626970648765564,0.08561057597398758,0.02547311596572399
-0.3322398066520691,0.5150275826454163,9.85555362701416,-0.002113881753757596,-0.06352632492780685,0.08725840598344803
-0.02322307974100113,0.5270049571990967,9.673497200012207,0.038366131484508514,-0.14768214523792267,0.13732577860355377
0.30974844098091125,0.5365868806838989,9.594446182250977,0.018126126378774643,-0.13383372128009796,0.07340997457504272
0.5684601068496704,0.5821009874343872,9.620796203613281,0.0053429631516337395,-0.09228844195604324,0.010559424757957458
0.249861478805542,0.5461688041687012,9.678287506103516,-0.02128862775862217,0.014237914234399796,-0.08424903452396393
0.027081966400146484,0.5102366209030151,9.721406936645508,-0.027680208906531334,0.05258740112185478,-0.09596692770719528
-0.10706482827663422,0.4814908802509308,9.742965698242188,-0.02874547243118286,0.0706968829035759,-0.08851008862257004
-0.2292342483997345,0.48388636112213135,9.795666694641113,-0.02874547243118286,0.07176215201616287,-0.07359639555215836
-0.3561945855617523,0.45993155241012573,9.836389541625977,-0.0010486182291060686,0.019564231857657433,-0.017137425020337105
-0.3322398066520691,0.46472251415252686,9.79806137084961,0.02771349623799324,-0.07950528711080551,0.036125749349594116
-0.22444328665733337,0.4886772930622101,9.752547264099121,0.04156192019581795,-0.11252845078706741,0.052104704082012177
0.017500050365924835,0.5365868806838989,9.671101570129395,0.04582297429442406,-0.11146319657564163,0.04358259588479996
0.06301414221525192,0.5294004678726196,9.654333114624023,0.04688824340701103,-0.08589685708284378,0.023342588916420937
-0.08311004936695099,0.5126321315765381,9.532163619995117,0.03197455033659935,-0.06565685570240021,-0.00541952857747674
-0.1645563244819641,0.5198185443878174,9.575282096862793,-0.0031791471410542727,-0.04435158520936966,0.007363635115325451
-0.07831908762454987,0.5126321315765381,9.759734153747559,-0.006374937482178211,-0.021981047466397285,0.020146796479821205
-0.059155263006687164,0.5126321315765381,9.702242851257324,0.008538753725588322,0.009976858273148537,0.027603643015027046
-0.04717786982655525,0.5078411102294922,9.563304901123047,0.02771349623799324,0.025955813005566597,0.027603643015027046
-0.028014041483402252,0.5389823913574219,9.563304901123047,0.03517034277319908,-0.01985052041709423,0.026538381353020668
-0.006454735994338989,0.5246094465255737,9.563304901123047,0.01599559560418129,-0.07417897135019302,0.009494161233305931
-0.05196882411837578,0.5078411102294922,9.553723335266113,0.007473490200936794,-0.06778738647699356,0.0062983715906739235
-0.05436430498957634,0.5102366209030151,9.60402774810791,-0.010635990649461746,-0.014524202793836594,0.011624690145254135
-0.028014041483402252,0.5102366209030151,9.625587463378906,-0.015962310135364532,0.011042123660445213,0.028668908402323723
-0.018432125449180603,0.5485642552375793,9.60402774810791,-0.011701254174113274,0.007846331223845482,0.03399522230029106
0.027081966400146484,0.5365868806838989,9.5513277053833,-0.011701254174113274,-0.012393675744533539,0.030799435451626778
0.04145484417676926,0.5174230337142944,9.508209228515625,-0.015962310135364532,-0.004936831071972847,0.02547311596572399
0.007918141782283783,0.5270049571990967,9.673497200012207,-0.027680208906531334,0.004650541581213474,0.020146796479821205
-0.004059255123138428,0.5006546974182129,9.817225456237793,-0.05005074292421341,0.019564231857657433,0.01801626943051815
-0.07831908762454987,0.49107277393341064,9.872322082519531,-0.04259390011429787,0.018498968333005905,0.020146796479821205
-0.07831908762454987,0.5030502080917358,9.78368854522705,-0.02448441833257675,0.007846331223845482,0.023342588916420937
-0.018432125449180603,0.5030502080917358,9.733384132385254,-0.006374937482178211,-0.009197885170578957,0.03186469525098801
0.08217797428369522,0.5461688041687012,9.685474395751953,0.0053429631516337395,-0.021981047466397285,0.04251733049750328
0.05582771450281143,0.5509597063064575,9.6974515914917,0.008538753725588322,-0.021981047466397285,0.0510394386947155
-0.004059255123138428,0.5557507276535034,9.716615676879883,0.0010819088201969862,0.030216867104172707,0.044647857546806335
0.03187292069196701,0.5581461787223816,9.673497200012207,-0.005309673957526684,0.05471792444586754,0.040386803448200226
0.08936440199613571,0.5413778424263,9.64475154876709,-0.0010486182291060686,0.06004424765706062,0.04251733049750328
0.1420649290084839,0.5677281022071838,9.699847221374512,0.0096040153875947,0.009976858273148537,0.037191011011600494
0.10134180635213852,0.5030502080917358,9.831598281860352,0.012799807824194431,-0.014524202793836594,0.032929956912994385
0.10134180635213852,0.5150275826454163,9.757338523864746,0.004277699626982212,-0.03156842291355133,0.015885744243860245
0.13727396726608276,0.5677281022071838,9.632773399353027,0.020256653428077698,0.011042123660445213,0.014820480719208717
0.18997451663017273,0.6324059963226318,9.515395164489746,0.030909288674592972,0.03234739229083061,0.016951005905866623
0.17081069946289062,0.6515698432922363,9.477067947387695,0.03517034277319908,0.05471792444586754,0.019081532955169678
0.07978249341249466,0.6276150941848755,9.584864616394043,0.026648234575986862,0.05791371688246727,-0.0032890005968511105
-0.09029648452997208,0.5557507276535034,9.67589282989502,0.014930334873497486,0.05045687407255173,-0.020333217456936836
-0.17653369903564453,0.5389823913574219,9.673497200012207,-0.013831782154738903,0.02915160171687603,-0.05016060173511505
-0.11664674431085587,0.5533552169799805,9.659124374389648,0.007473490200936794,0.03660844638943672,-0.05442165583372116
0.12529659271240234,0.5437732934951782,9.695055961608887,0.017060860991477966,0.02489054761826992,-0.03950796648859978
0.12050562351942062,0.5365868806838989,9.656728744506836,0.022387180477380753,0.022760020568966866,0.0009720535017549992
-0.05196882411837578,0.4814908802509308,9.642355918884277,0.03517034277319908,0.06324003636837006,0.0020373170264065266
-0.159765362739563,0.4359767735004425,9.750152587890625,0.03517034277319908,0.05684845522046089,-0.019267955794930458
-0.1717427521944046,0.44076773524284363,9.812434196472168,0.020256653428077698,-0.006002094596624374,-0.052291128784418106
-0.09748291969299316,0.5006546974182129,9.802852630615234,0.011734542436897755,-0.015589466318488121,-0.03418164700269699
-0.06155074015259743,0.5413778424263,9.625587463378906,0.017060860991477966,0.013172650709748268,-0.011811109259724617
-0.018432125449180603,0.572519063949585,9.539350509643555,0.04582297429442406,0.03341265767812729,0.019081532955169678
0.09415536373853683,0.606055736541748,9.448322296142578,0.05754087492823601,0.002520014299079776,0.028668908402323723
0.15164685249328613,0.5892874002456665,9.481858253479004,0.05221455916762352,-0.004936831071972847,0.023342588916420937
0.06540962308645248,0.5773099660873413,9.580073356628418,0.028778761625289917,0.0003894863184541464,-0.00009321002289652824
-0.27714380621910095,0.572519063949585,9.690265655517578,0.0010819088201969862,0.03234739229083061,-0.0384427011013031
-0.3010985851287842,0.5509597063064575,9.627983093261719,-0.007440200075507164,0.03873897343873978,-0.05442165583372116
-0.22444328665733337,0.572519063949585,9.642355918884277,0.0021471723448485136,0.003585277823731303,-0.044834282249212265
-0.004059255123138428,0.5629371404647827,9.625587463378906,0.01386506948620081,-0.07630949467420578,0.009494161233305931
0.05103675276041031,0.5605416297912598,9.627983093261719,0.017060860991477966,-0.09654950350522995,0.026538381353020668
-0.059155263006687164,0.5797054767608643,9.568096160888672,0.01599559560418129,-0.07844001799821854,0.0297341700643301
-0.11904222518205643,0.5892874002456665,9.711824417114258,0.0096040153875947,-0.037960004061460495,0.020146796479821205
-0.08790100365877151,0.6012648344039917,9.671101570129395,-0.020223364233970642,0.04086950048804283,0.0062983715906739235
-0.09987840056419373,0.5892874002456665,9.623191833496094,-0.03300652652978897,0.08028426021337509,0.015885744243860245
-0.08790100365877151,0.5773099660873413,9.671101570129395,-0.013831782154738903,0.06324003636837006,0.016951005905866623
-0.0375959537923336,0.5509597063064575,9.754942893981934,-0.013831782154738903,0.043000027537345886,0.014820480719208717
0.010313615202903748,0.5485642552375793,9.781293869018555,-0.018092837184667587,0.007846331223845482,0.019081532955169678
0.01510457694530487,0.5988693237304688,9.7932710647583,-0.01702757366001606,-0.013458939269185066,0.026538381353020668
-0.0016637742519378662,0.5868918895721436,9.822016716003418,-0.009570727124810219,-0.01985052041709423,0.028668908402323723
-0.09029648452997208,0.6348015069961548,9.822016716003418,0.0053429631516337395,-0.006002094596624374,0.02227732539176941
-0.1334151029586792,0.644383430480957,9.771711349487305,0.017060860991477966,0.013172650709748268,0.019081532955169678
-0.06394621729850769,0.6467788815498352,9.790875434875488,0.022387180477380753,0.0067810676991939545,0.014820480719208717
-0.004059255123138428,0.6036602854728699,9.781293869018555,0.03623560443520546,-0.010263148695230484,0.019081532955169678
-0.1334151029586792,0.6276150941848755,9.627983093261719,0.0436924509704113,0.028086340054869652,0.01801626943051815
-0.3777539134025574,0.6611517667770386,9.306988716125488,0.0436924509704113,0.05791371688246727,0.009494161233305931
-0.4160815477371216,0.6946884393692017,9.275847434997559,0.034105077385902405,0.08134951442480087,-0.00541952857747674
-0.34661269187927246,0.6970839500427246,9.321361541748047,-0.0010486182291060686,0.031282130628824234,0.003102580551058054
-0.20048849284648895,0.5461688041687012,9.211169242858887,-0.02554968185722828,-0.007067358121275902,0.02227732539176941
-0.0950874388217926,0.5174230337142944,9.321361541748047,-0.051116008311510086,-0.033698949962854385,0.056365758180618286
-0.06634169816970825,0.46472251415252686,9.465089797973633,-0.06816022098064423,0.0067810676991939545,0.0648878663778305
-0.030409518629312515,0.41441747546195984,9.905858039855957,-0.09479181468486786,0.02489054761826992,0.0648878663778305
0.00312718003988266,0.3617169260978699,10.054377555847168,-0.13846762478351593,0.03447791934013367,0.057431019842624664
0.036663882434368134,0.34973955154418945,10.12863826751709,-0.14166341722011566,0.021694758906960487,0.04997417703270912
0.07499153167009354,0.3138073682785034,10.099891662597656,-0.11716234683990479,0.017433704808354378,0.04251733049750328
0.09175988286733627,0.3473440706729889,10.09749698638916,-0.07135601341724396,0.04513055458664894,0.03186469525098801
0.13248303532600403,0.3641124367713928,10.131032943725586,-0.039398107677698135,0.11437269300222397,0.028668908402323723
