leftRight
-0.7394711375236511,0.6946884393692017,9.891485214233398,-0.24712450802326202,-0.5961581468582153,0.07873629778623581
-0.3394262492656708,0.6611517667770386,10.396931648254395,-0.16190341114997864,-0.7037497162818909,0.12986895442008972
0.010313615202903748,0.6779201030731201,10.7610445022583,-0.01489704567939043,-0.7783181667327881,0.14691315591335297
0.5181550979614258,0.943818211555481,9.065045356750488,0.3835115432739258,-0.7325118780136108,-0.024594271555542946
0.8894542455673218,0.776134729385376,10.068750381469727,-0.18640448153018951,-0.23929481208324432,-0.05442165583372116
0.7864486575126648,0.8168578743934631,9.742965698242188,0.05647561326622963,-0.14874739944934845,0.07660576701164246
0.760098397731781,1.018078088760376,9.465089797973633,0.0096040153875947,-0.055004220455884933,0.0020373170264065266
1.064324140548706,0.951004683971405,9.496231079101562,-0.026614945381879807,-0.19881479442119598,0.007363635115325451
1.1433749198913574,0.840812623500824,9.539350509643555,-0.01489704567939043,-0.2637958824634552,-0.023529009893536568
1.0810924768447876,0.8240442872047424,9.460299491882324,0.022387180477380753,-0.23822954297065735,-0.028855325654149055
0.9110135436058044,0.9605865478515625,9.247101783752441,-0.008505463600158691,-0.20520637929439545,-0.0011584735475480556
0.9637141227722168,0.9342362880706787,9.263870239257812,-0.03726758062839508,-0.22012005746364594,0.0020373170264065266
1.069115161895752,0.847999095916748,9.263870239257812,-0.06389917433261871,-0.2446211278438568,-0.00009321002289652824
1.2056573629379272,0.7881121039390564,9.103372573852539,-0.12888024747371674,-0.2861664295196533,-0.016072163358330727
1.138584017753601,0.8551855087280273,9.23033332824707,-0.19386132061481476,-0.2446211278438568,-0.016072163358330727
1.174516201019287,0.8192533254623413,9.36208438873291,-0.20877501368522644,-0.22544638812541962,-0.011811109259724617
1.3972957134246826,0.6898974776268005,9.584864616394043,-0.2151665985584259,-0.23822954297065735,-0.04589954763650894
1.478742003440857,0.6467788815498352,9.627983093261719,-0.20664449036121368,-0.2307727038860321,-0.07040060311555862
1.5410244464874268,0.6467788815498352,9.663914680480957,-0.19918763637542725,-0.20840217173099518,-0.09277114272117615
1.5625836849212646,0.6324059963226318,9.656728744506836,-0.17575183510780334,-0.14981266856193542,-0.11940273642539978
1.5242561101913452,0.5533552169799805,9.795666694641113,-0.12035813927650452,-0.1178547665476799,-0.1140764132142067
1.4499962329864502,0.4431632161140442,9.920230865478516,-0.09692233800888062,-0.12850740551948547,-0.09703219681978226
1.4068776369094849,0.4623270332813263,9.917835235595703,-0.08946549892425537,-0.11572424322366714,-0.049095336347818375
1.4547871351242065,0.6108466982841492,9.754942893981934,-0.0788128599524498,0.02062949538230896,-0.012876372784376144
1.545815348625183,0.606055736541748,9.716615676879883,-0.06496443599462509,0.08774109929800034,-0.00541952857747674
1.5793520212173462,0.6132421493530273,9.719011306762695,-0.039398107677698135,0.197463259100914,0.010559424757957458
1.6320525407791138,0.5821009874343872,9.639960289001465,-0.009570727124810219,0.30825066566467285,0.026538381353020668
1.6655893325805664,0.5844964385032654,9.491440773010254,-0.0010486182291060686,0.3146422505378723,0.02227732539176941
1.6368435621261597,0.606055736541748,9.501022338867188,-0.010635990649461746,0.22409485280513763,-0.019267955794930458
1.476346492767334,0.6803156137466431,9.522582054138184,-0.002113881753757596,0.26137906312942505,-0.05868270993232727
1.2990810871124268,0.6707336902618408,8.832683563232422,-0.02128862775862217,0.26031380891799927,-0.048030074685811996
0.8678949475288391,0.709061324596405,9.180027961730957,-0.1118360310792923,-0.03476421535015106,0.009494161233305931
0.9205955266952515,0.7737392783164978,9.376457214355469,-0.09372654557228088,-0.09335371106863022,0.027603643015027046
1.4212504625320435,0.6156376600265503,9.872322082519531,-0.03833284229040146,-0.07844001799821854,0.008428898639976978
1.5194650888442993,0.5557507276535034,10.051982879638672,0.09269458055496216,-0.03689473867416382,-0.03950796648859978
1.3589680194854736,0.48388636112213135,9.946581840515137,0.12571774423122406,0.04939160868525505,-0.025659536942839622
1.064324140548706,0.5773099660873413,9.247101783752441,0.0671282559633255,0.021694758906960487,0.008428898639976978
0.9804824590682983,0.6156376600265503,9.168050765991211,-0.005309673957526684,-0.02837262861430645,0.037191011011600494
1.0379738807678223,0.6491743922233582,9.189610481262207,-0.0788128599524498,-0.06246107071638107,0.019081532955169678
1.3158494234085083,0.673129141330719,9.723801612854004,-0.02874547243118286,0.05684845522046089,-0.04270375519990921
1.3158494234085083,0.5174230337142944,9.730988502502441,-0.04898548126220703,0.07602319866418839,-0.04696480929851532
1.1553523540496826,0.4671179950237274,9.55611801147461,-0.07455180585384369,0.08134951442480087,-0.023529009893536568
1.071510672569275,0.46472251415252686,9.496231079101562,-0.06496443599462509,0.09519793838262558,-0.00541952857747674
1.0044372081756592,0.469513475894928,9.546536445617676,-0.055377062410116196,0.113307423889637,0.003102580551058054
1.0116236209869385,0.40723103284835815,9.647146224975586,-0.06283390522003174,0.1452653408050537,0.04251733049750328
1.0020416975021362,0.36890339851379395,9.594446182250977,-0.07135601341724396,0.15804851055145264,0.05423523113131523
0.9086180925369263,0.41920843720436096,9.453112602233887,-0.08733497560024261,0.17189693450927734,0.057431019842624664
0.956527590751648,0.4168129563331604,9.414785385131836,-0.13207603991031647,0.19959378242492676,0.053169965744018555
1.0140191316604614,0.3832762539386749,9.36208438873291,-0.15551184117794037,0.1697664111852646,0.052104704082012177
1.0427649021148682,0.3904626965522766,9.381248474121094,-0.14272867143154144,0.1548527181148529,0.05530049279332161
1.071510672569275,0.3090164065361023,9.60402774810791,-0.08200865238904953,0.13248218595981598,0.06382260471582413
1.0739060640335083,0.263502299785614,9.707033157348633,-0.05431179702281952,0.12182953208684921,0.06382260471582413
1.0763015747070312,0.2754797339439392,9.778898239135742,-0.04472442716360092,0.11969900876283646,0.05956154689192772
1.066719651222229,0.2826661467552185,9.659124374389648,-0.05431179702281952,0.11969900876283646,0.056365758180618286
1.0427649021148682,0.3138073682785034,9.515395164489746,-0.10331392288208008,0.1452653408050537,0.044647857546806335
1.0427649021148682,0.34494858980178833,9.400412559509277,-0.16936026513576508,0.1559179723262787,0.024407854303717613
1.1290020942687988,0.33057570457458496,9.271056175231934,-0.1970571130514145,0.16230955719947815,0.01801626943051815
1.140979528427124,0.29943448305130005,9.254287719726562,-0.2109055370092392,0.20492009818553925,0.01375521719455719
1.138584017753601,0.2970390319824219,9.328548431396484,-0.2343413382768631,0.2975980043411255,-0.00009321002289652824
1.3014765977859497,0.20361536741256714,9.453112602233887,-0.27482134103775024,0.3636443614959717,-0.00009321002289652824
1.6344480514526367,0.1485193520784378,9.412389755249023,-0.4133056104183197,0.5500654578208923,0.032929956912994385
1.8332728147506714,0.15091483294963837,9.333338737487793,-0.5166361927986145,0.5916107892990112,0.1170857846736908
2.4153740406036377,0.1748696118593216,9.244706153869629,-0.36749929189682007,0.4999980926513672,0.057431019842624664
4.233541965484619,0.2060108333826065,10.143011093139648,-0.10544444620609283,0.4765622913837433,-0.16307854652404785
5.840908050537109,0.3784852921962738,10.789790153503418,0.03197455033659935,0.5351517796516418,-0.33884701132774353
7.330895900726318,0.5892874002456665,10.873631477355957,0.2599409520626068,0.6288949847221375,-0.7915840148925781
7.874669551849365,0.7162477374076843,10.686784744262695,0.4239915609359741,0.4296906888484955,-1.3710874319076538
8.4016752243042,1.0013096332550049,10.344230651855469,0.4911031723022461,0.20598536729812622,-1.668295979499817
7.9537200927734375,1.0492193698883057,10.231643676757812,0.5507579445838928,-0.386301189661026,-2.2691047191619873
7.515347957611084,0.9965187311172485,10.178942680358887,0.325987309217453,-0.7442297339439392,-2.801736354827881
7.124884605407715,0.3976491093635559,9.53455924987793,0.13423985242843628,-0.8422340154647827,-2.921046018600464
5.570219039916992,-0.22277981042861938,8.252978324890137,-0.0788128599524498,-0.8028192520141602,-3.1372945308685303
3.8215198516845703,-0.5940790176391602,8.791960716247559,-0.09372654557228088,-0.761273980140686,-3.4430251121520996
3.2513959407806396,-1.2384626865386963,9.589654922485352,0.014930334873497486,-0.5610044002532959,-3.559138774871826
1.6991260051727295,-2.211026906967163,10.514309883117676,-0.020223364233970642,-0.5428949594497681,-3.545290470123291
-0.2987031042575836,-2.644608497619629,10.449631690979004,-0.21623185276985168,-0.5791139006614685,-3.3631303310394287
-1.2640810012817383,-2.797919273376465,10.293926239013672,-0.3334108591079712,-0.6281160116195679,-3.188427209854126
-3.072667360305786,-3.336901903152466,10.217270851135254,-0.22581923007965088,-1.0403730869293213,-2.4427425861358643
-4.002112865447998,-3.4399075508117676,10.7610445022583,-0.04152863472700119,-1.1745963096618652,-2.1934709548950195
-4.70638370513916,-3.4494893550872803,11.71923542022705,0.44636207818984985,-1.0808531045913696,-1.7364728450775146
-5.410654544830322,-3.696223735809326,13.257132530212402,0.6871116757392883,-0.9072150588035583,-1.534072756767273
-5.331603527069092,-3.5764496326446533,13.142149925231934,0.9971033334732056,-0.6217244267463684,-0.8661524653434753
-5.127987861633301,-3.492608070373535,12.646286010742188,0.9481012225151062,-0.0613958016037941,-0.4475038945674896
-5.075287342071533,-3.1907777786254883,12.100116729736328,0.843705415725708,0.23900853097438812,-0.4293944239616394
-5.94724178314209,-3.2746193408966064,10.293926239013672,0.5177347660064697,0.4850844144821167,-0.1566869616508484
-4.627333164215088,-1.930755853652954,8.990785598754883,0.3792504668235779,0.6171770691871643,-0.0043542650528252125
-4.359039306640625,-2.0936484336853027,8.219441413879395,0.23543989658355713,0.6491349935531616,0.10856367647647858
-4.586609840393066,-1.4037506580352783,7.373837471008301,0.1235872209072113,0.6395476460456848,0.2438521385192871
-4.555468559265137,-1.4828014373779297,7.263645648956299,-0.006374937482178211,0.5873497128486633,0.5921933650970459
-5.072892189025879,-1.286372184753418,7.309159755706787,-0.12035813927650452,0.49680233001708984,1.0001893043518066
-5.314835071563721,-1.4756150245666504,7.416955947875977,-0.2055792212486267,0.4382128119468689,1.1983282566070557
-5.355558395385742,-1.6169483661651611,7.6804585456848145,-0.46230775117874146,0.5266296863555908,1.543473720550537
-5.183084011077881,-1.7175583839416504,7.828978538513184,-0.7467331290245056,0.6778970956802368,1.9216423034667969
-4.727942943572998,-2.172699213027954,7.565475940704346,-0.7968004941940308,0.8142508268356323,2.069713830947876
-4.457253932952881,-2.3116371631622314,8.942875862121582,-0.8213015794754028,0.8014677166938782,2.3434865474700928
-4.021276950836182,-2.6422131061553955,9.618400573730469,-0.7041226029396057,0.8941456079483032,2.744025707244873
-3.8176612854003906,-3.0494444370269775,10.473587036132812,-0.6295541524887085,0.9016024470329285,2.9315121173858643
-3.7553787231445312,-3.3632521629333496,10.84488582611084,-0.48680880665779114,0.9175814390182495,3.1839795112609863
-3.4751076698303223,-3.6818506717681885,11.132343292236328,-0.4782866835594177,0.9932151436805725,3.3522913455963135
-3.0511081218719482,-3.854325294494629,11.309608459472656,-0.5358109474182129,1.0486087799072266,3.434316635131836
-2.114475965499878,-4.041172504425049,11.153903007507324,-0.6966657042503357,1.0976109504699707,3.514211416244507
-1.3407362699508667,-4.194483280181885,10.49275016784668,-0.7978657484054565,1.106132984161377,3.499297618865967
-0.8831998705863953,-4.297488689422607,10.29153060913086,-0.8106489181518555,1.0784361362457275,3.458817720413208
0.2762117385864258,-4.26874303817749,10.399327278137207,-0.8181057572364807,1.0209119319915771,3.266004800796509
1.4212504625320435,-4.101059436798096,10.864049911499023,-0.8671079277992249,0.9889540672302246,3.1040847301483154
2.0416793823242188,-3.993262767791748,11.053292274475098,-0.9789605736732483,0.9431477189064026,2.9389688968658447
3.296910047531128,-3.586031675338745,10.885608673095703,-1.1334238052368164,0.8696445822715759,2.8153984546661377
3.8071470260620117,-3.2458736896514893,10.478377342224121,-1.3017354011535645,0.6661792397499084,2.748286724090576
4.204796314239502,-2.390687942504883,10.217270851135254,-1.0833563804626465,0.48295387625694275,2.7014153003692627
4.688683032989502,-1.5426886081695557,11.659348487854004,-0.568834125995636,0.45951807498931885,2.382901430130005
6.044524192810059,-0.9030957818031311,13.190059661865234,-0.26949504017829895,0.5490002036094666,2.0430822372436523
7.93455696105957,-0.4192090630531311,13.434398651123047,0.2183956801891327,0.7247686982154846,1.1322818994522095
8.7202730178833,-0.1700792908668518,13.125381469726562,0.3355746865272522,0.7471392750740051,0.6955239176750183
8.739437103271484,0.5773099660873413,11.855777740478516,0.29935571551322937,0.5458044409751892,0.1074984148144722
7.939347267150879,0.9677730202674866,11.022150993347168,0.10334721207618713,0.3007937967777252,-0.10555430501699448
6.207416534423828,1.0588011741638184,9.58246898651123,0.05221455916762352,0.23261696100234985,-0.19610171020030975
5.472004413604736,1.0013096332550049,9.249497413635254,0.12465249001979828,0.1782885193824768,-0.5657481551170349
5.663642883300781,0.87674480676651,9.536954879760742,0.3121388852596283,0.08134951442480087,-1.1303378343582153
6.166693210601807,0.5988693237304688,10.16696548461914,0.3696631193161011,-0.015589466318488121,-1.4403295516967773
6.118783950805664,0.28506162762641907,10.011259078979492,0.3654020428657532,-0.2882969379425049,-1.9772224426269531
5.840908050537109,0.021558985114097595,9.656728744506836,0.3110736012458801,-0.48643597960472107,-2.424633026123047
5.064773082733154,-0.32818087935447693,9.136909484863281,0.2940293848514557,-0.5056107044219971,-2.6898837089538574
5.100705623626709,-1.0324516296386719,8.990785598754883,0.24928832054138184,-0.38310539722442627,-3.3045408725738525
5.27318000793457,-1.4492647647857666,8.885384559631348,0.1097387969493866,-0.20414111018180847,-3.8957622051239014
5.160592555999756,-2.0768802165985107,8.533248901367188,-0.010635990649461746,-0.17111794650554657,-4.115206718444824
4.216773986816406,-2.7308456897735596,8.02061653137207,-0.2684297561645508,-0.20414111018180847,-4.391109943389893
3.5316669940948486,-2.9991393089294434,7.908029079437256,-0.38241297006607056,-0.24781692028045654,-4.526398181915283
2.932797431945801,-3.432720899581909,8.030198097229004,-0.5912046432495117,-0.5301117897033691,-4.735189914703369
2.7507410049438477,-3.7848563194274902,8.229022979736328,-0.607183575630188,-0.9391729831695557,-4.724537372589111
1.7350581884384155,-4.414867401123047,9.158469200134277,-0.2535160779953003,-1.054221510887146,-4.760756492614746
1.6176797151565552,-5.322753429412842,11.185044288635254,-0.04472442716360092,-0.9764572381973267,-4.814019680023193
1.7733858823776245,-6.237826347351074,12.646286010742188,0.21626515686511993,-0.7293160557746887,-4.768213272094727
1.3134539127349854,-6.587566375732422,12.646286010742188,0.22798305749893188,-0.5428949594497681,-4.5455732345581055
-0.09748291969299316,-6.9325151443481445,11.824636459350586,0.18324197828769684,-0.5290465354919434,-4.407088756561279
-1.017346739768982,-7.294232368469238,11.163484573364258,0.19815567135810852,-0.49921914935112,-3.9053494930267334
-1.8054591417312622,-7.30381441116333,11.29763126373291,0.4452968239784241,-0.43104225397109985,-3.173513412475586
-3.386475086212158,-7.301418781280518,12.030648231506348,0.6189348101615906,-0.3735180199146271,-2.811323881149292
-4.176982879638672,-7.066661834716797,12.562443733215332,0.919339120388031,-0.2265116423368454,-2.190275192260742
-4.2344746589660645,-6.987611293792725,12.502556800842285,1.062084436416626,-0.17537899315357208,-1.7002538442611694
-4.054813385009766,-6.707340240478516,11.764749526977539,1.0983034372329712,-0.19668427109718323,-1.4722875356674194
-4.256033897399902,-6.235430717468262,10.940705299377441,1.0940423011779785,-0.24888218939304352,-1.0440515279769897
-4.371016979217529,-5.998278617858887,10.547846794128418,1.0034949779510498,-0.188162162899971,-0.591314435005188
-4.687220096588135,-5.351499557495117,9.723801612854004,0.9427748918533325,-0.12318108230829239,-0.34310805797576904
-5.1255927085876465,-4.762211799621582,9.189610481262207,0.7030906081199646,0.03873897343873978,0.504841685295105
-5.3244171142578125,-4.604110240936279,8.985994338989258,0.600825309753418,0.07495792955160141,0.7786145210266113
-5.427423000335693,-4.08189582824707,8.43503475189209,0.49323368072509766,0.10691583901643753,1.0417345762252808
-5.00342321395874,-3.806415557861328,8.188300132751465,0.27272412180900574,0.18254956603050232,1.536016821861267
-4.349457263946533,-3.7321557998657227,8.164345741271973,0.08843351900577545,0.31251171231269836,1.9610570669174194
-3.58290433883667,-3.8255794048309326,8.554808616638184,0.018126126378774643,0.38814541697502136,2.138956069946289
-3.144531726837158,-3.969308376312256,8.73926067352295,-0.08520443737506866,0.5266296863555908,2.455339193344116
-2.572012424468994,-4.194483280181885,9.038695335388184,-0.11503182351589203,0.4946717619895935,2.7514824867248535
-2.191131353378296,-4.443613052368164,9.374062538146973,-0.08733497560024261,0.40305912494659424,2.8995542526245117
-2.114475965499878,-4.570573329925537,9.505813598632812,0.028778761625289917,0.16550534963607788,3.226590156555176
-1.4293689727783203,-5.02571439743042,9.517790794372559,0.11080406606197357,0.031282130628824234,3.469470262527466
-0.40410417318344116,-5.516787528991699,8.95724868774414,0.08417247235774994,0.05791371688246727,3.5589523315429688
-0.16934727132320404,-5.631770133972168,8.550017356872559,-0.09798760712146759,0.24646537005901337,3.806093454360962
-0.17653369903564453,-5.710821151733398,7.996662139892578,-0.34512874484062195,0.40199384093284607,4.1949143409729
-0.13581058382987976,-5.873713493347168,7.819396495819092,-0.4612424671649933,0.4371475577354431,4.421815872192383
0.1276920735836029,-5.859340667724609,7.757113933563232,-0.7094488739967346,0.4723012447357178,4.827681064605713
1.342199683189392,-5.706030368804932,7.484029293060303,-1.0396806001663208,0.5063896775245667,5.068430423736572
3.2298367023468018,-4.953849792480469,7.694831848144531,-1.2037311792373657,0.4989328384399414,5.082279205322266
4.516208648681641,-4.443613052368164,8.427847862243652,-1.3794996738433838,0.4669749140739441,4.785070419311523
7.596794128417969,-3.3800203800201416,10.358603477478027,-1.324105978012085,0.4744317829608917,3.9658830165863037
10.349199295043945,-2.134371757507324,11.724026679992676,-1.227167010307312,0.5628486275672913,3.384249210357666
10.703729629516602,-1.439682960510254,12.263009071350098,-0.9033268690109253,0.6715055108070374,2.193284511566162
9.805425643920898,-0.41681361198425293,13.175686836242676,-0.3717603385448456,0.5244991779327393,1.2015241384506226
7.9585113525390625,-0.5006553530693054,13.733833312988281,-0.04898548126220703,0.44460439682006836,0.8127029538154602
6.779935836791992,-0.692293643951416,13.429607391357422,0.6828505992889404,0.06750109046697617,0.2768753170967102
3.1723451614379883,-0.6252202391624451,11.690489768981934,0.7861811518669128,-0.08270107954740524,0.24278688430786133
2.575870990753174,-0.7545760869979858,10.842490196228027,0.814943253993988,-0.17537899315357208,0.24065634608268738
1.9817925691604614,-0.8527906537055969,9.560909271240234,0.7201348543167114,-0.17750951647758484,0.28752797842025757
1.8907642364501953,-0.7881127595901489,9.268660545349121,0.5933684706687927,-0.08270107954740524,0.25876584649086
1.9770015478134155,-0.7641579508781433,9.271056175231934,0.555018961429596,-0.05926527455449104,0.19804580509662628
1.7949451208114624,-0.7330167293548584,9.304593086242676,0.48364633321762085,-0.22970743477344513,0.036125749349594116
0.9469457864761353,-0.6419885754585266,9.40280818939209,0.4719284176826477,-0.28510114550590515,0.009494161233305931
0.8463356494903564,-0.7521805763244629,9.417181015014648,0.468732625246048,-0.2978843152523041,-0.0043542650528252125
0.7265617251396179,-0.8647680878639221,9.498626708984375,0.5081473588943481,-0.31279802322387695,-0.01820269040763378
0.22590669989585876,-0.859977126121521,9.699847221374512,0.5741937160491943,-0.5471559762954712,-0.040573228150606155
-0.25079354643821716,-0.7282257676124573,9.948976516723633,0.64663165807724,-0.7293160557746887,-0.052291128784418106
-0.3010985851287842,-0.7378076910972595,9.771711349487305,0.555018961429596,-0.6174634099006653,-0.08211850374937057
0.18039259314537048,-0.821649432182312,9.342921257019043,0.4250568151473999,-0.26592642068862915,-0.13431642949581146
0.3337032198905945,-0.7138529419898987,9.328548431396484,0.36646732687950134,-0.07417897135019302,-0.17799223959445953
0.3145394027233124,-0.7090619802474976,9.302197456359863,0.2514188587665558,0.2816190719604492,-0.2557564675807953
-0.12143769860267639,-0.6683388352394104,9.345315933227539,0.19602514803409576,0.3774927854537964,-0.2738659381866455
-0.4520137310028076,-0.6228247284889221,9.40280818939209,0.10334721207618713,0.40838542580604553,-0.25256067514419556
-1.0005784034729004,-0.7809263467788696,9.374062538146973,0.11719563603401184,0.3146422505378723,-0.13431642949581146
-0.9239230155944824,-0.6994800567626953,9.958559036254883,0.33770519495010376,0.06856635957956314,-0.10022798180580139
-0.36098554730415344,-0.618033766746521,10.159778594970703,0.4154694378376007,-0.02837262861430645,-0.15775223076343536
-0.32026243209838867,-0.37129950523376465,9.18242359161377,0.4165346920490265,-0.07204843312501907,-0.22592909634113312
-0.4783639907836914,-0.34015828371047974,8.784774780273438,0.3440967798233032,-0.07950528711080551,-0.2738659381866455
-0.7418666481971741,-0.5773106217384338,8.902153015136719,0.1704588234424591,-0.011328412219882011,-0.25362592935562134
-0.8041490912437439,-0.6300112009048462,9.295011520385742,0.14595775306224823,0.04406529292464256,-0.20249329507350922
-0.6819796562194824,-0.5964744687080383,9.905858039855957,0.23863568902015686,0.21237695217132568,-0.10129325091838837
-0.4017086923122406,-0.517423689365387,10.001677513122559,0.4101431369781494,0.43608227372169495,-0.09170587360858917
0.07259606570005417,-0.6875026822090149,9.608819007873535,0.48897260427474976,0.5756317973136902,-0.11514167487621307
-2.059379816055298,0.5078411102294922,6.22640323638916,0.3973599672317505,0.6427434086799622,-0.1982322484254837
-1.6904761791229248,-0.028746068477630615,7.038470268249512,-0.3376719057559967,-1.200162649154663,0.07127945125102997
-0.2364206612110138,-0.8072766065597534,8.947667121887207,-0.43887194991111755,-1.276861548423767,0.1735447496175766
0.4678500294685364,-0.37129950523376465,10.643665313720703,-0.21303606033325195,-0.7538171410560608,0.0936499834060669
0.16122877597808838,-0.5844970941543579,10.159778594970703,-0.16083815693855286,0.00891159474849701,-0.0043542650528252125
0.022291012108325958,-0.756971538066864,10.054377555847168,-0.2109055370092392,0.33168646693229675,0.010559424757957458
-0.22683876752853394,-0.7497851252555847,10.279553413391113,-0.3248887360095978,0.743943452835083,0.06808365881443024
-0.7466576099395752,-0.46711862087249756,10.459214210510254,-0.3611077070236206,0.7418129444122314,0.097911037504673
-0.9933918714523315,-0.5126327276229858,10.4232816696167,-0.332345575094223,0.6256992220878601,0.10430262237787247
-1.1514934301376343,-0.5797061324119568,10.131032943725586,-0.22368870675563812,0.19107167422771454,0.18206685781478882
-0.5598102807998657,-0.4527457356452942,10.303507804870605,-0.08626970648765564,-0.2595348358154297,0.2758100628852844
-0.1525789201259613,-0.37848591804504395,10.332253456115723,0.024517707526683807,-0.3447559177875519,0.2577005922794342
0.07978249341249466,-0.3689039945602417,9.790875434875488,0.203481987118721,-0.28936222195625305,0.12880368530750275
-0.19569754600524902,-0.2994351387023926,9.206378936767578,0.20241673290729523,-0.1839011013507843,0.04997417703270912
-0.3561945855617523,-0.26829391717910767,9.105768203735352,0.15447986125946045,-0.1274421364068985,0.037191011011600494
-0.605324387550354,-0.25631651282310486,9.400412559509277,0.06180192902684212,-0.049677904695272446,0.05849628522992134
-0.6364656090736389,-0.28745773434638977,9.663914680480957,0.03197455033659935,-0.03156842291355133,0.09897630661725998
-0.6292791366577148,-0.2850622534751892,9.687870025634766,0.03517034277319908,-0.023046312853693962,0.12028157711029053
-0.4592001736164093,-0.26350295543670654,9.771711349487305,0.04156192019581795,-0.042221058160066605,0.1501089483499527
-0.19569754600524902,-0.23954817652702332,9.970536231994629,0.06393246352672577,-0.050743166357278824,0.12986895442008972
-0.17653369903564453,-0.24194365739822388,10.054377555847168,0.0863029956817627,-0.04435158520936966,0.11069419980049133
-0.4328499138355255,-0.28745773434638977,10.217270851135254,0.13530512154102325,-0.13489897549152374,0.11175946891307831
-0.4400363564491272,-0.3090170621871948,10.236433982849121,0.16939355432987213,-0.15407371520996094,0.14904367923736572
-0.32984432578086853,-0.31380799412727356,10.152592658996582,0.20561251044273376,-0.16153056919574738,0.18845844268798828
-0.0950874388217926,-0.1964295506477356,9.977723121643066,0.2546146512031555,-0.13596424460411072,0.22254687547683716
0.13727396726608276,-0.08623754978179932,9.740570068359375,0.2705935835838318,-0.07950528711080551,0.21402476727962494
0.22590669989585876,-0.014373183250427246,9.680683135986328,0.2705935835838318,-0.06778738647699356,0.19058896601200104
0.18997451663017273,0.10779621452093124,9.690265655517578,0.2833767533302307,-0.0944189801812172,0.10856367647647858
0.17799711227416992,0.023954465985298157,9.493836402893066,0.2780504524707794,-0.15194319188594818,0.03506048396229744
0.09894632548093796,0.08384142816066742,9.43394947052002,0.2652672827243805,-0.1700526773929596,0.004167844541370869
-0.049573346972465515,0.13893744349479675,9.386039733886719,0.2418314814567566,-0.19668427109718323,-0.0384427011013031
-0.21246588230133057,0.1365419626235962,9.443531036376953,0.23437464237213135,-0.2126632183790207,-0.044834282249212265
-0.23402518033981323,0.1557057797908783,9.42436695098877,0.24502727389335632,-0.2126632183790207,-0.03098585270345211
-0.17413823306560516,0.21798822283744812,9.141700744628906,0.22052620351314545,-0.21372848749160767,-0.019267955794930458
-0.10466935485601425,0.3281802535057068,9.227937698364258,0.13423985242843628,-0.1700526773929596,-0.009680582210421562
0.019895531237125397,0.2826661467552185,9.34052562713623,0.10334721207618713,-0.13489897549152374,-0.011811109259724617
0.10852823406457901,0.18445152044296265,9.54174518585205,0.06819351017475128,-0.0752442255616188,-0.0384427011013031
0.024686485528945923,0.15091483294963837,9.584864616394043,0.06499771773815155,-0.01665472984313965,-0.04270375519990921
-0.008850209414958954,0.1676831841468811,9.570491790771484,0.05647561326622963,0.002520014299079776,-0.0384427011013031
-0.07831908762454987,0.1868470013141632,9.716615676879883,0.0532798208296299,0.018498968333005905,-0.020333217456936836
-0.03280499577522278,0.14612387120723724,9.687870025634766,0.08204193413257599,0.017433704808354378,0.0009720535017549992
0.029477447271347046,0.12216908484697342,9.580073356628418,0.09056404232978821,0.00891159474849701,0.007363635115325451
0.0582231804728508,0.16049674153327942,9.381248474121094,0.06925877928733826,0.003585277823731303,0.010559424757957458
0.0773870125412941,0.19882440567016602,9.359688758850098,0.003212435869500041,-0.017719993367791176,0.009494161233305931
0.0582231804728508,0.213197261095047,9.56570053100586,-0.02554968185722828,-0.033698949962854385,0.007363635115325451
0.09415536373853683,0.14372839033603668,9.90825366973877,-0.009570727124810219,-0.04435158520936966,0.027603643015027046
0.19955644011497498,0.08144594728946686,9.836389541625977,0.04156192019581795,-0.03476421535015106,0.04784364998340607
0.1851835548877716,0.1485193520784378,9.778898239135742,0.0532798208296299,-0.014524202793836594,0.05956154689192772
0.20674285292625427,0.2443384826183319,9.570491790771484,0.04262718930840492,0.023825285956263542,0.06382260471582413
0.2570479214191437,0.26110684871673584,9.517790794372559,0.010669280774891376,0.0376737117767334,0.04784364998340607
0.2881891429424286,0.26110684871673584,9.512999534606934,0.0021471723448485136,0.03660844638943672,0.03506048396229744
0.29777103662490845,0.26589781045913696,9.505813598632812,-0.005309673957526684,0.004650541581213474,-0.0032890005968511105
0.17799711227416992,0.3401576280593872,9.532163619995117,-0.019158100709319115,-0.026242101565003395,-0.037377435714006424
0.17081069946289062,0.32578474283218384,9.522582054138184,-0.02448441833257675,-0.02411157451570034,-0.04376902058720589
0.2235112190246582,0.31859833002090454,9.532163619995117,-0.039398107677698135,-0.012393675744533539,-0.05655217915773392
0.29777103662490845,0.35692596435546875,9.5513277053833,-0.05218127369880676,0.005715805105865002,-0.08851008862257004
0.24746599793434143,0.37608981132507324,9.570491790771484,-0.059638116508722305,0.018498968333005905,-0.10981535911560059
0.007918141782283783,0.37608981132507324,9.754942893981934,-0.05857285112142563,0.004650541581213474,-0.12259852886199951
