upDown
1.6679847240447998,6.106074333190918,7.649317741394043,0.15722790360450745,0.17579180002212524,0.0728590339422226
1.545815348625183,6.427068710327148,7.35706901550293,0.13805316388607025,0.5390466451644897,-0.11462735384702682
-0.30349406599998474,6.8726277351379395,10.368185997009277,0.3713458776473999,0.9459773302078247,-0.09651787579059601
-0.8592450618743896,6.958864688873291,7.656504154205322,-0.023866897448897362,0.23651182651519775,0.25821489095687866
-1.1658663749694824,4.755024433135986,11.556343078613281,-0.5458460450172424,-0.25244414806365967,0.7034951448440552
-0.6628158688545227,4.4531941413879395,8.811124801635742,-0.054759539663791656,0.4847182333469391,0.32426121830940247
-0.3010985851287842,4.620877742767334,6.789340496063232,-0.2220059186220169,0.5166760683059692,0.48511603474617004
-1.3048040866851807,4.292697429656982,5.74251651763916,-0.48725655674934387,0.018132783472537994,0.7439751625061035
0.621160626411438,5.186210632324219,4.666946887969971,-0.6917871236801147,-0.3078378438949585,1.177537441253662
1.102651834487915,4.692742347717285,4.156709671020508,-0.7567682266235352,-0.3781452476978302,1.309630036354065
1.2104483842849731,3.0614213943481445,3.871647834777832,-0.8686208724975586,-0.27587994933128357,1.43852698802948
-0.6460474729537964,3.483025550842285,6.480323791503906,-1.288334846496582,0.45808666944503784,1.4406574964523315
-1.419787049293518,2.601489543914795,6.03955602645874,-1.6462633609771729,0.537981390953064,1.594055414199829
0.16362425684928894,2.927274465560913,5.936550140380859,-1.5621075630187988,0.48684877157211304,1.7453229427337646
1.718289852142334,3.241082191467285,6.942651271820068,-1.5205622911453247,0.8096235990524292,1.753844976425171
2.3698599338531494,2.678144693374634,7.721181869506836,-1.6004570722579956,0.9758046865463257,1.91683030128479
2.741158962249756,2.4841110706329346,11.256908416748047,-1.5312148332595825,1.085526943206787,1.9210914373397827
4.3006157875061035,3.7968332767486572,12.926556587219238,-1.0262799263000488,0.5305245518684387,1.68140709400177
2.5974302291870117,3.724968910217285,10.636479377746582,0.32553955912590027,-0.2087683528661728,0.6853856444358826
1.7326626777648926,4.5082902908325195,8.990785598754883,0.7910597920417786,-0.5208906531333923,0.048357974737882614
2.2500858306884766,5.186210632324219,8.595531463623047,0.2445795238018036,-0.6561791300773621,0.0036169029772281647
2.175826072692871,4.90593957901001,8.787169456481934,-0.17300379276275635,-0.912907600402832,0.05581481754779816
3.3040964603424072,3.8758840560913086,11.810263633728027,-1.1370673179626465,-1.1398086547851562,0.06646745651960373
2.748345375061035,2.915297031402588,12.981653213500977,-1.8177708387374878,-1.0833497047424316,-0.012362050823867321
2.741158962249756,0.644383430480957,13.954216957092285,-1.8731645345687866,-1.0663055181503296,-0.13060630857944489
4.353316307067871,-0.30662158131599426,14.327911376953125,-1.5653033256530762,-0.02873881533741951,-0.5023832321166992
2.8777012825012207,-0.05988729000091553,13.314623832702637,-0.8270756006240845,-0.0670883059501648,-1.349267840385437
0.20913833379745483,1.9738740921020508,11.70246696472168,-0.4009701907634735,-0.8255560398101807,-1.8510069847106934
-0.04717786982655525,5.634165287017822,10.979032516479492,0.2967774271965027,-1.4998677968978882,-2.052341938018799
2.7770912647247314,3.9740986824035645,9.170446395874023,0.902912437915802,-0.8916023373603821,-0.6930654048919678
2.923215389251709,2.359546184539795,8.025407791137695,1.2789504528045654,-0.05004408583045006,0.5202698111534119
1.8596230745315552,1.6792302131652832,7.134289741516113,1.2778851985931396,0.4271940290927887,0.37432861328125
1.5266515016555786,2.266122341156006,7.143871784210205,0.9018471837043762,0.8096235990524292,-0.04431995749473572
1.4523917436599731,2.5823256969451904,7.996662139892578,0.6067691445350647,0.735055148601532,-0.020884159952402115
0.6403244733810425,2.421828508377075,8.315260887145996,0.08052893728017807,0.34410345554351807,0.0014863759279251099
0.7409345507621765,2.5176477432250977,8.274537086486816,-0.2134838104248047,-0.1608314961194992,0.0302484929561615
1.6607983112335205,2.4889018535614014,7.970311641693115,-0.2795301675796509,-0.3653620779514313,0.08777272701263428
2.3147637844085693,2.7524046897888184,7.577453136444092,-0.23372381925582886,-0.5698927640914917,0.07392429560422897
2.5806620121002197,2.9943478107452393,7.62296724319458,-0.013214262202382088,-0.414364218711853,-0.06349470466375351
2.295599937438965,3.0566303730010986,7.924797534942627,0.13805316388607025,-0.2684231102466583,-0.1444547325372696
1.6392390727996826,3.2818052768707275,8.126017570495605,0.5066344141960144,0.1076149195432663,-0.2893306016921997
1.682357668876648,3.5189576148986816,7.881679058074951,0.8837376832962036,0.3813876807689667,-0.3031790256500244
2.3027865886688232,3.9525394439697266,6.830063819885254,1.012634515762329,0.40588873624801636,-0.2701558470726013
1.6991260051727295,4.117827415466309,7.546311855316162,1.0595061779022217,0.7244024872779846,-0.24458949267864227
1.4476007223129272,4.338211536407471,8.066130638122559,0.7505797743797302,0.6775308847427368,-0.28826531767845154
1.1649342775344849,4.438821315765381,8.135599136352539,0.6163565516471863,0.5454382300376892,-0.24032846093177795
1.3709454536437988,4.525058746337891,8.650627136230469,0.35536694526672363,0.23757708072662354,-0.1061052456498146
1.6392390727996826,4.378934383392334,9.426762580871582,0.12953105568885803,0.17685705423355103,0.03877060115337372
2.2979955673217773,4.153759479522705,9.913044929504395,0.10396473854780197,0.2482297271490097,0.08138114213943481
2.269249677658081,3.4087657928466797,10.190919876098633,0.20516477525234222,0.5305245518684387,0.08883798867464066
2.3195548057556152,3.0278847217559814,10.79218578338623,0.3756069540977478,1.0333290100097656,-0.03473258391022682
2.247690439224243,3.0326755046844482,11.144320487976074,0.4278048574924469,0.9694131016731262,-0.2999832332134247
0.8798723220825195,3.509375810623169,10.265179634094238,0.4267396032810211,0.7148151397705078,-0.47149068117141724
0.1660197377204895,4.1777143478393555,9.350107192993164,0.3713458776473999,0.33132028579711914,-0.692000150680542
-0.17413823306560516,4.807724952697754,8.722492218017578,0.23286160826683044,0.3238634467124939,-0.6547159552574158
-0.2555845081806183,5.119137287139893,8.61469554901123,-0.30935752391815186,0.45382559299468994,-0.3074400722980499
-0.31547147035598755,4.486731052398682,9.910649299621582,-0.9133619666099548,0.2205328643321991,0.039835862815380096
-1.1490980386734009,3.317737579345703,13.33378791809082,-1.0475852489471436,-0.18320202827453613,0.17299380898475647
-1.1131658554077148,2.6877267360687256,13.523031234741211,-0.6438502669334412,-1.3187730312347412,0.49044233560562134
-2.2941367626190186,2.079275131225586,10.262784957885742,0.04857102409005165,-1.6404825448989868,0.675798237323761
-0.24600258469581604,2.177489757537842,7.797837257385254,0.30210375785827637,-1.2069202661514282,0.8249351382255554
0.7457255125045776,2.498483896255493,6.6408209800720215,0.5918554663658142,-0.7062464952468872,0.9666152000427246
1.5913294553756714,3.1117262840270996,5.845522403717041,0.49172064661979675,0.1640738993883133,0.8696762323379517
1.4476007223129272,3.2698278427124023,6.132979393005371,0.3756069540977478,0.5422424077987671,0.780194103717804
0.8774768710136414,2.999138832092285,7.35706901550293,0.03259207308292389,1.073809027671814,0.6715372204780579
0.7744712829589844,2.639816999435425,8.133203506469727,-0.39031755924224854,1.0088279247283936,0.5756635069847107
0.7505164742469788,2.491297483444214,8.09008502960205,-0.4712775945663452,0.8756698966026306,0.5287919044494629
1.069115161895752,2.6493990421295166,7.625362873077393,-0.6182839274406433,0.752099335193634,0.49896445870399475
1.0140191316604614,2.8098959922790527,6.446787357330322,-0.5543681383132935,0.8224067687988281,0.4883118271827698
0.8702903985977173,2.4074556827545166,4.908890247344971,-0.5245407223701477,0.8916488885879517,0.4776591658592224
0.9014316201210022,2.1032297611236572,4.731624603271484,-0.5373238921165466,1.0716785192489624,0.3125433325767517
0.5492963194847107,2.261331558227539,3.7207326889038086,-0.7067008018493652,0.9395857453346252,0.1857769787311554
-0.9239230155944824,3.5572853088378906,2.446338176727295,-1.1178926229476929,1.279404878616333,0.4819202423095703
-0.4400363564491272,3.372833490371704,2.3624963760375977,-1.355446457862854,1.5531775951385498,0.7354530096054077
1.3589680194854736,2.881760358810425,3.8908114433288574,-1.8838170766830444,1.770491361618042,1.0262700319290161
2.460888147354126,3.437511444091797,6.918696403503418,-2.181025743484497,1.1515733003616333,0.855827808380127
3.114853620529175,8.135045051574707,19.703365325927734,-1.6398717164993286,1.6170934438705444,0.4222654700279236
2.4153740406036377,10.51615047454834,24.836875915527344,-0.9996483325958252,1.6000492572784424,0.3231959640979767
1.6488209962844849,12.154658317565918,28.827741622924805,-0.21881014108657837,1.2804701328277588,0.2997601628303528
0.8870587944984436,13.196690559387207,34.54814529418945,0.5481796860694885,0.9960446953773499,0.32106542587280273
-0.6532339453697205,12.010929107666016,38.33779525756836,1.2959946393966675,0.7819267511367798,0.3977644145488739
-1.345527172088623,10.90661334991455,38.091060638427734,2.733035087585449,-0.19598519802093506,0.5351834893226624
-3.0031983852386475,8.707564353942871,33.043785095214844,3.885650396347046,-1.8876237869262695,0.44250547885894775
-4.212914943695068,6.096492767333984,25.651338577270508,4.325604438781738,-2.62372088432312,0.37432861328125
-4.248847484588623,3.5956130027770996,20.673532485961914,5.006308078765869,-3.2564876079559326,0.42013493180274963
-3.8823392391204834,1.7534899711608887,19.00628089904785,5.410042762756348,-2.5331735610961914,0.6054908633232117
-4.838135242462158,-0.9342369437217712,15.556792259216309,5.6241607666015625,-2.139026165008545,0.6566235423088074
-4.466835975646973,-3.5333311557769775,10.432863235473633,5.983154773712158,-2.028238534927368,0.6747329831123352
-3.4918761253356934,-4.43163537979126,8.049362182617188,6.006590366363525,-2.307337760925293,0.7940425276756287
-1.419787049293518,-5.921623229980469,3.1721677780151367,5.914977550506592,-2.521455764770508,0.9303962588310242
0.010313615202903748,-6.268967628479004,-1.2786310911178589,5.563440799713135,-2.231703996658325,0.8483709692955017
-0.26995736360549927,-6.2066850662231445,-3.4249796867370605,5.058506011962891,-1.6117204427719116,0.4638107419013977
1.212843894958496,-5.272448539733887,-7.243372440338135,4.724012851715088,-1.5041288137435913,0.47020232677459717
2.0584475994110107,-5.2053751945495605,-8.031484603881836,3.7982988357543945,-0.8852107524871826,0.5948382616043091
2.932797431945801,-5.785080909729004,-6.7906270027160645,3.2528839111328125,-0.22581256926059723,0.5873813629150391
2.180617094039917,-6.067747592926025,-6.88884162902832,2.5199825763702393,0.9129541516304016,0.4350486397743225
1.4715555906295776,-6.680989742279053,-8.002738952636719,2.1258349418640137,1.3379943370819092,0.1804506629705429
1.4308323860168457,-7.337350845336914,-8.448298454284668,1.3939988613128662,1.581939697265625,0.03664007410407066
3.2058818340301514,-8.226073265075684,-9.849653244018555,0.8666934967041016,1.4594343900680542,-0.02301468700170517
3.2993054389953613,-8.273983001708984,-9.154964447021484,-1.3341411352157593,0.9001709818840027,-0.6089096069335938
2.93998384475708,-8.293147087097168,-8.23989200592041,-2.083021402359009,0.8373204469680786,-0.9093139171600342
1.7781767845153809,-8.448853492736816,-6.872073173522949,-2.731766939163208,0.7222719788551331,-1.2011961936950684
0.8175898790359497,-8.633304595947266,-6.661271095275879,-3.7309842109680176,0.5113497972488403,-1.6549984216690063
-0.6819796562194824,-9.050118446350098,-5.57851505279541,-4.4894514083862305,0.6956403851509094,-2.01718807220459
-1.2712674140930176,-9.442976951599121,-4.581995964050293,-5.131805419921875,1.2485122680664062,-2.279242992401123
-1.5754932165145874,-10.049033164978027,-3.1207542419433594,-5.400251865386963,1.4999144077301025,-2.372986316680908
-3.0079894065856934,-10.858704566955566,1.4881465435028076,-5.613304615020752,1.7545124292373657,-2.4859042167663574
-7.085093975067139,-8.194931983947754,8.554808616638184,-5.8540544509887695,2.171030282974243,-2.875790596008301
-10.266289710998535,-2.8338513374328613,11.405427932739258,-5.7741594314575195,1.908975601196289,-3.2038917541503906
-9.945295333862305,-2.0361571311950684,12.655867576599121,-5.960580825805664,1.3358638286590576,-2.627584218978882
-8.222946166992188,-4.788561820983887,22.082075119018555,-6.527300834655762,1.4413249492645264,-2.0938870906829834
-8.795465469360352,-3.633941173553467,31.08188819885254,-7.18137264251709,1.363560676574707,-1.7146532535552979
-11.353837013244629,-1.1450390815734863,33.98281478881836,-6.88309907913208,1.5009796619415283,-1.8787038326263428
-11.248435974121094,2.596698522567749,31.824485778808594,-5.016757011413574,2.5257630348205566,-1.986295461654663
-8.292414665222168,3.372833490371704,23.042661666870117,-2.969320774078369,2.5662431716918945,-1.2789603471755981
-7.200077056884766,3.6219632625579834,20.124969482421875,-2.790356397628784,1.098310112953186,-0.9370107650756836
-7.116235256195068,4.2160420417785645,20.065082550048828,-3.449754476547241,0.0692654401063919,-0.9274234175682068
-6.670676231384277,5.411385536193848,26.523292541503906,-5.024213790893555,-1.7470089197158813,-0.7005223035812378
-5.1591291427612305,5.167047023773193,30.039854049682617,-5.3033127784729,-1.7960110902786255,0.21560434997081757
0.3145394027233124,4.089081287384033,36.44776153564453,-4.865489482879639,-1.4892151355743408,0.6811245679855347
3.330446720123291,3.928584575653076,42.462806701660156,-3.460407257080078,-1.3347519636154175,0.8750025629997253
1.584143042564392,3.521353244781494,43.056888580322266,-1.2872694730758667,-1.7544658184051514,-0.013427314348518848
-1.422182559967041,2.635026216506958,37.631126403808594,0.23073109984397888,-1.6500699520111084,-0.416096955537796
-3.2235825061798096,0.9078860282897949,32.696441650390625,3.0579404830932617,-0.7754886150360107,-0.5982569456100464
-4.778248310089111,0.004790633916854858,30.899831771850586,4.56315803527832,-0.161896750330925,-0.3756169378757477
-7.1282124519348145,-2.08406662940979,28.310319900512695,4.912564754486084,-0.35151365399360657,-0.2573726773262024
-9.133228302001953,-3.969308376312256,26.346027374267578,5.154379367828369,-1.1845498085021973,0.01746532879769802
-9.585973739624023,-4.795748233795166,25.081212997436523,5.252383708953857,-2.262596607208252,0.32106542587280273
-9.523691177368164,-6.673803329467773,21.971881866455078,5.334409236907959,-2.6759188175201416,0.48937708139419556
-8.16305923461914,-8.657259941101074,17.652835845947266,5.620965003967285,-3.2117464542388916,0.7663456797599792
-7.614494800567627,-9.349553108215332,15.063323974609375,5.999133586883545,-3.373666524887085,0.8707414865493774
-6.905433177947998,-9.821462631225586,10.15019702911377,6.186619758605957,-3.30975079536438,0.8664804697036743
-5.547196865081787,-10.12089729309082,5.23467493057251,6.484893798828125,-2.9784538745880127,0.9261351823806763
-3.0630855560302734,-10.36284065246582,1.2509942054748535,6.429500102996826,-2.8048157691955566,1.039053201675415
-1.5395610332489014,-9.368717193603516,-1.9805063009262085,6.259057998657227,-2.803750514984131,1.0092257261276245
-1.625798225402832,-8.398548126220703,-2.9842119216918945,5.479284763336182,-2.415994644165039,0.4350486397743225
-1.8797188997268677,-7.3277692794799805,-3.609431743621826,5.22149133682251,-2.023977518081665,0.2709980607032776
-1.7144309282302856,-5.648538589477539,-4.538877487182617,5.012699604034424,-1.5371520519256592,0.23158331215381622
-0.97662353515625,-4.4675679206848145,-6.122288703918457,4.657966613769531,-0.7840107083320618,0.3519580662250519
0.3696354031562805,-4.618483066558838,-7.308050632476807,4.145575046539307,-0.1757451891899109,0.533052921295166
1.140979528427124,-4.48673152923584,-8.017111778259277,3.364736557006836,-0.030869342386722565,0.5756635069847107
1.7350581884384155,-3.9118165969848633,-9.025609016418457,2.838496208190918,-0.17787571251392365,0.5351834893226624
1.9506512880325317,-3.3033652305603027,-9.490331649780273,1.7018600702285767,-0.3408610224723816,0.2188001424074173
2.0009560585021973,-3.2458736896514893,-9.178918838500977,0.6866639256477356,-0.10117673873901367,0.0025516394525766373
1.3541771173477173,-3.72257399559021,-8.455484390258789,0.29358163475990295,0.1821833699941635,-0.1018441915512085
1.5026967525482178,-4.261556625366211,-9.521472930908203,-0.2742038369178772,0.6253329515457153,-0.2935916483402252
1.7829676866531372,-4.587341785430908,-10.597042083740234,-0.8505114316940308,0.7925793528556824,-0.5141011476516724
2.410583019256592,-5.603024482727051,-11.298917770385742,-1.3032485246658325,0.8852573037147522,-0.6366064548492432
2.1398940086364746,-6.091701984405518,-10.75035285949707,-2.5517373085021973,1.1366595029830933,-0.9892086982727051
1.212843894958496,-6.496538162231445,-9.763416290283203,-3.1962218284606934,1.3017754554748535,-1.2256971597671509
0.3265167772769928,-6.831904888153076,-8.491416931152344,-4.200765132904053,1.787535548210144,-1.5996047258377075
-1.9348149299621582,-7.7685370445251465,-6.95112419128418,-4.987995147705078,2.458651542663574,-1.7711122035980225
-2.675017833709717,-8.717146873474121,-2.689568042755127,-5.858315467834473,3.446150779724121,-1.853137493133545
-3.1780683994293213,-8.611745834350586,0.33352595567703247,-6.353662967681885,3.9116711616516113,-2.0427544116973877
-5.465750217437744,-5.967137336730957,11.40782356262207,-7.300682067871094,4.689313888549805,-2.4550116062164307
-11.55026626586914,-2.6038854122161865,23.13848114013672,-7.183503150939941,4.622201919555664,-2.2089357376098633
-12.29765510559082,-1.192948579788208,27.761754989624023,-6.670046329498291,4.590244293212891,-1.8797690868377686
-11.720344543457031,2.342777729034424,33.04857635498047,-4.984799385070801,4.140702724456787,-1.3972046375274658
-10.558537483215332,5.186210632324219,32.45928955078125,-3.3805124759674072,2.857060194015503,-1.0840171575546265
-9.80875301361084,6.383950233459473,30.154836654663086,-2.901143789291382,2.1593124866485596,-0.9881434440612793
-9.154787063598633,6.851068496704102,26.710140228271484,-3.0364322662353516,1.4125628471374512,-0.8975960612297058
-8.6613187789917,7.001983642578125,23.586435317993164,-3.7959651947021484,0.5859182476997375,-0.5769516825675964
-8.790674209594727,7.416401386260986,22.599498748779297,-4.0335187911987305,0.22266338765621185,-0.24139371514320374
-9.085318565368652,7.303813934326172,22.16352081298828,-3.967472791671753,-0.292924165725708,0.5522276759147644
-6.7760772705078125,4.400493621826172,22.053329467773438,-3.48490834236145,-1.0801539421081543,0.6353182196617126
-3.5469720363616943,3.571658134460449,22.41265106201172,-3.0769124031066895,-1.4561920166015625,0.5607497692108154
-2.7564642429351807,2.9799749851226807,21.03525161743164,-2.0542593002319336,-1.579762578010559,0.1815159171819687
-1.3191769123077393,2.9176926612854004,17.013242721557617,-1.4981917142868042,-1.1728318929672241,0.01853059232234955
-1.0436969995498657,2.826664447784424,15.489718437194824,-0.8952524662017822,-0.6433959603309631,-0.09651787579059601
-1.1562844514846802,2.8793649673461914,15.068114280700684,-0.22520171105861664,-0.3738842010498047,-0.172151580452919
-0.7227028012275696,2.6374216079711914,15.43222713470459,1.1617714166641235,-0.9683013558387756,-0.44698959589004517
-0.3753584325313568,2.266122341156006,16.234712600708008,2.352735996246338,-1.860992193222046,-0.7388717532157898
-1.1898211240768433,1.700789451599121,14.835753440856934,2.8118646144866943,-1.7757710218429565,-0.8272886276245117
-1.5060242414474487,1.0851514339447021,13.561358451843262,3.097355365753174,-1.1792234182357788,-1.001991868019104
-1.1706572771072388,0.1748696118593216,10.590965270996094,2.709599494934082,-1.3059898614883423,-1.0680382251739502
-1.122747778892517,0.5964738130569458,8.054153442382812,2.3442139625549316,-1.1707013845443726,-0.9934698343276978
-1.2976176738739014,0.943818211555481,7.316346168518066,1.6432706117630005,-0.958713948726654,-0.7868086099624634
-1.240126132965088,1.3654224872589111,7.505589008331299,1.152184009552002,-1.4029288291931152,-0.6888043880462646
-1.4988378286361694,1.3127219676971436,8.581158638000488,1.0350050926208496,-1.7459436655044556,-0.6238232851028442
-2.0450069904327393,0.7785301804542542,8.4877347946167,0.9252829551696777,-1.2292908430099487,-0.19984844326972961
-2.7780234813690186,0.33776217699050903,7.979893684387207,1.1106387376785278,-0.5144990682601929,0.10375168174505234
0.5972058773040771,1.7750492095947266,9.445926666259766,1.2224915027618408,-0.2641620337963104,0.032379020005464554
0.7289571762084961,1.7079758644104004,9.32375717163086,1.2491230964660645,-0.1800062358379364,-0.10503998398780823
-0.770612359046936,1.293558120727539,9.18242359161377,1.0531145334243774,-0.6710928082466125,-0.015557841397821903
-1.8845099210739136,1.1306655406951904,8.906943321228027,0.9071735143661499,-0.8426002264022827,0.05474955588579178
-1.4629056453704834,1.145038366317749,8.693746566772461,0.5598975419998169,-0.8532528877258301,0.13570958375930786
-0.15018343925476074,1.7415125370025635,8.46617603302002,0.23286160826683044,-0.5709580183029175,0.09949062764644623
0.4606636166572571,2.0169925689697266,8.458989143371582,0.11355211585760117,-0.414364218711853,0.032379020005464554
0.5397143959999084,2.069693088531494,9.012344360351562,0.14124895632266998,-0.45697474479675293,-0.13273683190345764
0.26423436403274536,1.8253543376922607,10.21966552734375,0.4267396032810211,-0.7115728259086609,-0.19239158928394318
-0.6220927238464355,1.650484323501587,10.325067520141602,0.5662891268730164,-0.8415349721908569,-0.17002105712890625
-0.8352903127670288,1.7271397113800049,9.90825366973877,0.6983818411827087,-0.791467547416687,-0.03792837634682655
-0.6747932434082031,2.3739190101623535,8.681768417358398,0.6206175684928894,-0.5336737632751465,0.1484927535057068
-0.38014936447143555,2.864992141723633,7.589430332183838,0.37241116166114807,-0.10330726206302643,0.20708224177360535
0.43670880794525146,2.529625177383423,7.062425136566162,0.09011629968881607,0.08950544893741608,-0.08693049848079681
1.0355784893035889,1.8732638359069824,7.000143051147461,0.030461544170975685,0.008545409888029099,-0.1913263350725174
0.9445502758026123,1.7918176651000977,7.507984161376953,0.02406996302306652,-0.07347989082336426,-0.1774779111146927
0.24746599793434143,2.117602825164795,7.917611122131348,0.02406996302306652,-0.06389251351356506,0.05901060998439789
-0.4064996540546417,2.5056703090667725,7.84095573425293,-0.18791748583316803,-0.023412495851516724,0.22732225060462952
-0.3561945855617523,3.5165622234344482,6.837250232696533,-0.36155545711517334,-0.07134935259819031,0.2507580518722534
0.39838114380836487,3.6267542839050293,5.723352909088135,-0.6108270883560181,-0.11715568602085114,0.24330121278762817
0.7169798016548157,3.734550714492798,5.498178005218506,-0.453168123960495,-0.22048625349998474,0.22412645816802979
0.9541321992874146,3.657895565032959,6.545001983642578,-0.25822487473487854,-0.2503136396408081,0.21240855753421783
0.8654994368553162,3.5572853088378906,8.509294509887695,0.08585525304079056,-0.12674306333065033,0.21560434997081757
0.9517366886138916,3.593217611312866,8.779983520507812,0.12526999413967133,-0.022347234189510345,0.25501909852027893
1.0571377277374268,3.9621212482452393,8.02061653137207,0.03152681142091751,-0.023412495851516724,0.2763243615627289
1.1266065835952759,4.247183322906494,7.3283233642578125,-0.09843534976243973,-0.24818311631679535,0.2997601628303528
1.212843894958496,4.331025123596191,7.651712894439697,-0.1186753585934639,-0.23539994657039642,0.2646064758300781
0.9900643825531006,3.971703052520752,8.756028175354004,-0.09843534976243973,-0.10969884693622589,0.17725487053394318
2.5135886669158936,4.362166404724121,8.516480445861816,0.07626787573099136,-0.25883573293685913,0.0014863759279251099
2.7387635707855225,4.297488212585449,9.218356132507324,0.25097110867500305,-0.29611995816230774,-0.019818894565105438
2.3387186527252197,4.105849742889404,9.865135192871094,0.3052995502948761,-0.1895936131477356,-0.013427314348518848
1.9937697649002075,4.038776397705078,9.980117797851562,0.42993539571762085,0.13637703657150269,-0.028341002762317657
1.7398490905761719,4.2112507820129395,9.56570053100586,0.5279396772384644,0.09483176469802856,-0.11675788462162018
2.032097339630127,4.148968696594238,9.726197242736816,0.5567017793655396,-0.07987146079540253,-0.18067368865013123
2.1494758129119873,3.9477484226226807,10.145405769348145,0.4182174801826477,-0.09691567718982697,-0.20624002814292908
2.2620632648468018,3.6339406967163086,10.897586822509766,0.05602787062525749,0.23651182651519775,-0.0826694443821907
2.0800070762634277,3.6554999351501465,10.679597854614258,-0.27739962935447693,0.5315898060798645,0.04622744768857956
1.4595781564712524,3.86151123046875,9.326152801513672,-0.37114283442497253,0.600831925868988,0.07072851061820984
1.2990810871124268,4.158550262451172,9.244706153869629,-0.2795301675796509,0.27486133575439453,-0.033667322248220444
1.2224258184432983,3.9812850952148438,9.584864616394043,-0.11015325039625168,-0.022347234189510345,-0.13593262434005737
1.1649342775344849,2.833850860595703,10.981428146362305,0.22860056161880493,-0.28227153420448303,-0.2105010747909546
1.5673747062683105,2.124789237976074,12.643890380859375,0.4384574890136719,-0.04152197763323784,-0.14232420921325684
1.380527377128601,2.0289700031280518,12.495370864868164,0.45337119698524475,0.3132108151912689,-0.02301468700170517
0.9828779697418213,2.6158623695373535,10.789790153503418,0.40223851799964905,0.41973716020584106,0.02492217719554901
1.303871989250183,3.415952205657959,9.189610481262207,0.17533738911151886,0.4559561312198639,0.01853059232234955
1.2847082614898682,3.5500988960266113,8.631464004516602,0.04857102409005165,0.34942978620529175,-0.04218943044543266
1.1337931156158447,3.1979637145996094,8.118830680847168,-0.04623743146657944,0.1832486391067505,-0.11675788462162018
1.1457704305648804,2.65179443359375,7.814605712890625,-0.09523955732584,0.005349620245397091,-0.17002105712890625
1.1266065835952759,2.5104613304138184,7.931983947753906,-0.0526290126144886,-0.22155152261257172,-0.1540421098470688
0.6163697242736816,2.55837082862854,8.09008502960205,0.050701554864645004,-0.1661578118801117,-0.08479997515678406
0.25225695967674255,2.927274465560913,7.83376932144165,0.07307208329439163,-0.09904621541500092,-0.06349470466375351
0.6067878007888794,3.1716132164001465,7.146266937255859,0.04111418128013611,0.06074332818388939,-0.06669048964977264
0.8199853897094727,3.2219183444976807,6.786945343017578,0.01235206238925457,0.08950544893741608,-0.10290945321321487
1.2607533931732178,3.169217824935913,6.583329677581787,0.0016994294710457325,0.0650043860077858,-0.15617263317108154
1.3541771173477173,3.152449607849121,6.782154083251953,-0.0036268900148570538,0.000023301923647522926,-0.20410948991775513
1.3949002027511597,3.118912696838379,7.028888702392578,-0.043041639029979706,-0.15337464213371277,-0.25098109245300293
1.303871989250183,3.109330892562866,7.160639762878418,-0.09204376488924026,-0.2034420371055603,-0.2669600546360016
1.1553523540496826,3.3129465579986572,7.2899956703186035,-0.08032586425542831,-0.12674306333065033,-0.26482954621315
1.1697251796722412,3.624358892440796,7.546311855316162,0.05602787062525749,0.054351743310689926,-0.19665265083312988
1.064324140548706,3.818392515182495,7.860119819641113,0.19983844459056854,0.06606964766979218,-0.1114315614104271
0.8535220623016357,4.000448703765869,8.851847648620605,0.23286160826683044,-0.019151441752910614,-0.09438734501600266
0.9517366886138916,3.9908668994903564,9.328548431396484,0.22327424585819244,-0.23753046989440918,-0.09438734501600266
1.0116236209869385,3.959725856781006,9.388435363769531,0.18812055885791779,-0.21622520685195923,-0.09119155257940292
1.066719651222229,4.029194355010986,9.232728958129883,0.18385949730873108,-0.11289463937282562,-0.06775575876235962
0.8774768710136414,4.242392063140869,9.321361541748047,0.14444474875926971,0.34410345554351807,0.06966324150562286
0.6043922901153564,4.350188732147217,9.419575691223145,0.1689458042383194,0.4037582278251648,0.08351167291402817
0.4271268844604492,4.467567443847656,10.334649085998535,0.2296658307313919,0.37393084168434143,0.08138114213943481
0.5325279235839844,4.549013614654541,11.02454662322998,0.22860056161880493,0.4474340081214905,0.25928014516830444
-0.28912121057510376,4.675973892211914,9.40280818939209,0.10502999275922775,0.5496992468833923,0.384981244802475
-0.19330206513404846,4.6999287605285645,8.882988929748535,-0.09204376488924026,0.6967056393623352,0.48937708139419556
0.15164685249328613,4.486731052398682,8.653022766113281,-0.4947133958339691,0.8149498701095581,0.47020232677459717
1.1266065835952759,3.466257095336914,9.994490623474121,-0.5522376298904419,0.27379605174064636,0.18258118629455566
1.0140191316604614,2.6877267360687256,11.939620018005371,-0.4382544159889221,-0.11822095513343811,0.06220639869570732
0.47024548053741455,2.4889018535614014,11.989924430847168,-0.13998062908649445,-0.5464569330215454,-0.02301468700170517
0.1276920735836029,2.7212634086608887,10.921541213989258,0.15296685695648193,-0.44632211327552795,-0.04858101159334183
0.6139742136001587,3.1500539779663086,9.639960289001465,0.2541669011116028,-0.2503136396408081,-0.08053892105817795
0.7169798016548157,3.1764042377471924,9.127327919006348,0.34045323729515076,0.38245293498039246,-0.17108632624149323
-0.02322307974100113,3.3153419494628906,8.557204246520996,0.3287353515625,0.5305245518684387,-0.16469474136829376
-0.2555845081806183,3.5021893978118896,8.779983520507812,0.32660481333732605,0.622137188911438,-0.14552000164985657
-0.44482728838920593,3.6339406967163086,9.005158424377441,0.35536694526672363,0.5518298149108887,-0.04218943044543266
-0.6723977327346802,3.9070253372192383,9.304593086242676,0.40649959444999695,0.1491602063179016,0.08351167291402817
-0.5502283573150635,3.976494073867798,8.861429214477539,0.3990427255630493,-0.07454514503479004,0.13038326799869537
-0.44243180751800537,4.012426376342773,8.233814239501953,0.3148869276046753,-0.4441916048526764,0.1719285547733307
0.036663882434368134,4.151363849639893,7.0145158767700195,0.24777531623840332,-0.5038464069366455,0.16127590835094452
0.34807610511779785,4.429239749908447,6.293476581573486,0.24138373136520386,-0.45058315992355347,0.16766749322414398
0.40556758642196655,4.568177223205566,6.185679912567139,0.29890796542167664,-0.2641620337963104,0.20814751088619232
0.6163697242736816,4.812516212463379,6.384504795074463,0.41076064109802246,0.01174120232462883,0.2709980607032776
0.8391491770744324,4.6999287605285645,6.386900424957275,0.4373922348022461,0.15768231451511383,0.27738961577415466
0.9852733612060547,4.630459785461426,6.319827079772949,0.4224785268306732,0.24290339648723602,0.25501909852027893
1.102651834487915,4.666391849517822,6.348572731018066,0.2861247956752777,0.18111811578273773,0.14955800771713257
1.1457704305648804,4.771792888641357,6.854018688201904,0.21794793009757996,0.07565701007843018,0.09309904277324677
1.1146292686462402,4.939476490020752,7.268436431884766,0.17533738911151886,-0.023412495851516724,0.05581481754779816
1.0499513149261475,5.076018810272217,7.694831848144531,0.18492476642131805,-0.1895936131477356,0.05155376344919205
0.8798723220825195,5.3059844970703125,8.518876075744629,0.29890796542167664,-0.3270125985145569,0.0962948352098465
0.9589231014251709,5.3874311447143555,8.763215065002441,0.3329963982105255,-0.37494945526123047,0.10481694340705872
1.033182978630066,5.332334995269775,8.511690139770508,0.2999732196331024,-0.2801409959793091,0.07179377228021622
1.2248212099075317,5.250888824462891,8.22423267364502,0.20942582190036774,-0.09904621541500092,0.016400065273046494
1.4547871351242065,5.3107757568359375,9.000367164611816,0.18918581306934357,-0.12993885576725006,-0.005970469675958157
1.4859284162521362,5.2341203689575195,9.584864616394043,0.18385949730873108,-0.4761494994163513,-0.02727574110031128
1.4955103397369385,5.155069351196289,9.699847221374512,0.029396282508969307,-0.45164844393730164,-0.021949421614408493
