rotation
-0.30588,1.396563,9.225542,-0.12752,0.081892,-0.01523
-0.37775,1.310326,9.512999,-0.15947,0.028628,0.029501
-0.28433,1.176179,9.766920,-0.15202,-0.03528,0.062524
0.204347,1.195343,9.886694,0.003505,-0.18335,0.074242
-0.26516,1.317512,9.639960,-0.06147,0.144742,-0.00352
-0.17413,1.212111,9.668705,0.029071,0.012650,0.054002
-0.32505,1.463637,9.139305,-0.19037,-0.16311,0.090221
0.201951,1.274394,9.146492,-0.38425,-0.16524,0.079568
-0.15018,1.271998,9.033904,-0.43644,-0.21105,0.090221
-0.13341,1.008496,8.976412,-0.54404,-0.30266,0.210595
0.424731,0.725829,9.707033,-0.63352,-0.57537,0.232966
0.113319,0.768948,9.496231,-0.67187,-0.65953,0.277707
-0.21725,0.747388,8.432639,-1.00316,-0.39641,0.571720
0.204347,0.376089,8.681768,-1.18852,-0.08322,0.651615
0.942154,-0.31859,10.56940,-1.19278,0.433429,0.434301
0.764889,-0.28506,11.14671,-0.80289,0.551673,0.239358
0.824776,-0.31380,10.95986,-0.36294,0.429168,0.026305
0.424731,-0.41920,10.79937,-0.23617,0.216115,-0.05998
-0.01843,-0.37369,10.65564,-0.06680,-0.28562,-0.11004
0.142064,-0.37848,11.09880,0.161164,-0.49441,-0.11430
0.170810,-0.25392,10.97184,0.301779,-0.52104,-0.12709
0.233093,-0.26589,10.01365,0.495657,-0.26644,-0.12176
0.168415,-0.16049,9.163259,0.387000,0.004127,-0.06530
0.173206,-0.05270,9.110559,0.288996,0.093610,-0.03867
0.513364,0.052700,9.376457,0.150511,0.189483,-0.02695
0.671465,0.263502,9.716615,0.150511,0.137285,-0.12709
0.436708,0.258711,9.362084,0.179273,0.183092,-0.13667
0.156437,0.225174,9.014739,0.099379,0.155395,-0.09726
0.173206,0.234756,9.280638,0.002440,0.052064,-0.04826
0.372030,0.198824,9.386039,-0.00821,0.041412,-0.04187
0.321725,0.265897,9.187214,-0.02632,0.112784,-0.09193
0.189974,0.318598,9.357294,-0.11580,0.084022,-0.11857
0.115714,0.301829,9.441135,-0.14137,0.094675,-0.12070
-0.00166,0.081445,9.788479,-0.15734,0.068043,-0.09406
-0.11185,-0.03353,10.26038,-0.06254,-0.00972,-0.04400
-0.12622,-0.06946,10.34183,0.014158,-0.03848,-0.01843
-0.00166,-0.12216,10.06875,0.118553,-0.02037,0.039088
0.125296,-0.00479,9.536954,0.131337,0.014780,0.050806
0.132483,-0.00479,9.378852,0.094052,-0.00439,0.055067
0.381612,0.047909,9.627983,0.049311,-0.12370,0.019913
0.556482,0.167683,9.728592,0.068486,-0.15672,-0.04826
0.343285,0.268293,9.568096,0.040789,-0.02037,-0.10365
0.110923,0.285061,9.560909,0.004570,0.038216,-0.09726
-0.09987,0.232361,9.472276,-0.05401,0.190549,-0.01843
-0.09508,0.165287,9.496231,-0.08597,0.234224,0.020979
-0.14299,0.134146,9.625587,-0.12113,0.260856,0.073176
-0.03040,0.040722,9.745361,-0.11047,0.231029,0.106200
0.307352,0.023954,9.776502,-0.09875,0.220376,0.089155
0.561273,-0.00479,9.805248,-0.07851,0.242746,-0.03974
-0.01124,-0.21559,9.963349,-0.04017,0.330098,-0.10046
-0.45680,-0.17007,10.15738,-0.00714,0.349273,-0.06956
-1.00297,0.043118,10.27236,0.099379,0.225702,0.060393
-0.72270,0.114982,9.901067,0.160099,0.037151,0.177572
-0.36817,0.069468,9.685474,0.159033,-0.00652,0.193551
-0.04957,0.081445,9.527372,0.135598,-0.02143,0.173311
0.096550,0.098214,9.400412,0.100444,-0.01717,0.131766
-0.18611,0.045513,9.604027,0.041854,0.004127,0.073176
-0.40649,0.033536,9.843575,0.042920,-0.00652,0.084894
-0.59334,0.138937,10.07593,0.077008,-0.12583,0.160528
-0.20767,0.313807,10.46879,0.150511,-0.37191,0.199943
0.209138,0.297039,10.56461,0.212297,-0.45500,0.193551
0.994855,0.268293,10.49035,0.319888,-0.51359,0.052936
0.702606,0.744993,10.95507,0.431741,-0.68296,-0.09193
0.815194,1.039637,11.11317,0.483939,-0.77671,-0.13454
1.260753,1.030055,10.08072,0.399783,-0.43369,-0.18994
0.889454,0.859976,9.690265,-0.03910,0.346077,-0.09726
0.424731,0.594078,9.481858,-0.30009,0.695483,0.026305
2.230922,0.256315,10.36339,-0.56321,1.256877,0.044414
2.535147,-0.27068,10.49754,-0.65695,1.427320,-0.46052
0.400776,-0.63959,9.793271,-0.67400,1.447559,-0.81631
-1.13951,-1.27679,9.958559,-0.70063,1.121589,-0.82803
-4.24405,-1.49717,12.69898,-0.43431,-0.34847,-0.50100
-4.89562,-1.28637,14.28479,-0.04123,-1.30081,-0.15265
-2.68220,-1.29595,15.25975,1.148663,-2.61855,0.384233
-1.90846,-1.65767,13.68113,2.222449,-3.54746,0.514196
-3.28586,-2.02897,15.82748,2.679447,-4.29314,0.598351
-4.60816,-2.06250,18.12474,4.345520,-7.02980,0.903017
-6.16283,-4.09866,15.79873,7.110944,-11.5635,1.227922
-10.1465,-4.92510,6.631238,9.017765,-16.5276,1.204486
-14.0942,-5.45690,0.491627,9.470502,-18.7903,1.418604
-19.2349,-4.97540,-13.1146,9.204186,-21.1296,2.758706
-11.0663,-3.12370,-24.1865,8.483002,-20.9645,3.616243
-1.36469,-1.65048,-26.4790,5.776168,-17.2904,4.496151
14.53170,2.714076,-23.5206,2.323649,-9.47032,2.825817
12.86205,3.015907,-11.1839,0.095118,-2.20629,0.672920
8.648408,2.026574,-5.75338,0.039724,0.396144,0.090221
2.530356,-0.83123,-4.02384,1.084747,2.350903,0.555741
5.100705,-1.69120,-8.90343,1.387282,1.902427,1.159745
7.948929,-0.46232,-9.71071,1.153990,0.170309,1.832992
13.28126,2.031365,-11.0234,0.596857,-0.71599,1.157615
13.99511,2.618257,-12.4080,0.155838,-0.43795,0.518457
11.39841,1.660066,-12.2762,-0.97440,1.023585,-0.61817
6.236162,0.483886,-7.89254,-1.47508,1.680852,-0.91219
4.638378,1.056405,-5.23117,-1.13845,1.049151,-0.50526
5.733111,1.612156,-6.16540,-0.92433,0.909601,-0.33908
8.602894,2.170303,-9.16933,-1.01275,2.001497,-0.40619
10.48574,2.062506,-10.7048,-1.67321,4.835098,-0.85892
10.33482,1.880450,-10.2137,-2.07056,6.334989,-1.11459
10.29889,1.882845,-8.13688,-2.68948,8.713722,-1.49382
13.67651,3.097353,-6.65887,-3.42451,12.00006,-2.94578
8.787346,0.646778,-12.1564,-5.33879,17.00253,-4.18148
-3.02475,-2.06250,-12.6643,-6.43601,18.15408,-3.92156
-8.19180,-2.01220,-9.38732,-7.36066,18.66967,-3.44538
-11.0544,-1.52352,-1.27144,-8.09569,18.09443,-2.76788
-9.59795,-1.89003,4.714856,-7.27117,15.55164,-2.65176
-9.60753,-2.34996,5.637115,-6.60006,14.12100,-2.60915
-9.15478,-2.75480,8.068526,-5.19711,11.75504,-2.38971
-10.3237,-1.82775,8.490130,-3.61839,9.532910,-2.00728
-9.21227,-1.65048,8.768006,-2.90359,7.910514,-1.86453
-7.57137,-3.16442,7.725972,-1.64552,5.120589,-1.94017
-8.92003,-3.89504,6.147352,-0.78372,3.473691,-1.87305
-10.3285,-4.02679,4.425003,-0.61008,3.310705,-1.68450
-11.5430,-3.94535,3.141026,-0.87746,2.664091,-1.06985
-11.7203,-4.11303,2.568507,-1.15443,1.646764,-0.84081
-11.2843,-4.62806,2.726609,-1.40903,0.463256,-0.69807
-10.7046,-5.11434,3.339851,-1.55710,-0.52530,-0.59048
-10.3668,-5.54074,4.551963,-1.42714,-1.67898,-0.33588
-9.76803,-5.85454,7.771486,-0.73685,-1.26566,-0.09513
-9.20988,-5.82340,9.534559,-0.35548,-1.05154,-0.01630
-8.63017,-5.43055,8.842266,0.194187,-1.19855,0.092351
-8.60143,-5.17902,8.178718,0.478612,-1.59483,0.263859
-8.83858,-4.50110,7.548707,0.600053,-1.80149,0.381038
-8.80983,-4.30467,7.426537,0.841867,-2.62813,0.619657
-8.82900,-4.15136,7.469656,1.069834,-3.32908,0.631375
-8.24690,-3.86630,7.359464,1.474634,-4.51578,0.590895
-7.07072,-3.84713,7.227713,1.919914,-5.63431,0.630309
-7.71031,-4.31425,9.299801,3.652033,-8.40399,0.632440
-8.15108,-4.73107,11.61143,6.068050,-9.87938,0.348014
-8.59424,-4.97061,17.82530,7.018266,-10.2362,0.342688
-8.33074,-4.71909,19.17156,8.572484,-12.0450,0.981846
-10.5609,-6.27615,17.65522,9.989285,-15.0118,2.049240
-14.4392,-8.32428,15.50648,10.33656,-16.2869,2.333666
-15.0835,-8.99981,8.700932,9.520569,-17.2829,3.255119
-15.7974,-7.95538,3.160190,7.653163,-16.5287,3.820774
-15.9483,-3.75611,-14.2357,3.496504,-13.5343,4.706008
-7.60251,1.446868,-23.0367,2.066920,-10.9446,4.458867
-1.77431,1.315117,-18.2553,2.196883,-7.73927,2.839666
6.890127,1.652879,-6.88884,1.733493,-5.29449,1.683855
16.87687,4.465171,-8.90822,-0.01460,-0.09387,0.030566
18.55131,4.347793,-12.2930,-0.83698,1.476322,-0.26877
14.65147,1.832540,-14.4441,-1.51662,1.017193,0.139223
11.36967,-0.28506,-12.7218,-0.63991,-1.57565,0.840166
6.161902,-1.20013,-4.93892,0.148381,-2.10296,0.701682
8.461562,0.780925,-0.79713,0.030136,-1.46060,0.455606
11.37685,2.608675,-4.96287,-0.71874,0.096805,0.026305
11.58526,2.960811,-7.38710,-0.82633,0.581500,-0.24001
10.53844,2.812291,-6.98705,-0.63245,0.449408,-0.28262
9.551504,2.541602,-3.24771,-0.19037,0.229963,-0.21764
8.864002,2.452969,-2.27035,-0.07425,0.423841,-0.24320
8.813696,2.623048,-2.57698,-0.06573,0.830772,-0.32523
9.381425,2.881760,-3.35071,-0.11793,1.434776,-0.44560
9.788657,3.042257,-4.06457,-0.28518,2.734398,-0.70872
10.02580,3.080585,-4.49096,-0.32566,3.602588,-0.88982
9.747933,2.750009,-4.48378,-0.29263,4.055325,-0.97823
10.15037,1.937941,-3.29322,-0.38638,5.754420,-1.49808
11.13491,1.973874,-2.89078,-0.99038,8.627436,-2.51541
13.90648,3.403974,-4.05499,-1.40583,10.30735,-3.09172
14.32090,4.311861,-6.09354,-2.24100,13.42751,-4.22942
14.17238,4.410075,-6.58222,-3.74835,16.22383,-4.61291
12.03561,3.020698,-6.91758,-5.19711,17.28803,-4.29653
3.871824,0.407231,-12.7386,-8.34816,18.11147,-3.54658
-1.73119,-0.72822,-15.4718,-8.91807,15.29279,-2.96815
-10.9513,-4.25916,-11.1719,-7.93803,12.59873,-2.47812
-16.8682,-4.41007,4.082449,-5.03519,6.403166,-1.48956
-16.1088,-3.46386,10.36339,-2.34327,1.207875,-1.25627
-10.6807,-1.77265,14.55308,-1.16508,-0.80760,-1.34788
-5.79153,-1.51154,14.73035,0.283669,-3.23214,-1.58117
-5.25255,-1.50675,14.65609,-0.20315,-2.76981,-1.65574
-4.65128,-2.63981,10.32506,-0.80822,-1.67685,-1.53430
-4.05481,-4.32144,5.699398,-1.39518,0.625176,-0.70766
-5.70050,-3.83516,6.521047,-1.33872,1.906688,0.272381
-8.27564,-3.48542,10.54305,-1.24817,2.115480,0.582372
-8.17024,-3.22431,11.22337,-0.85722,1.587109,0.669724
-7.19289,-3.18119,11.11557,-0.49397,1.017193,0.483303
-4.43329,-2.93206,11.67132,0.418958,-0.30266,0.048675
-3.69309,-2.55358,12.21989,0.832280,-0.95567,-0.18674
-3.85598,-1.82295,11.75995,0.522288,-0.72664,-0.16118
-4.28477,-1.51873,8.573972,0.236798,-0.35593,-0.08661
-4.61295,-1.16420,6.552188,-0.22978,0.366317,0.036957
-4.59858,-1.11389,6.348572,-0.13391,0.340751,0.100873
-4.52432,-1.31032,7.843351,0.335867,-0.44647,0.122179
-4.82615,-1.58580,10.07354,0.583008,-0.92371,0.136027
-4.90760,-1.81816,10.53347,0.776886,-1.38710,0.109395
-4.71836,-1.96668,10.44005,0.915371,-1.69283,0.035892
-3.73621,-2.02657,9.752547,0.998461,-1.83238,-0.06424
-3.62123,-2.02657,9.417181,1.066638,-1.93678,-0.18674
-3.32898,-1.86847,9.340525,1.155055,-1.85582,-0.30925
-3.60685,-1.34625,9.196796,1.147598,-1.88351,-0.28155
-3.08943,-1.61694,9.295011,1.159316,-2.09018,-0.16437
-2.92414,-1.49477,9.503417,1.328693,-2.25316,-0.00352
-2.15280,-0.95100,9.582468,1.490613,-2.05609,0.010326
-1.15388,-0.12696,9.429158,1.514049,-1.93465,-0.04613
-0.92392,0.174869,9.369271,1.442676,-1.77060,-0.16118
-0.76582,0.299434,9.002762,1.128423,-1.21027,-0.12815
-0.66281,-0.06946,7.345091,0.826954,-1.27525,-0.08235
-0.79456,0.251524,7.642130,0.241059,-1.05048,0.065720
-0.74665,0.970168,7.117521,-0.21061,-0.59668,0.229770
0.154042,0.934236,8.090085,-0.35335,-0.43476,0.237227
0.664279,0.620428,8.629068,-0.40342,-0.12050,0.092351
1.069115,0.579705,9.824412,-0.34909,0.089348,0.018848
0.894245,0.606055,9.992095,-0.28198,0.347142,-0.01204
0.611578,0.488677,9.884299,-0.23298,0.631568,-0.00565
0.242675,0.354530,9.620796,-0.24363,0.980974,0.097678
-0.62927,0.172474,9.781293,-0.29157,0.789227,0.221248
-1.00536,0.155705,10.16936,-0.26600,0.608132,0.256402
-0.93350,0.189242,10.30590,-0.14776,0.272574,0.238292
-0.86403,0.196428,10.48316,-0.02738,0.319445,0.201008
-0.71312,0.119773,10.45921,-0.02632,0.451538,0.159463
-0.33703,-0.01676,10.00167,-0.13923,0.678439,0.137092
-0.40410,0.031140,9.742965,-0.21700,0.542085,0.205269
-0.95745,0.340157,9.673497,-0.16480,0.379100,0.243619
-1.45571,-0.00718,10.20289,0.054638,0.157525,0.215922
-1.52758,-0.11019,10.50712,0.116423,0.077631,0.193551
-1.20898,-0.11019,10.31788,0.063160,0.061652,0.218052
-1.24252,0.131751,9.369271,-0.02951,0.027563,0.164789
-1.14191,0.184451,9.103372,0.077008,-0.00545,0.076372
-0.72270,0.136541,9.568096,0.178208,0.005193,0.056132
-0.73707,-0.00479,10.44005,0.262364,0.053130,0.077438
-0.86882,0.021558,10.41849,0.209101,0.047803,0.101939
-1.21617,0.222779,9.568096,0.020549,0.048868,0.098743
-1.17544,0.323389,9.151282,-0.04975,0.082957,0.036957
-0.79696,0.340157,8.997971,0.034398,0.065913,-0.02802
-0.74905,0.301829,9.730988,0.064225,0.061652,-0.03121
-0.99339,0.349739,9.984909,0.019484,0.138351,-0.02376
-1.10837,0.366507,9.745361,-0.03271,0.234224,-0.02802
-1.03890,0.332971,9.280638,-0.00501,0.231029,-0.02376
-1.12993,0.277875,9.649541,0.114292,0.219311,-0.00671
-1.34792,0.277875,10.00167,0.114292,0.149003,-0.04080
-1.30240,0.244338,10.10468,0.013092,-0.12583,-0.01523
-1.47727,0.459931,9.115350,0.008831,-0.33569,0.031631
-1.80785,0.483886,9.223147,0.097248,-0.19188,0.041219
-1.24252,0.244338,10.03761,0.126010,-0.11518,0.059328
-1.22814,0.225174,10.13342,0.136663,-0.04700,0.114722
-1.31438,0.191637,10.10228,0.013092,0.061652,0.081699
-1.08442,0.198824,9.661519,-0.06360,0.135155,0.052936
-0.77061,0.440767,9.225542,-0.15308,0.183092,0.031631
-0.83768,0.483886,9.244706,-0.12219,0.134090,0.045480
-1.21856,0.464722,9.441135,-0.06147,0.092544,0.027370
-1.13951,0.299434,9.929813,0.013092,0.056325,0.016717
-1.20658,0.313807,10.11666,0.077008,0.003062,0.006065
-1.26887,0.337762,10.13821,0.129206,-0.09387,-0.02376
-1.21377,0.320993,9.984909,0.121749,-0.12796,-0.03015
-1.23054,0.340157,9.587259,0.045050,-0.06404,-0.03121
-1.24731,0.361716,9.386039,-0.01673,0.035020,-0.01843
-1.24252,0.412021,9.163259,-0.00501,0.040346,-0.00352
-1.39583,0.356925,9.457903,0.032267,0.023302,0.008195
-1.39583,0.299434,9.711824,0.078073,-0.00865,0.016717
-1.42457,0.289852,9.831598,0.119619,-0.05339,0.022044
-1.21138,0.332971,9.496231,0.064225,0.029694,-0.01417
-1.01255,0.397649,9.256683,0.028006,0.075500,-0.03547
-1.08442,0.426394,9.318965,0.005635,0.073370,-0.06104
-1.30959,0.431185,9.608819,0.017353,0.055260,-0.05785
-1.42697,0.388067,9.651937,0.048246,0.040346,-0.03228
-1.50602,0.385671,9.666310,0.057833,0.022237,0.009261
-1.43176,0.407231,9.424366,-0.00395,0.045673,0.024174
-1.26408,0.412021,9.381248,-0.02206,0.062717,0.020979
-1.24970,0.452745,9.565700,-0.00714,0.056325,0.009261
-1.27845,0.495863,9.802852,0.010962,0.039281,0.001804
-1.29761,0.479095,9.754942,0.031202,0.017976,0.009261
-1.38625,0.435976,9.719011,0.068486,0.014780,0.019913
-1.31199,0.426394,9.881903,0.117488,-0.00119,0.014587
-1.19700,0.457536,9.838785,0.129206,-0.00652,0.002869
-1.17305,0.507841,9.687870,0.087661,-0.02463,-0.00565
-1.27845,0.515027,9.400412,0.047181,-0.05020,0.002869
-1.35271,0.560541,9.651937,0.058899,-0.04700,0.001804
-1.32636,0.536586,9.795666,0.100444,-0.00119,-0.00032
-1.32875,0.546168,9.707033,0.102574,0.016911,0.009261
-1.34552,0.541377,9.484253,0.078073,0.004127,0.007130
-1.30001,0.548564,9.342921,0.009896,-0.00226,-0.00032
-1.31917,0.579705,9.386039,-0.00927,0.012650,0.005000
-1.36469,0.567728,9.596841,-0.00182,0.007323,0.009261
-1.35271,0.543773,9.642355,0.029071,-0.02783,0.009261
-1.36229,0.555750,9.632773,0.048246,-0.05446,0.006065
-1.34313,0.558146,9.563304,0.050376,-0.05126,0.007130
-1.32875,0.553355,9.517790,0.029071,-0.03315,-0.00139
-1.26168,0.586891,9.405202,0.008831,-0.03315,-0.00458
-1.30001,0.608451,9.503417,-0.01034,-0.04593,-0.00671
-1.29761,0.598869,9.632773,0.024810,-0.03954,-0.01097
-1.26647,0.567728,9.886694,0.108966,-0.07150,-0.00458
-1.37906,0.567728,9.946581,0.134532,-0.08322,0.010326
-1.36708,0.574914,9.752547,0.117488,-0.06511,0.028435
-1.22575,0.615637,9.441135,0.051442,-0.02250,0.018848
-1.13951,0.685106,9.395621,0.028006,0.004127,0.014587
-1.12514,0.685106,9.493836,0.029071,0.004127,0.007130
-1.26887,0.663547,9.757338,0.081269,-0.03635,0.033762
-1.34552,0.680315,9.850762,0.101509,-0.05339,0.045480
-1.30001,0.675524,9.719011,0.088726,-0.04807,0.048675
-1.14191,0.737807,9.455508,0.069551,-0.03741,0.040153
-1.08202,0.744993,9.457903,0.061029,-0.02569,0.006065
-1.06046,0.804880,9.632773,0.065290,-0.01717,-0.00991
-1.19940,0.804880,9.544140,0.040789,0.014780,0.015652
-1.26168,0.761761,9.527372,0.030136,0.024367,0.028435
-1.22575,0.749784,9.572886,0.024810,0.019041,0.031631
-1.10597,0.735411,9.627983,0.034398,-0.01291,0.012456
-1.13472,0.742598,9.651937,0.040789,-0.03315,0.009261
-1.20898,0.761761,9.690265,0.065290,-0.05126,0.005000
-1.13712,0.709061,9.668705,0.096183,-0.07683,0.007130
-1.24252,0.785716,9.702242,0.104705,-0.08428,0.013522
-1.21617,0.802484,9.608819,0.078073,-0.04380,0.023109
-1.12753,0.845603,9.364480,0.025875,0.024367,0.029501
-1.09639,0.833626,9.443531,0.022680,0.023302,0.024174
-1.11316,0.836021,9.560909,0.034398,-0.00119,0.014587
-1.06765,0.812066,9.668705,0.056768,-0.05446,0.002869
-1.13472,0.847999,9.623191,0.059964,-0.07257,0.003934
-1.15628,0.850394,9.594446,0.066355,-0.08322,0.014587
-1.17544,0.876744,9.630378,0.107901,-0.06937,0.022044
-1.17305,0.871953,9.668705,0.129206,-0.06937,0.023109
-1.11795,0.891117,9.795666,0.128141,-0.09068,0.022044
-1.11795,0.931840,9.584864,0.072747,-0.08961,0.013522
-1.07962,0.958191,9.443531,0.048246,-0.07576,0.009261
-1.05806,1.003705,9.376457,0.037593,-0.06191,0.011391
-1.08681,1.006100,9.477067,0.052507,-0.05339,0.026305
-1.27126,0.979750,9.845971,0.114292,-0.07363,0.074242
-1.32396,0.924654,9.865135,0.163294,-0.12157,0.112591
-1.24970,0.948609,9.819621,0.180339,-0.14074,0.117918
-1.09879,0.955795,9.738174,0.173947,-0.13648,0.087025
-0.83289,1.020473,9.515395,0.131337,-0.09707,0.044414
-0.87601,1.099524,9.498626,0.118553,-0.08002,0.040153
-0.93829,1.116292,9.556118,0.126010,-0.06937,0.049741
-0.98860,1.149829,9.728592,0.161164,-0.07789,0.067850
-0.90715,1.133060,9.781293,0.177143,-0.07789,0.071046
-0.83768,1.159411,9.714220,0.163294,-0.05552,0.052936
-0.69395,1.214507,9.453112,0.120684,-0.04380,0.029501
-0.70353,1.264812,9.455508,0.115358,-0.04807,0.019913
-0.72030,1.274394,9.524977,0.133467,-0.07150,0.016717
-0.81852,1.300744,9.627983,0.167555,-0.07150,0.019913
-0.79217,1.331885,9.524977,0.167555,-0.05339,0.018848
-0.77540,1.377399,9.402808,0.108966,-0.03315,0.011391
-0.72509,1.348654,9.156073,0.028006,-0.04061,-0.01204
-0.73707,1.382190,9.283034,0.010962,-0.03848,-0.01843
-0.79935,1.396563,9.455508,0.020549,-0.03528,-0.00778
-0.93110,1.372608,9.632773,0.051442,-0.03635,0.019913
-0.87840,1.401354,9.649541,0.053572,-0.02569,0.026305
-0.79696,1.408540,9.616004,0.045050,-0.01185,0.013522
-0.63886,1.415727,9.661519,0.046115,-0.01611,-0.00245
-0.68197,1.420518,9.742965,0.065290,-0.02569,-0.01097
-0.76582,1.401354,9.805248,0.070616,-0.01291,-0.00352
-0.75384,1.384586,9.692660,0.063160,0.016911,0.001804
-0.75384,1.418123,9.692660,0.063160,0.017976,0.002869
-0.72988,1.430100,9.687870,0.079139,0.020106,-0.00778
-0.70114,1.444473,9.757338,0.108966,0.028628,-0.01737
-0.80654,1.451659,9.730988,0.123880,0.032890,-0.00991
-0.83768,1.454055,9.680683,0.133467,0.016911,0.006065
-0.90715,1.537896,9.558513,0.126010,-0.01291,0.025240
-0.88799,1.552269,9.431553,0.123880,-0.02037,0.026305
-0.84487,1.581015,9.421971,0.118553,-0.03102,0.013522
-0.78019,1.585806,9.352502,0.089791,-0.03528,-0.01204
-0.76821,1.628925,9.268660,0.068486,-0.03635,-0.02056
-0.79456,1.602574,9.290220,0.041854,-0.03741,-0.01737
-0.90475,1.607365,9.474672,0.047181,-0.04380,-0.00032
-0.92152,1.569038,9.565700,0.049311,-0.04380,0.009261
-0.93110,1.597783,9.563304,0.049311,-0.03422,0.023109
-0.84247,1.614552,9.505813,0.030136,-0.01930,0.018848
-0.74186,1.636111,9.493836,0.020549,-0.02356,0.010326
-0.72509,1.624134,9.503417,0.017353,-0.03741,0.006065
-0.80654,1.614552,9.654333,0.043985,-0.03848,0.028435
-0.83529,1.607365,9.771711,0.059964,-0.03954,0.040153
-0.79456,1.588201,9.766920,0.084465,-0.04700,0.054002
-0.74186,1.640902,9.656728,0.084465,-0.06511,0.050806
-0.65562,1.695998,9.529767,0.077008,-0.07150,0.048675
-0.65802,1.703184,9.462695,0.056768,-0.07044,0.052936
-0.66760,1.717557,9.443531,0.058899,-0.05765,0.066785
-0.62688,1.717557,9.541745,0.071682,-0.06085,0.069981
-0.60771,1.727139,9.565700,0.088726,-0.09068,0.068915
-0.55501,1.767862,9.436344,0.061029,-0.08322,0.052936
-0.45920,1.834936,9.271056,0.033332,-0.07044,0.036957
-0.41847,1.820563,9.328548,-0.00501,-0.04380,0.002869
-0.45920,1.806190,9.445926,0.000309,-0.02463,-0.01097
-0.54304,1.775049,9.627983,0.025875,-0.00652,-0.01737
-0.52627,1.763071,9.635169,0.033332,0.005193,-0.02482
-0.51669,1.743908,9.580073,0.026941,0.016911,-0.03121
-0.58855,1.736721,9.527372,0.022680,0.013715,-0.03121
-0.60532,1.746303,9.524977,0.019484,0.009454,-0.03121
-0.62688,1.751094,9.465089,0.013092,0.009454,-0.03015
-0.63886,1.753489,9.453112,-0.00288,0.014780,-0.02376
-0.66042,1.743908,9.477067,-0.00821,0.014780,-0.02056
-0.73947,1.734326,9.546536,0.003505,-0.00013,-0.00565
-0.68677,1.765467,9.455508,0.010962,-0.02250,0.015652
-0.63167,1.779840,9.395621,-0.00288,-0.02889,0.018848
-0.54543,1.810981,9.436344,-0.01140,-0.02463,0.010326
-0.54543,1.784631,9.532163,-0.00927,-0.00332,-0.00458
-0.64365,1.784631,9.572886,-0.00288,-0.00439,-0.00884
-0.65323,1.789422,9.546536,0.003505,-0.00972,-0.00671
-0.59813,1.799004,9.441135,0.010962,-0.01185,-0.00245
-0.58136,1.763071,9.484253,-0.00395,0.003062,0.005000
-0.58616,1.746303,9.575282,-0.02525,0.011584,-0.00352
-0.68197,1.724744,9.716615,-0.02632,0.012650,-0.00671
-0.70353,1.743908,9.637564,-0.00182,0.020106,-0.00884
-0.62688,1.787026,9.484253,0.030136,0.027563,0.011391
-0.61490,1.803795,9.429158,0.032267,0.028628,0.019913
-0.61011,1.801399,9.450716,0.021614,0.027563,0.016717
-0.58855,1.796608,9.486649,0.007766,0.023302,0.012456
-0.65562,1.806190,9.577677,-0.00288,0.022237,0.002869
-0.68916,1.803795,9.582468,0.000309,0.017976,-0.00565
-0.69395,1.796608,9.568096,0.019484,0.010519,0.006065
-0.66760,1.806190,9.532163,0.025875,0.004127,0.012456
-0.62688,1.837331,9.472276,0.020549,-0.00439,0.012456
-0.52866,1.815772,9.412389,0.007766,0.009454,0.005000
-0.51669,1.827749,9.438739,-0.00182,0.015845,-0.00778
-0.64365,1.806190,9.508209,-0.00927,0.017976,-0.02056
-0.67958,1.772653,9.553723,0.000309,0.006258,-0.00884
-0.68677,1.787026,9.548932,0.003505,0.003062,-0.00139
-0.63646,1.808585,9.498626,0.005635,0.000932,0.008195
-0.60053,1.813376,9.453112,-0.00182,0.000932,0.005000
-0.62448,1.810981,9.457903,-0.00714,-0.00226,0.000739
-0.67000,1.796608,9.501022,-0.01566,-0.00119,0.002869
-0.63407,1.799004,9.563304,-0.01460,0.011584,0.010326
-0.61730,1.801399,9.611214,-0.00714,0.013715,0.010326
-0.63407,1.777444,9.606423,0.014158,-0.01078,0.003934
-0.66760,1.782235,9.539350,0.023745,-0.02569,0.008195
-0.62927,1.767862,9.467485,0.019484,-0.01611,0.011391
-0.61969,1.784631,9.412389,-0.00288,0.022237,0.009261
-0.66281,1.801399,9.460299,-0.02419,0.033955,0.012456
-0.65323,1.782235,9.508209,-0.02951,0.026498,0.017783
-0.59813,1.763071,9.611214,-0.00821,0.001997,0.015652
-0.59095,1.767862,9.534559,0.015223,-0.02037,0.008195
-0.56699,1.770258,9.472276,0.018419,-0.02463,0.003934
-0.60292,1.801399,9.345315,-0.01140,-0.00332,-0.00458
-0.58616,1.815772,9.371666,-0.04656,0.035020,-0.01204
-0.66281,1.777444,9.568096,-0.05614,0.019041,-0.02269
-0.70832,1.753489,9.656728,-0.04336,-0.00226,-0.01950
-0.73947,1.775049,9.616004,0.018419,-0.02889,0.010326
-0.62448,1.796608,9.407598,-0.00608,-0.00119,0.018848
-0.55501,1.770258,9.548932,-0.04443,0.032890,0.002869
-0.58136,1.775049,9.675892,-0.04443,0.042477,-0.00778
-0.71791,1.724744,9.826807,0.003505,0.026498,-0.00565
-0.79935,1.724744,9.666310,0.051442,-0.01824,0.014587
-0.77061,1.739117,9.536954,0.046115,-0.02250,0.035892
-0.67958,1.717557,9.338129,0.026941,0.000932,0.042284
-0.61011,1.741512,9.383644,-0.01886,0.049934,0.042284
-0.63886,1.765467,9.587259,-0.00075,0.028628,0.033762
-0.64365,1.777444,9.563304,0.005635,-0.00013,0.024174
-0.61969,1.779840,9.407598,-0.02419,0.009454,0.015652
-0.60292,1.782235,9.302197,-0.03910,0.021172,0.011391
-0.57418,1.763071,9.359688,-0.04549,0.022237,-0.00991
-0.57657,1.772653,9.512999,-0.03377,0.006258,-0.01843
-0.64365,1.772653,9.524977,-0.02845,0.006258,-0.01630
-0.68677,1.772653,9.541745,-0.01779,0.007323,-0.00352
-0.72030,1.767862,9.570491,-0.01460,0.005193,0.002869
-0.66281,1.753489,9.544140,-0.01779,-0.00119,-0.00245
-0.64125,1.770258,9.546536,-0.02312,0.004127,-0.01737
-0.63646,1.748698,9.556118,-0.01779,0.033955,-0.01310
-0.75384,1.739117,9.635169,-0.00395,0.048868,-0.00991
-0.77300,1.719953,9.719011,0.049311,0.021172,-0.02269
-0.99339,1.763071,9.587259,0.061029,-0.17057,0.060393
-0.91434,1.640902,9.486649,0.052507,-0.18442,0.071046
-0.67000,1.719953,9.455508,0.018419,-0.07044,0.063589
-0.54543,1.739117,9.402808,-0.02206,0.027563,0.060393
-0.50710,1.724744,9.484253,-0.03484,0.054195,0.057197
-0.43284,1.734326,9.544140,-0.03910,0.089348,0.015652
-0.29391,1.806190,9.608819,-0.02845,0.103197,-0.03228
-0.31068,1.858891,9.644751,-0.01779,0.105327,-0.05785
-0.38014,1.842122,9.517790,-0.01673,-0.02996,-0.03974
-1.09879,1.897218,9.608819,-0.02738,-0.07470,0.033762
-0.67000,1.777444,9.263870,-0.05934,-0.01824,0.035892
-0.50950,1.806190,9.218356,-0.10621,0.071239,0.015652
-0.44961,1.727139,9.407598,-0.07106,0.016911,-0.01417
-0.62688,1.676834,9.790875,-0.01993,-0.03528,-0.02056
-0.66042,1.643297,9.898672,0.056768,-0.09813,-0.02908
-0.65323,1.660066,9.606423,0.039724,-0.07789,-0.02376
-0.65323,1.648088,9.292615,0.010962,-0.04380,-0.01630
-0.67479,1.657670,9.215960,-0.05614,0.004127,-0.00884
-0.62688,1.650484,9.287824,-0.08065,0.012650,-0.02163
