rotation
-0.86882,1.212111,9.661519,0.044917,-0.03356,0.082774
-0.87122,1.264812,9.654333,0.041721,-0.02717,0.076382
-0.88559,1.279185,9.666310,0.043852,-0.02610,0.075317
-0.83289,1.224089,9.599237,0.053439,-0.04634,0.079578
-0.82091,1.279185,9.582468,0.050243,-0.04954,0.084904
-0.88799,1.384586,9.529767,0.051309,-0.02184,0.107275
-0.81852,1.434891,9.412389,0.049178,-0.00906,0.117928
-0.64125,1.394168,9.306988,0.018285,0.006914,0.104079
-0.51669,1.267207,9.321361,0.000176,-0.00160,0.081709
-0.55741,1.171388,9.395621,-0.02325,0.049524,0.007140
-0.65562,1.178575,9.386039,-0.03710,0.092135,0.000749
-0.67479,1.168993,9.398016,-0.05628,0.125158,0.001814
-0.72270,1.238461,9.333338,-0.10741,0.160312,-0.00883
-0.79217,1.260021,9.378852,-0.13085,0.163507,-0.01203
-0.89278,1.173784,9.417181,-0.16813,0.141137,-0.01096
-0.92392,1.121083,9.568096,-0.18730,0.090004,0.002879
-0.88080,1.133060,9.675892,-0.18304,0.068699,0.001814
-0.92871,1.149829,9.747756,-0.16067,0.026088,-0.02268
-1.14430,1.058801,9.953767,-0.12339,-0.10174,-0.02907
-0.98380,0.855185,9.663914,-0.04776,-0.25301,0.017793
-1.02453,-0.48867,9.031508,-0.29596,-0.65567,-0.04505
-1.04848,0.273084,7.244481,-0.57613,-0.75687,-0.01416
-1.10358,1.755885,8.873407,-0.73592,-0.53850,0.090231
-1.30240,0.828835,10.89519,-0.58145,0.004783,0.411940
-0.82570,0.289852,10.78499,-0.11806,0.353124,0.459877
-0.80175,0.462327,10.39453,-0.00514,0.284948,0.471595
0.115714,0.663547,10.04719,0.088593,0.015436,0.359742
0.326516,0.855185,10.02323,0.162096,-0.22744,0.049751
-0.20048,0.953400,9.726197,0.216424,-0.36699,-0.14093
-0.39452,0.912676,9.462695,0.207902,-0.31266,-0.16117
-0.73707,0.768948,9.112955,0.049178,0.032480,-0.06849
-0.66521,0.697083,9.431553,-0.05628,0.190139,0.044424
-0.39691,0.713852,9.637564,-0.09356,0.198661,0.080643
-0.36098,0.716247,9.647146,-0.09676,0.190139,0.065730
-0.65562,0.701874,9.544140,-0.11167,0.075091,0.058273
-0.86403,0.721038,9.398016,-0.16280,0.003718,0.131776
-0.72509,0.711456,9.496231,-0.18944,0.019697,0.167995
-0.43284,0.725829,9.764525,-0.19583,0.093200,0.155212
-0.32505,0.687502,10.05437,-0.13830,0.112375,0.080643
-0.34421,0.680315,10.03042,-0.09037,0.114505,0.042294
-0.43284,0.682711,9.953767,-0.02432,0.100657,-0.02375
-0.68437,0.728225,9.774106,0.015090,0.101722,-0.05251
-0.73468,0.706665,9.666310,0.019351,0.108114,-0.04612
-0.63646,0.661151,9.690265,0.019351,0.116636,-0.03653
-0.60053,0.658756,9.632773,0.024677,0.119832,-0.04612
-0.57657,0.634801,9.551327,0.024677,0.127289,-0.05570
-0.61730,0.644383,9.568096,0.005502,0.093200,-0.08553
-0.70593,0.618033,9.563304,0.004437,0.104918,-0.09192
-0.90236,0.641987,9.563304,0.005502,0.112375,-0.08873
-0.96704,0.675524,9.568096,-0.00514,0.017566,-0.06636
-0.93829,0.622824,9.568096,-0.01580,-0.00693,-0.03760
-0.87840,0.594078,9.596841,-0.03178,-0.01545,-0.02481
-0.86403,0.589287,9.627983,-0.03604,-0.01971,-0.02481
-0.82091,0.546168,9.783688,-0.02965,-0.02610,-0.03866
-0.87361,0.522213,9.869926,-0.01047,-0.02397,-0.04505
-1.02213,0.522213,9.910649,0.018285,-0.04741,-0.04186
-1.17784,0.562937,9.836389,0.052374,-0.09002,-0.02162
-1.01016,0.565332,9.572886,0.080071,-0.17418,0.028445
-0.84726,0.625219,9.426762,0.050243,-0.16778,0.038033
-0.73947,0.598869,9.467485,0.027873,-0.12517,0.035902
-0.85924,0.641987,9.663914,0.005502,-0.09428,0.038033
-0.71551,0.651569,9.716615,0.019351,-0.09961,0.063599
-0.52627,0.680315,9.723801,0.031069,-0.14754,0.043359
-0.40170,0.699479,9.793271,0.048113,-0.14967,-0.00031
-0.41608,0.694688,9.752547,0.059831,-0.13902,-0.01949
-0.50471,0.701874,9.639960,0.063026,-0.11346,-0.02801
-0.66760,0.641987,9.651937,0.052374,-0.12517,-0.00351
-0.65562,0.625219,9.642355,0.048113,-0.12091,0.025250
-0.44961,0.658756,9.690265,0.039591,-0.09428,0.058273
-0.30588,0.682711,9.810039,0.059831,-0.08469,0.014597
-0.20767,0.716247,9.824412,0.077940,-0.15287,-0.04612
-0.17892,0.730620,9.977723,0.117355,-0.24981,-0.12069
-0.26277,0.761761,10.03521,0.149313,-0.30733,-0.15051
-0.42805,0.792903,9.913044,0.214294,-0.39362,-0.16756
-0.41847,0.766552,9.663914,0.230273,-0.46393,-0.14732
-0.34661,0.723434,9.553723,0.171683,-0.49802,-0.08234
-0.23881,0.718643,9.457903,0.140791,-0.47778,-0.03973
0.063014,0.807275,9.577677,0.059831,-0.42984,-0.01309
0.223511,0.812066,9.690265,0.030003,-0.45434,-0.03014
0.384008,0.941422,9.568096,-0.00514,-0.58856,-0.09299
0.925386,1.116292,9.386039,-0.08504,-0.80481,-0.19952
1.011623,1.128270,9.201587,-0.15322,-0.97951,-0.29113
1.071510,0.903095,9.275847,-0.33218,-1.33318,-0.40405
1.339804,0.826439,9.874716,-0.37586,-1.57819,-0.43494
1.517069,0.852790,10.29871,-0.30875,-1.73159,-0.47755
2.235713,0.807275,10.86404,-0.06373,-2.16622,-0.63095
2.226131,0.881535,10.12145,0.108833,-2.55184,-0.87383
1.658402,0.867162,9.659124,0.090723,-2.69992,-0.91750
0.810403,1.226484,10.03042,-0.02112,-3.11963,-0.65758
1.969815,1.497173,11.68569,0.257970,-3.46797,-0.14306
3.347215,1.427704,11.60904,0.593528,-3.58941,0.020989
3.704141,1.310326,9.563304,0.970631,-3.80566,-0.01736
3.799960,1.621738,8.789565,0.983414,-4.05706,0.001814
4.080231,1.830145,8.176322,0.987675,-4.30953,-0.02694
5.596569,1.669648,8.650627,1.055852,-4.72179,-0.11003
6.195439,1.183366,9.714220,1.435086,-4.93910,-0.45411
5.198920,1.058801,9.632773,1.805798,-5.15109,-0.53507
3.895779,0.069468,9.371666,2.571722,-6.52954,-0.59366
3.064548,-0.18924,6.947442,3.428194,-8.30427,-0.57449
3.661022,1.018078,2.283445,3.868148,-9.22039,-0.56810
3.543644,1.537896,0.620983,3.912889,-9.32799,-0.48820
3.486152,1.763071,-1.22832,3.940586,-9.38657,-0.24106
2.662108,1.396563,-3.44893,3.975740,-9.48564,-0.15797
2.456097,1.446868,-4.84549,3.923542,-9.24916,0.003944
2.539938,1.305535,-6.72834,3.678531,-8.26592,0.313936
3.785587,1.176179,-7.91650,3.436716,-7.17402,0.571730
5.059982,1.389377,-9.13580,3.284384,-6.61582,0.578121
5.206106,-0.01916,-10.6641,2.771992,-5.59424,0.453486
4.765338,-0.19403,-11.1360,2.503545,-4.95508,0.432180
5.486377,-0.00718,-11.2581,2.091289,-3.52336,0.540837
6.966783,-0.10061,-11.6917,1.777035,-2.11296,0.358677
7.860296,0.735411,-12.9254,1.345604,-0.85168,-0.08660
7.481811,0.531795,-13.3949,1.102724,-0.17418,-0.30498
4.830016,-1.26241,-14.0441,0.422020,0.786687,-0.45198
3.510107,-1.28876,-13.5746,-0.21074,1.386430,-0.17821
3.062153,-0.72583,-12.9709,-0.39716,1.679378,-0.02375
3.284932,-0.19882,-12.3649,-0.63791,2.016001,0.038033
4.537767,0.402440,-11.6582,-0.78918,2.194965,-0.04931
5.009677,0.524609,-11.7492,-1.19717,3.115353,-0.17075
5.062377,0.455140,-11.7516,-1.31329,4.849602,0.019923
4.698265,0.172474,-11.2294,-1.07360,6.335645,0.203149
4.326965,-0.17487,-8.72138,-0.96175,6.659485,0.206344
5.531891,-0.78332,-7.21941,-0.89464,6.728727,-0.03653
6.389472,-0.60126,-6.83853,-1.02247,6.875733,-0.50738
8.775369,-0.12696,-6.47921,-1.07893,7.122874,-0.81098
10.78038,-0.38088,-5.46353,-1.11835,7.691725,-1.16251
10.95525,-1.01328,-4.88382,-0.60169,8.197726,-1.05279
8.852025,-1.35584,-2.71112,-0.17985,8.299991,-1.04001
7.867483,0.222779,1.801954,0.216424,8.473628,-1.34787
9.029290,0.543773,2.376869,0.125877,8.837949,-1.47144
9.841357,1.288767,0.611401,0.104572,8.948737,-1.43522
8.193267,1.111501,0.597028,0.335734,8.737814,-1.27863
7.199144,0.989332,1.864236,0.586071,8.184943,-1.22004
6.008591,1.470823,4.350743,0.626551,7.868559,-1.29993
5.833721,2.273308,4.846607,0.368757,7.505304,-1.48635
5.632501,2.898528,4.583105,-0.21287,7.572416,-1.48848
4.772524,3.983680,3.397343,-0.48345,7.492521,-1.43842
2.118334,4.156155,3.382970,-0.55376,7.183595,-1.32550
1.179307,3.926189,4.628619,-0.25229,7.035523,-1.29035
0.084573,3.130890,7.503193,-0.15641,7.097308,-1.24028
-0.94787,2.704494,7.783464,-0.27359,7.397713,-1.16251
-1.40541,2.675749,7.107939,-0.57187,7.310361,-1.04320
-2.79000,2.857805,5.078969,-0.65709,6.930062,-0.95798
-4.77106,2.582325,5.263421,-0.46534,5.250141,-0.97716
-5.45856,2.484111,6.324617,0.017220,3.326275,-1.16464
-5.63582,1.957105,8.226628,0.246252,2.537980,-1.27437
-6.03587,2.321218,8.538040,0.396454,1.573916,-1.30526
-6.40477,2.587116,7.884074,-0.04349,1.058329,-1.04427
-8.41218,3.518957,5.766471,-0.45149,0.832493,-0.92283
-9.61951,4.007635,3.936325,-1.28346,0.154985,-0.79606
-9.47338,3.413556,3.713546,-1.72022,-0.63543,-0.69273
-9.52369,1.887636,5.409544,-1.54978,-0.97951,-0.62775
-9.32247,0.756970,7.864910,-0.27040,-1.57180,-0.53188
-9.82791,1.389377,12.68461,-0.01580,-2.45277,-0.39872
-9.04938,-0.40004,12.56723,-0.15002,-2.87995,-0.29326
-10.0483,1.147433,8.566785,-0.11061,-3.66185,-0.25811
-9.13801,1.202529,8.509294,0.061961,-4.73776,-0.21976
-8.23731,1.343863,9.759734,0.002306,-5.56867,-0.22934
-7.74864,1.451659,10.48077,0.182336,-6.89279,-0.39020
-7.35099,2.124789,9.409994,0.482740,-8.36286,-0.35185
-5.05851,1.487591,10.38495,0.677684,-9.13517,-0.23680
-4.75189,1.451659,10.36579,1.289145,-9.79457,-0.18993
-4.72794,0.785716,11.03173,1.606593,-9.90642,0.141363
-3.55894,0.368903,10.97184,1.529894,-9.54317,0.642037
-2.18394,0.656360,10.34662,1.364778,-9.50269,0.952029
-0.74665,1.192948,7.996662,1.111246,-9.35036,1.266282
0.355262,1.906800,5.598787,1.084614,-9.01054,1.258825
1.167329,2.007410,4.822652,1.082484,-8.69202,1.188517
5.304321,1.180970,4.678924,1.160248,-8.61958,1.025532
6.710466,0.464722,4.420212,1.880366,-9.06700,0.376787
7.771664,-0.12216,4.544777,2.830581,-9.71361,-0.28261
8.657991,-0.37609,5.675443,3.179988,-10.1482,-0.42003
8.602894,0.150914,7.412165,3.765883,-11.4446,-0.36783
6.502060,-0.06228,4.597477,4.168552,-12.2287,-0.22615
4.532977,0.244338,3.042812,4.970696,-13.1970,-0.02588
0.980482,-0.07665,0.573073,5.287079,-12.7709,0.286239
-0.74665,-0.95819,-0.42584,4.921694,-10.9376,0.702757
-2.38037,-1.74630,-4.47180,4.398649,-9.62519,0.814610
-3.05829,-1.96668,-9.56938,3.003154,-6.61582,0.828458
-1.39343,-1.52592,-13.1051,2.239360,-4.09115,0.518467
0.218720,-1.49717,-14.3268,2.176510,-3.37955,0.221258
1.893159,-1.43968,-13.7447,2.261731,-2.70098,-0.30178
3.134017,-1.52112,-10.1802,2.045482,-2.03306,-0.39126
3.143599,-2.42422,-9.02081,1.778101,-1.58139,-0.37422
1.083487,-3.59321,-9.52147,1.111246,-0.44262,-0.42216
-0.08071,-3.51416,-11.9624,0.608441,0.948607,-0.41150
0.094155,-3.42313,-12.9062,0.417759,1.392822,-0.36463
0.599601,-3.36564,-13.4476,0.061961,1.630375,-0.26663
-0.54783,-3.52135,-13.1482,-0.32472,1.376843,-0.24639
-0.94548,-3.65789,-12.8775,-0.56547,1.286295,-0.34013
-1.44613,-3.56447,-12.6499,-1.23765,1.617592,-0.59366
-0.13101,-2.92487,-12.8511,-1.92582,2.748902,-0.56384
0.700211,-2.76438,-13.2009,-2.08773,3.557437,-0.43920
0.788844,-3.39439,-13.7590,-1.49545,5.521783,-0.24319
-0.73228,-4.12022,-12.1349,-0.84990,7.024870,-0.51483
-1.09879,-4.16334,-10.3383,-0.77000,7.611831,-0.65758
0.611578,-3.51416,-6.72594,-0.91168,8.277620,-0.74387
3.380751,-3.22670,-9.06393,-1.14285,8.207313,-0.85785
3.574785,-2.67335,-10.2377,-1.80011,7.779077,-1.26265
4.731801,-2.92487,-11.2845,-2.33275,7.727944,-1.51725
6.940433,-3.02069,-11.2917,-2.26137,7.950584,-1.62697
7.285381,-3.08777,-10.8341,-2.08028,8.419301,-2.08610
7.323709,-2.19186,-7.09245,-2.07495,9.224639,-2.55055
8.401675,-1.66246,-5.68391,-2.20172,10.31120,-2.89783
10.12881,-1.72474,-4.65386,-2.24433,10.75542,-2.97240
9.958735,-0.72822,-4.21069,-2.06323,11.08991,-2.65921
8.899934,-0.54856,-3.63578,-1.54765,10.49549,-2.15108
7.438692,-0.97496,-2.79736,-1.26855,9.865928,-2.07438
3.584367,-1.40854,0.422158,-0.91701,8.504521,-2.30341
3.215463,-0.18445,3.771037,-0.88825,7.344449,-2.76680
3.965248,0.603660,4.961590,-0.89038,6.843775,-2.87120
5.043213,1.686416,5.105319,-0.79024,5.908474,-2.62406
3.673000,1.753489,5.371217,-0.71141,5.180899,-2.12764
2.130311,1.619343,5.826358,-0.69650,4.282882,-1.87304
-1.12514,1.624134,6.844436,-0.67626,3.724684,-1.87518
-2.53608,2.108020,7.227713,-0.59530,2.314275,-2.03816
-2.09052,2.417037,7.979893,-0.51115,1.498283,-2.17664
-1.99470,2.369127,8.221837,-0.30235,-0.00799,-2.42166
-1.94918,2.187071,8.835079,-0.12765,-0.98591,-2.55907
-2.18394,2.323613,9.254287,-0.18304,-1.30655,-2.30980
-2.07375,2.481715,9.584864,-0.22778,-1.51854,-2.03177
-2.74927,2.275704,9.441135,-0.11913,-2.02028,-1.50127
-4.63451,1.439682,9.395621,0.149313,-1.57287,-1.22430
-4.85011,1.233671,10.11905,1.354126,0.618375,-0.73960
-3.43917,0.869558,11.03412,1.338147,-1.23944,-0.49353
-3.12776,1.636111,9.364480,1.121898,-0.99975,-0.37635
0.063014,-0.38806,14.23927,0.496589,0.080417,-0.23787
-1.12514,1.255230,11.98273,-0.22565,-0.10919,0.011401
-0.70353,1.264812,8.197881,-0.37692,-0.01439,0.345894
-0.97901,1.727139,8.164345,-0.29809,0.067634,0.474791
-1.46051,2.014597,8.950062,0.034264,0.408518,0.536576
-1.47967,2.117602,10.37297,0.320820,0.358451,0.352285
-1.08681,2.119998,10.72271,0.384736,0.133680,0.213801
-0.10706,2.182280,10.88081,0.387932,-0.32012,0.063599
0.041454,2.330800,10.29392,0.318690,-0.33183,0.079578
-0.03520,2.426619,9.860343,0.276079,-0.17311,0.100883
-0.30109,2.534415,9.220751,0.140791,0.211444,0.149885
-0.09269,2.460156,8.990785,-0.04882,0.464977,0.175452
-0.02801,2.440992,8.875802,-0.13511,0.507588,0.179713
0.065409,2.464947,8.636254,-0.21607,0.488413,0.171191
0.015104,2.529625,8.626672,-0.18517,0.361646,0.144559
-0.03040,2.570348,8.770401,-0.13085,0.327558,0.117928
-0.20527,2.623048,9.132119,-0.03391,0.282817,0.072121
-0.14060,2.553579,9.568096,-0.00088,0.217836,0.089165
-0.11664,2.491297,9.630378,-0.00621,0.184813,0.116862
-0.40649,2.417037,9.498626,-0.04349,0.164573,0.100883
-0.71551,2.345173,9.285429,-0.12339,0.133680,-0.00138
-0.57897,2.314032,9.273451,-0.15322,0.083613,-0.04612
-0.24121,2.417037,9.139305,-0.13404,-0.05487,-0.05464
-0.20288,2.474529,9.093791,-0.04989,-0.05487,0.010336
-0.40889,2.443387,9.261474,-0.01580,0.004783,0.054012
-0.76582,2.328404,9.740570,-0.03923,0.062307,0.111536
-0.96225,2.242167,9.948976,-0.04669,-0.00693,0.112601
-0.95266,2.215817,9.778898,-0.03497,-0.08043,0.096622
-0.79696,2.223003,9.616004,-0.05202,-0.09535,0.076382
-0.65083,2.131975,9.865135,-0.10208,-0.03676,0.092361
-0.62927,2.191862,9.886694,-0.11593,0.012240,0.107275
-0.63167,2.218212,9.608819,-0.07013,0.087874,0.126450
-0.73468,2.215817,9.565700,0.007633,0.062307,0.109405
-0.72749,2.177489,9.642355,0.043852,0.049524,0.094492
-0.67958,2.148744,9.865135,0.065157,0.031415,0.078513
-0.55501,2.129580,9.836389,0.038525,-0.02717,0.076382
-0.55981,2.136766,9.707033,0.057700,-0.03250,0.073186
-0.65323,2.194257,9.304593,0.116290,0.026088,0.087035
-0.65323,2.199048,9.371666,0.108833,0.007979,0.100883
-0.62688,2.187071,9.522582,0.076875,-0.04421,0.099818
-0.73228,2.220608,9.251893,0.048113,-0.08150,0.079578
-0.57657,2.242167,9.086605,0.051309,-0.03995,0.018858
-0.42087,2.280495,9.218356,0.034264,-0.02504,-0.01309
-0.44482,2.297263,9.371666,0.049178,-0.01439,-0.02588
-0.53825,2.299659,9.522582,0.099245,-0.01332,-0.03440
-0.55981,2.299659,9.656728,0.124812,-0.13050,-0.00990
-0.74426,2.275704,9.647146,0.138660,-0.20294,0.000749
-0.82570,2.263726,9.635169,0.172749,-0.31586,-0.01309
-0.73707,2.278099,9.690265,0.186597,-0.29349,-0.05890
-0.35379,2.258935,9.769315,0.173814,-0.24448,-0.06742
-0.19090,2.199048,9.608819,0.116290,-0.16033,-0.03333
-0.46159,2.275704,9.295011,0.103506,-0.12304,0.029511
-0.61011,2.340382,9.316570,0.112029,-0.11665,0.046555
-0.60292,2.467342,9.398016,0.124812,-0.18483,0.056142
-0.53825,2.572743,9.386039,0.146117,-0.24235,0.042294
-0.53825,2.639816,9.374062,0.154639,-0.22211,0.035902
-0.47596,2.733240,9.414785,0.113094,-0.14754,0.058273
-0.50950,2.761986,9.309384,0.039591,-0.05167,0.072121
-0.52148,2.773963,9.041090,0.024677,0.021827,0.071056
-0.33703,2.702099,9.206378,-0.01580,0.090004,0.062534
-0.28433,2.656585,9.184819,-0.06693,0.087874,0.028445
-0.16695,2.563161,9.096186,-0.09676,0.136876,0.000749
-0.12143,2.474529,9.100977,-0.10528,0.169899,-0.00564
-0.17174,2.393082,9.165655,-0.13298,0.173095,0.013532
-0.27714,2.393082,9.148886,-0.12978,0.100657,0.046555
-0.49273,2.412246,9.129723,-0.10102,0.078286,0.051881
-0.45440,2.385896,9.443531,-0.06373,0.020762,0.042294
-0.36577,2.397873,9.503417,-0.06373,-0.02610,0.033772
-0.27714,2.405060,9.424366,-0.04243,-0.07085,0.018858
-0.21486,2.345173,9.527372,-0.00514,-0.03143,0.002879
-0.17413,2.328404,9.616004,-0.01047,-0.01652,0.006075
-0.19330,2.369127,9.527372,-0.01154,-0.00586,0.007140
-0.26995,2.450574,9.479463,0.001241,0.012240,-0.01629
-0.20527,2.455365,9.517790,0.008698,0.009044,-0.03014
-0.11904,2.448178,9.575282,0.018285,-0.01545,-0.05464
-0.14299,2.448178,9.536954,0.042786,0.012240,-0.07914
-0.15018,2.443387,9.520186,0.021481,0.015436,-0.07914
-0.10466,2.438596,9.582468,0.001241,0.010110,-0.07488
-0.17653,2.464947,9.438739,-0.00834,0.027154,-0.07808
-0.28433,2.488901,9.227937,-0.00834,0.033545,-0.08447
-0.27953,2.474529,9.268660,-0.02965,0.009044,-0.08660
-0.28193,2.467342,9.369271,-0.04669,-0.01119,-0.07062
-0.38014,2.467342,9.280638,-0.04989,-0.02504,-0.07701
-0.46159,2.476924,9.268660,-0.05202,-0.03676,-0.08553
-0.38014,2.414642,9.381248,-0.04030,-0.03143,-0.08234
-0.34182,2.400269,9.398016,-0.02219,-0.00373,-0.05997
-0.36098,2.383500,9.429158,-0.02112,-0.00480,-0.05038
-0.46399,2.316427,9.529767,-0.01793,-0.01865,-0.05357
-0.50231,2.304450,9.457903,-0.00941,-0.01332,-0.06636
-0.46638,2.292472,9.455508,-0.00621,-0.00160,-0.06316
-0.40170,2.333195,9.491440,-0.00834,0.018632,-0.05144
-0.44243,2.323613,9.505813,-0.00301,0.013305,-0.04186
-0.46159,2.299659,9.493836,0.003372,0.019697,-0.03546
-0.52148,2.337986,9.493836,-0.00301,0.028219,-0.02907
-0.51669,2.342777,9.527372,-0.01047,0.059112,-0.03760
-0.52148,2.345173,9.469881,-0.01580,0.088939,-0.04718
-0.46159,2.349964,9.376457,-0.00941,0.094265,-0.05464
-0.43524,2.364336,9.340525,-0.00728,0.082547,-0.04718
-0.44243,2.323613,9.395621,-0.01580,0.061242,-0.03333
-0.46878,2.302054,9.424366,-0.02006,0.034611,-0.01416
-0.59574,2.227794,9.316570,-0.02112,0.025023,-0.00031
-0.62448,2.208631,9.328548,-0.02112,0.016501,0.002879
-0.57178,2.172698,9.402808,-0.00941,0.007979,0.009271
-0.54304,2.206235,9.469881,0.014024,-0.00160,0.017793
-0.53825,2.268517,9.560909,0.037460,-0.00054,0.019923
-0.55022,2.314032,9.620796,0.035330,-0.00480,0.012466
-0.56939,2.378710,9.635169,0.020416,0.002653,-0.00138
-0.54304,2.407455,9.604027,0.012959,0.015436,-0.00138
-0.46399,2.436201,9.491440,0.018285,0.025023,0.002879
-0.50471,2.424224,9.445926,0.022546,0.025023,0.016727
-0.54064,2.340382,9.481858,0.026808,0.022893,0.016727
-0.54543,2.306845,9.457903,0.022546,0.027154,0.016727
-0.53106,2.273308,9.354898,-0.01047,0.014371,0.019923
-0.51429,2.294868,9.280638,-0.02858,-0.00586,0.023119
-0.53825,2.304450,9.192006,-0.03071,-0.01226,0.023119
-0.55501,2.326009,9.196796,-0.01260,-0.00586,0.026315
-0.52387,2.330800,9.345315,-0.00408,-0.00160,0.022054
-0.49513,2.321218,9.443531,-0.01047,-0.00373,0.020989
-0.45201,2.314032,9.553723,-0.01260,0.016501,0.023119
-0.43284,2.306845,9.469881,-0.00728,0.015436,0.026315
-0.43045,2.294868,9.489045,0.002306,0.009044,0.029511
-0.44003,2.263726,9.479463,0.019351,-0.00267,0.030576
-0.49273,2.287681,9.508209,0.022546,-0.00480,0.026315
-0.49273,2.294868,9.527372,0.020416,-0.00799,0.022054
-0.47596,2.323613,9.469881,0.016155,-0.00267,0.014597
-0.45680,2.345173,9.441135,0.011894,-0.00054,0.012466
-0.45680,2.354755,9.431553,0.011894,0.001587,0.008205
-0.50471,2.383500,9.445926,0.016155,-0.00693,-0.00351
-0.47836,2.402664,9.460299,0.030003,0.003718,-0.00990
-0.47596,2.417037,9.467485,0.038525,0.018632,-0.00670
-0.47836,2.414642,9.479463,0.040656,0.030350,-0.00670
-0.52387,2.419433,9.467485,0.039591,0.033545,-0.00457
-0.53585,2.409851,9.421971,0.018285,0.006914,0.001814
-0.53825,2.417037,9.330943,0.001241,-0.00906,-0.00244
-0.56220,2.414642,9.278243,-0.01367,0.003718,0.001814
-0.52148,2.361941,9.220751,-0.02538,0.006914,0.009271
-0.50471,2.328404,9.275847,-0.03391,0.006914,0.031641
-0.52627,2.270913,9.237520,-0.02752,-0.00267,0.041229
-0.54304,2.249354,9.242310,-0.02645,-0.00586,0.038033
-0.56460,2.251749,9.345315,-0.04030,-0.01971,0.031641
-0.46638,2.273308,9.342921,-0.06373,-0.02610,0.025250
-0.45440,2.297263,9.330943,-0.06160,-0.01652,0.022054
-0.47596,2.342777,9.247101,-0.06054,-0.01119,0.020989
-0.44243,2.333195,9.417181,-0.04030,-0.01545,0.016727
-0.43764,2.314032,9.477067,-0.02858,-0.01439,0.013532
-0.48315,2.299659,9.556118,-0.02219,-0.02397,0.005010
-0.44722,2.290077,9.678287,-0.01367,-0.01545,0.009271
-0.43524,2.292472,9.644751,0.000176,-0.00373,0.006075
-0.44722,2.294868,9.635169,0.016155,0.007979,0.002879
-0.46399,2.282890,9.663914,0.044917,-0.00586,-0.00564
-0.43524,2.275704,9.740570,0.055570,-0.00586,-0.00883
-0.44243,2.275704,9.728592,0.057700,0.015436,0.002879
-0.45680,2.282890,9.623191,0.063026,0.043133,0.013532
-0.45440,2.294868,9.616004,0.061961,0.044198,0.011401
-0.45440,2.294868,9.572886,0.047048,0.018632,0.006075
-0.46638,2.294868,9.522582,0.018285,-0.00267,0.001814
-0.48315,2.302054,9.484253,0.000176,-0.00586,0.002879
-0.47836,2.302054,9.460299,-0.02645,-0.01119,0.002879
-0.45680,2.316427,9.414785,-0.03178,-0.01545,-0.00031
-0.44003,2.335591,9.335734,-0.03284,-0.01971,-0.00031
-0.44482,2.361941,9.254287,-0.04776,-0.02184,-0.00670
-0.49034,2.407455,9.110559,-0.05841,-0.01439,-0.01096
-0.49034,2.397873,9.045881,-0.05415,-0.01012,-0.01522
-0.48555,2.397873,9.060254,-0.03178,0.000522,-0.00883
-0.43524,2.337986,9.184819,-0.02112,0.004783,-0.00244
-0.43764,2.328404,9.268660,-0.01367,0.014371,-0.00244
-0.40170,2.290077,9.321361,-0.00728,0.032480,-0.00564
-0.39691,2.297263,9.359688,-0.00941,0.051655,-0.01416
-0.38973,2.275704,9.469881,-0.03071,0.044198,-0.01842
-0.41368,2.261331,9.551327,-0.04456,0.033545,-0.02162
-0.48075,2.251749,9.551327,-0.07652,0.012240,-0.02481
-0.48075,2.246958,9.512999,-0.08717,-0.00480,-0.00670
-0.45920,2.270913,9.407598,-0.08610,-0.01119,0.008205
-0.53106,2.316427,9.256683,-0.07971,-0.02291,0.028445
-0.62688,2.361941,9.139305,-0.07013,-0.02397,0.034837
-0.65562,2.359546,9.124932,-0.06267,-0.02610,0.036967
-0.75144,2.321218,9.223147,-0.04243,-0.03037,0.043359
-0.81373,2.230190,9.409994,-0.00941,-0.02397,0.058273
-0.78258,2.187071,9.496231,0.004437,-0.02717,0.062534
-0.61490,2.081670,9.594446,0.028938,-0.03143,0.057207
-0.48555,2.005015,9.687870,0.041721,-0.03037,0.035902
-0.45920,1.983455,9.726197,0.043852,-0.03037,0.026315
-0.43045,1.988246,9.812434,0.065157,-0.00906,0.008205
-0.38733,2.048133,9.826807,0.076875,0.005848,0.000749
-0.34421,2.108020,9.810039,0.081136,0.014371,-0.01736
-0.24839,2.232585,9.783688,0.085397,0.023958,-0.04292
-0.22204,2.326009,9.709428,0.086462,0.028219,-0.05251
-0.22444,2.342777,9.709428,0.082201,0.026088,-0.06210
-0.24360,2.337986,9.671101,0.076875,0.023958,-0.05570
-0.25079,2.333195,9.599237,0.073679,0.030350,-0.04718
-0.22204,2.292472,9.503417,0.059831,0.039937,-0.04505
-0.27235,2.285286,9.441135,0.031069,0.022893,-0.04612
-0.32744,2.287681,9.400412,0.015090,0.009044,-0.05144
-0.46399,2.282890,9.333338,-0.00834,0.002653,-0.05464
-0.52387,2.268517,9.295011,-0.02219,0.014371,-0.03546
-0.54064,2.294868,9.273451,-0.02858,0.013305,-0.02268
-0.56220,2.347568,9.139305,-0.03710,0.002653,-0.00457
-0.56460,2.326009,9.100977,-0.03284,-0.00906,0.003944
-0.57897,2.309241,9.129723,-0.02752,-0.01119,0.008205
-0.63886,2.268517,9.223147,-0.01367,-0.01226,0.026315
-0.69874,2.215817,9.266265,-0.00834,-0.00906,0.042294
-0.69395,2.194257,9.299801,-0.00728,-0.00480,0.039098
-0.64125,2.167907,9.395621,0.004437,0.000522,0.033772
-0.60532,2.175094,9.524977,0.025742,-0.00906,0.033772
-0.60771,2.187071,9.565700,0.038525,-0.01545,0.041229
-0.61969,2.263726,9.572886,0.041721,0.003718,0.040163
-0.54064,2.323613,9.544140,0.034264,0.026088,0.031641
-0.51190,2.347568,9.575282,0.026808,0.028219,0.026315
-0.51190,2.371523,9.601632,0.017220,0.016501,0.020989
-0.52387,2.376314,9.620796,-0.00195,0.002653,0.005010
-0.52387,2.342777,9.604027,-0.01686,0.003718,-0.01416
-0.45201,2.318822,9.505813,-0.02325,0.004783,-0.01736
-0.36098,2.311636,9.402808,-0.02965,0.007979,-0.00883
-0.33223,2.323613,9.342921,-0.02858,0.003718,-0.00351
-0.34661,2.345173,9.235124,-0.02645,0.001587,-0.00777
-0.33942,2.340382,9.196796,-0.02858,-0.00373,-0.01842
-0.32026,2.333195,9.220751,-0.03710,-0.01226,-0.01522
-0.34421,2.302054,9.285429,-0.03604,-0.01119,-0.01416
-0.38733,2.282890,9.304593,-0.02219,-0.00054,-0.01629
-0.47117,2.280495,9.369271,-0.00728,0.014371,-0.01842
-0.43284,2.268517,9.388435,-0.00621,0.018632,-0.02055
-0.39691,2.290077,9.441135,0.000176,0.032480,-0.02907
-0.45201,2.323613,9.405202,0.008698,0.038872,-0.03333
-0.47357,2.328404,9.472276,0.009763,0.039937,-0.02801
-0.46638,2.328404,9.539350,0.008698,0.033545,-0.01203
-0.43284,2.292472,9.623191,0.010829,0.023958,-0.00990
-0.42326,2.246958,9.577677,0.015090,0.021827,-0.01203
-0.40889,2.237376,9.558513,0.032134,0.022893,-0.01629
-0.41847,2.199048,9.572886,0.039591,0.023958,-0.01416
-0.50710,2.201444,9.527372,0.035330,0.017566,-0.01309
-0.55262,2.218212,9.505813,0.042786,0.053785,-0.01842
-0.54304,2.234981,9.512999,0.054504,0.071895,-0.01629
-0.49513,2.244563,9.563304,0.059831,0.080417,-0.01096
-0.48075,2.242167,9.589654,0.038525,0.064438,-0.01736
-0.49034,2.256540,9.570491,0.021481,0.048459,-0.03120
-0.49992,2.263726,9.536954,0.011894,0.043133,-0.06103
-0.45201,2.275704,9.479463,0.017220,0.056981,-0.06742
-0.43524,2.266122,9.529767,0.025742,0.066568,-0.04186
-0.54064,2.357150,9.342921,0.036395,0.068699,-0.02588
-0.51669,2.436201,9.230333,0.068353,0.053785,-0.00990
-0.47836,2.393082,9.424366,0.097115,0.035676,-0.02588
-0.49992,2.352359,9.520186,0.102441,0.041002,-0.03014
-0.65323,2.254145,9.599237,0.074744,0.064438,-0.02801
-0.74426,2.227794,9.668705,0.031069,0.055916,-0.03760
-0.72988,2.218212,9.711824,0.032134,0.050590,-0.04079
-0.58136,2.223003,9.747756,0.061961,0.055916,-0.02801
-0.59095,2.294868,9.608819,0.068353,0.069764,0.006075
-0.67239,2.345173,9.472276,0.057700,0.058046,0.022054
-0.77779,2.402664,9.218356,0.034264,0.012240,0.031641
-0.80414,2.371523,9.362084,0.048113,-0.01119,0.020989
-0.85445,2.316427,9.477067,0.056635,-0.01652,0.020989
-0.95506,2.244563,9.438739,0.052374,-0.02930,0.040163
-1.02213,2.242167,9.165655,0.022546,-0.05913,0.039098
-0.98620,2.251749,9.100977,-0.00941,-0.09215,0.023119
-0.82091,2.290077,9.220751,-0.01899,-0.09322,0.006075
