rotation
-0.63886,2.632630,9.235124,0.049178,-0.01226,0.017793
-0.65802,2.647003,9.220751,0.023612,-0.02184,0.013532
-0.66521,2.647003,9.259078,0.010829,-0.03143,0.008205
-0.65562,2.649399,9.321361,0.011894,-0.04634,0.001814
-0.66042,2.632630,9.388435,0.045982,-0.06339,0.006075
-0.61730,2.644608,9.369271,0.060896,-0.05913,0.010336
-0.58136,2.649399,9.299801,0.066222,-0.05167,0.015662
-0.52387,2.656585,9.160864,0.036395,-0.01545,0.016727
-0.50471,2.654190,9.146492,0.012959,-0.02184,0.008205
-0.52866,2.663771,9.160864,-0.01154,-0.02823,0.003944
-0.55501,2.661376,9.213564,-0.01899,-0.03037,0.003944
-0.57657,2.670958,9.268660,-0.02112,-0.03037,0.007140
-0.58616,2.673353,9.306988,-0.02006,-0.02397,0.011401
-0.58136,2.675749,9.330943,-0.01473,-0.01865,0.014597
-0.56220,2.668562,9.398016,-0.00301,-0.01971,0.013532
-0.55981,2.654190,9.393225,-0.00088,-0.00906,0.013532
-0.56460,2.651794,9.357294,-0.01367,0.038872,0.017793
-0.63646,2.682935,9.295011,-0.02752,0.094265,0.042294
-0.70353,2.697308,9.328548,-0.02752,0.105983,0.055077
-0.68916,2.704494,9.357294,-0.04562,0.144333,0.062534
-0.66760,2.711681,9.441135,-0.05095,0.230619,0.073186
-0.67000,2.630235,9.302197,-0.06906,0.279621,0.082774
-0.71312,2.666167,9.235124,-0.10102,0.390409,0.125384
-0.72509,2.620653,9.211169,-0.12126,0.462847,0.145624
-0.66760,2.543998,9.237520,-0.13191,0.459651,0.147755
-0.77061,2.551184,9.251893,-0.14896,0.387213,0.152016
-0.86164,2.551184,9.326152,-0.14150,0.271099,0.128580
-0.85445,2.457760,9.386039,-0.13404,0.210379,0.103014
-0.89038,2.431410,9.359688,-0.13830,0.085743,0.049751
-1.03651,2.448178,9.326152,-0.14150,-0.01439,0.017793
-1.08681,2.462551,9.383644,-0.13617,-0.05487,0.011401
-1.06286,2.455365,9.443531,-0.09676,-0.11026,0.017793
-0.98620,2.390687,9.594446,-0.03604,-0.14328,0.002879
-0.85205,2.302054,9.611214,-0.01047,-0.11985,-0.00990
-0.83049,2.297263,9.479463,-0.00088,-0.07511,-0.03120
-0.87601,2.366732,9.400412,-0.02112,-0.06126,-0.03014
-0.87122,2.405060,9.359688,-0.03391,-0.05700,-0.03227
-0.84008,2.400269,9.366875,-0.05628,-0.04421,-0.04079
-0.82331,2.402664,9.316570,-0.08717,-0.05913,-0.04292
-0.91673,2.412246,9.383644,-0.09569,-0.06658,-0.03866
-0.93110,2.395478,9.383644,-0.08930,-0.07511,-0.03973
-0.89278,2.330800,9.445926,-0.05521,-0.09215,-0.04292
-0.85445,2.292472,9.517790,-0.03710,-0.10387,-0.04825
-0.83768,2.268517,9.536954,0.000176,-0.11239,-0.05464
-0.80175,2.266122,9.484253,0.016155,-0.09854,-0.05357
-0.79456,2.309241,9.388435,0.012959,-0.08682,-0.05038
-0.79696,2.326009,9.333338,-0.01154,-0.05167,-0.03973
-0.79456,2.326009,9.292615,-0.03923,-0.02610,-0.02481
-0.77300,2.297263,9.316570,-0.05841,-0.03143,-0.01522
-0.74426,2.287681,9.364480,-0.05415,-0.03676,-0.01309
-0.69156,2.244563,9.460299,-0.01580,-0.03463,-0.01416
-0.69156,2.220608,9.369271,0.033199,-0.04315,-0.03546
-0.75863,2.254145,9.546536,0.040656,-0.07298,-0.03333
-0.84966,2.345173,9.469881,0.004437,-0.10706,-0.02055
-0.84487,2.385896,9.402808,-0.03178,-0.06019,0.002879
-0.82810,2.376314,9.467485,-0.03604,-0.03889,0.012466
-0.82331,2.337986,9.572886,0.015090,-0.02504,0.000749
-0.73947,2.199048,9.833993,0.103506,0.021827,0.007140
-0.82091,2.335591,9.548932,0.109898,-0.00586,0.012466
-0.81133,2.340382,9.467485,0.065157,-0.03463,0.014597
-0.78019,2.359546,9.220751,0.004437,-0.02717,0.025250
-0.77300,2.337986,9.203983,-0.02432,-0.02610,0.024184
-0.71551,2.304450,9.309384,-0.02112,-0.01332,0.020989
-0.67479,2.316427,9.309384,-0.01473,-0.00906,0.017793
-0.67000,2.326009,9.366875,-0.00514,-0.02504,0.012466
-0.70593,2.342777,9.462695,0.010829,-0.04634,0.010336
-0.71312,2.357150,9.493836,0.045982,-0.04528,-0.00138
-0.64365,2.328404,9.383644,0.056635,-0.01226,-0.00990
-0.63407,2.333195,9.352502,0.052374,-0.00693,-0.01203
-0.63886,2.349964,9.302197,0.020416,0.039937,-0.00990
-0.73947,2.412246,9.211169,-0.01793,0.088939,-0.00031
-0.77061,2.400269,9.326152,-0.02112,0.111310,0.008205
-0.74905,2.417037,9.414785,0.009763,0.133680,0.012466
-0.72509,2.383500,9.529767,0.019351,0.107048,0.041229
-0.85445,2.443387,9.316570,-0.01047,0.100657,0.057207
-0.80654,2.388291,9.242310,-0.10208,0.074025,0.077447
-0.80414,2.409851,9.151282,-0.18304,0.037806,0.072121
-0.87601,2.373919,9.225542,-0.22246,0.014371,0.065730
-0.91194,2.354755,9.203983,-0.30235,-0.01439,0.069991
-1.02692,2.323613,9.237520,-0.38225,-0.05061,0.187170
-1.01255,2.306845,9.366875,-0.41421,-0.08150,0.244694
-0.92392,2.292472,9.553723,-0.41847,-0.18802,0.296892
-0.82331,2.072088,9.927417,-0.25122,-0.10280,0.154146
-0.42326,1.679230,10.00646,-0.14896,-0.14328,0.034837
-0.48315,1.684020,10.03521,-0.12339,-0.58963,-0.03866
-1.74557,0.697083,10.04000,-0.24483,-1.11054,-0.09832
1.210448,1.624134,9.512999,-0.35562,-0.85594,-0.16543
0.451081,1.885241,8.159554,-0.63898,-0.30201,-0.10258
0.168415,1.660066,8.420661,-0.72313,-0.13689,-0.05677
0.187579,1.710371,9.124932,-0.59104,0.054851,0.055077
0.132483,1.703184,10.07833,-0.18837,0.366973,0.101949
-0.14778,1.846913,10.48556,-0.01473,0.385082,0.116862
-0.38733,1.789422,10.53107,0.189793,0.221032,0.111536
-0.24360,1.686416,10.09749,0.139725,0.119832,0.014597
0.048641,1.478009,9.199192,-0.10634,0.061242,-0.20058
-0.06155,1.238461,8.897361,-0.18730,0.065503,-0.28900
-0.74665,1.157015,9.079418,-0.12978,-0.09428,-0.38913
-1.19221,1.475614,10.15738,0.138660,-0.33716,-0.49140
-0.55741,1.731930,10.38495,0.222816,-0.56726,-0.55531
-0.20767,1.590597,10.05916,0.230273,-0.75794,-0.62775
0.156437,1.406145,9.407598,0.092854,-0.86660,-0.69699
0.580437,1.336676,8.066130,-0.60489,-0.99336,-0.75558
1.222425,1.209716,6.463555,-1.43792,-1.10735,-0.35611
1.215239,0.871953,7.222922,-1.68507,-1.49830,0.079578
0.443895,1.240857,8.087689,-1.51036,-1.28525,0.621797
-0.89517,3.744132,11.10599,-0.66561,-1.96914,0.699561
-0.90715,3.018302,12.70856,-0.13724,-2.70418,0.668669
1.694334,1.070778,14.07159,0.300580,-2.50071,0.416201
4.348525,0.493468,8.753633,0.206837,-2.09591,0.405549
1.323035,0.819253,11.74319,0.527481,-2.41336,0.639907
0.657092,0.759366,12.09292,0.936543,-3.16970,0.910484
2.218944,0.028745,12.52651,1.552265,-4.15933,0.796500
2.721995,-0.03353,12.39715,1.881431,-4.97212,0.700627
2.935192,0.143728,12.12407,2.408737,-6.60517,0.181843
4.889903,0.522213,10.47598,2.673988,-7.68854,-0.39552
4.398830,1.458846,7.769091,2.648421,-8.06352,-0.52549
3.922130,1.801399,6.516256,2.493958,-8.51945,-0.52655
4.180841,2.115207,4.925658,2.410868,-8.73463,-0.56810
5.761857,2.287681,4.168687,2.455609,-8.79748,-0.67675
6.300840,2.357150,3.941116,2.766666,-9.17778,-0.98675
6.389472,2.234981,3.790201,3.045765,-9.44516,-1.12523
5.129451,2.043342,3.052393,3.748839,-10.2622,-1.33083
3.922130,1.784631,2.470292,4.617028,-11.7216,-1.44481
1.025996,0.862371,1.485751,5.177357,-12.5866,-1.41818
-1.47967,0.277875,0.769503,6.499349,-14.1206,-0.99633
-6.61797,-1.70797,-0.71090,8.022676,-14.8183,-0.09405
-10.7190,-5.45929,-3.92803,8.528676,-13.1970,0.910484
-9.03261,-8.16139,-12.5924,7.485783,-11.4031,1.019140
-5.42023,-8.63570,-19.5034,4.683075,-5.39929,0.564273
1.641634,-3.68903,-23.2834,2.198880,-0.77498,-0.40724
4.164073,-1.62173,-20.5742,1.259317,0.266838,-0.95798
2.942379,-1.88763,-18.0182,0.125877,0.617310,-1.43948
-2.50733,-3.07339,-12.6811,-0.02965,0.395735,-1.00805
-5.04893,-4.19448,-8.76450,0.130138,0.267903,-0.71191
-4.83094,-4.37653,-8.12011,0.354909,0.183747,-0.44240
-3.15171,-3.95733,-10.4365,-0.13085,0.885756,-0.56703
-1.96356,-3.06142,-14.5423,-0.63578,1.639963,-0.69380
-1.53956,-2.68772,-15.8575,-1.83101,3.659703,-1.05812
-0.45201,-2.51764,-16.7246,-2.95060,5.806209,-1.43948
-0.65562,-3.19077,-16.0275,-3.37777,6.655224,-1.52896
-1.15149,-3.53572,-15.2945,-3.93384,7.450976,-1.51405
-0.77779,-3.41595,-13.4308,-4.26087,7.425409,-1.59288
1.536233,-2.92248,-12.2834,-4.39936,7.473346,-1.67597
2.381837,-2.71647,-11.7660,-4.54743,8.090134,-1.84854
3.967644,-2.19665,-10.0963,-4.47286,9.077633,-2.13403
4.609632,-1.77025,-9.23161,-4.42279,9.585763,-2.30980
5.745089,-0.75697,-8.42434,-4.45688,10.61054,-2.69756
5.881631,-0.19642,-8.52255,-4.71468,11.40629,-2.89783
3.764028,0.270688,-7.21702,-4.84570,11.56289,-2.89463
3.019034,0.749784,-5.88034,-5.02786,11.56289,-2.86800
2.111148,1.101919,-3.30041,-5.16315,11.38712,-2.69223
-0.23642,1.226484,-0.98638,-5.25050,10.97273,-2.11912
-2.67022,1.248044,1.658225,-5.21641,10.73411,-1.78463
-3.36012,1.422914,2.985320,-5.08219,10.50295,-1.16358
-4.28717,1.547478,4.329184,-5.03638,10.57219,-0.88874
-4.86208,1.269603,4.748393,-5.02573,10.80549,-0.34652
-6.38800,0.579705,5.852708,-4.94264,10.52213,0.052946
-7.20486,-0.39285,8.260164,-4.73492,9.794555,0.078513
-6.74014,-1.18097,11.60904,-3.86033,6.983325,-0.18567
-5.93047,-1.38219,13.26192,-1.67548,2.455955,-0.98248
-5.08726,-1.66006,14.73514,-0.63152,0.685487,-0.93881
-7.22403,-1.29355,12.75168,-0.38651,-0.02078,-0.44453
-8.26606,-0.96537,11.09401,-0.50369,-0.08469,-0.23467
-8.49603,-0.30662,8.272142,-0.87120,-0.18909,-0.05890
-7.69354,-0.13414,7.637340,-1.01075,-0.93264,-0.15051
-6.91022,-0.07665,7.709204,-0.61021,-2.16515,-0.36570
-6.25865,-0.29943,8.315260,-0.20648,-2.83520,-0.42429
-5.56875,-1.11629,10.53107,0.667031,-4.63763,-0.31243
-5.36753,-1.90919,13.46074,1.618311,-6.85125,-0.23467
-5.94005,-2.03855,14.03326,2.153074,-7.99641,-0.29006
-6.61558,-2.04813,14.31114,3.394106,-10.3154,-0.63308
-5.25255,-2.33798,14.83096,4.619159,-12.9381,-1.08049
-4.42132,-2.40266,15.39869,5.180553,-14.0907,-1.27437
-3.49427,-2.82906,16.00953,6.159530,-15.8324,-1.46505
-3.92306,-2.51285,14.92199,6.658073,-16.4364,-1.17636
-4.27280,-2.22539,14.07399,6.969130,-16.4056,-0.47329
-5.82746,-1.82775,9.764525,7.144899,-16.0615,-0.07488
-6.80003,-1.34625,4.983150,7.421867,-14.5019,0.612210
-7.20247,-1.03484,2.788891,7.413345,-13.6593,0.922202
-7.06832,-0.76894,-1.04626,7.147029,-11.9219,1.491052
-6.13169,-1.40135,-5.19284,6.289492,-10.9866,1.931006
-5.47533,-2.01459,-6.83853,5.952869,-10.5743,2.108905
-4.69201,-2.97758,-10.0365,5.023959,-9.40042,2.237802
-4.74231,-3.87109,-12.2666,3.449500,-7.33594,1.866025
-4.35185,-3.78485,-12.7745,2.652682,-5.93299,1.536859
-2.12166,-3.23389,-16.6336,1.436151,-3.01843,0.605818
0.937363,-3.07100,-18.8063,0.789536,-0.84849,-0.22508
2.441724,-3.19556,-18.2625,0.618029,-0.10919,-0.49140
3.692163,-4.06512,-15.7616,0.357039,0.844211,-0.70019
1.955442,-4.22801,-13.1697,0.162096,1.152072,-0.62349
0.903827,-4.17771,-12.4846,0.001241,1.182965,-0.58514
-1.06046,-4.35258,-12.0774,-0.50688,1.411996,-0.56810
-1.65693,-4.29748,-12.4343,-1.18226,2.511348,-0.74493
-1.69766,-4.04117,-12.9661,-1.52315,3.406170,-0.92176
-1.05327,-3.43272,-13.8668,-2.10478,5.294882,-1.32443
0.635533,-3.10214,-14.1279,-2.55006,6.509283,-1.61206
1.399691,-3.11172,-14.0561,-2.73115,6.753228,-1.70580
2.159057,-3.38002,-13.9075,-3.01238,6.979064,-1.90607
2.293204,-3.44709,-13.4548,-3.25633,7.438192,-2.21393
2.880096,-3.37043,-13.0452,-3.38629,7.870689,-2.42059
4.595259,-3.00632,-12.2978,-3.68989,9.026500,-2.90422
6.360727,-2.28049,-11.7588,-4.02545,10.11093,-3.34524
6.926060,-1.85649,-11.5264,-4.20335,10.58498,-3.41235
7.172794,-1.20013,-11.0138,-4.42918,12.01456,-3.32393
5.946309,-0.42400,-10.1131,-4.77540,12.61643,-3.21315
5.330671,-0.20601,-9.63885,-4.94797,12.65798,-3.20782
2.772300,0.263502,-7.73684,-5.12587,12.16370,-3.01075
1.735058,-0.14372,-5.04432,-4.90216,11.14317,-2.53138
0.721770,0.038327,-3.40581,-4.65395,10.44756,-2.20754
-1.34552,0.656360,0.561096,-4.09469,8.484281,-1.50872
-2.34923,1.054010,4.425003,-3.32557,6.787316,-0.77156
-2.83072,1.425309,5.826358,-2.29546,5.644289,-0.17395
-3.36012,2.261331,8.226628,-1.73087,5.171312,0.008205
-3.30263,2.395478,9.582468,-0.55482,4.523632,0.059338
-3.07266,1.995433,9.920230,-0.14150,2.855429,-0.42003
-2.44984,1.487591,10.34902,-0.60489,0.945411,-0.72043
-1.38385,1.236066,10.61491,-0.73592,-0.19122,-0.65651
-0.88080,0.867162,10.87842,-0.76574,-0.59282,-0.52975
-1.25689,1.370213,10.15977,-0.83712,-0.72066,-0.52442
-2.78041,1.590597,8.643441,-0.93086,-0.33610,-0.62243
-2.39953,1.101919,9.156073,-1.07680,0.498000,-0.82376
-2.30132,1.106710,9.000367,-1.16841,0.855929,-0.90792
-1.51081,1.168993,8.875802,-1.16948,1.165920,-0.98888
-1.34313,1.008496,8.753633,-0.87653,0.803731,-0.91218
-1.57070,0.795298,9.180027,-0.63152,0.440476,-0.79926
-2.32048,0.483886,10.22924,-0.04030,-0.20507,-0.47435
-3.21639,0.812066,11.68090,0.265427,-0.43836,-0.34652
-3.72184,0.941422,12.07137,0.705380,-0.74942,-0.20058
-3.68111,0.888722,12.41631,0.762905,-0.93797,-0.10577
-2.93372,0.347344,11.50364,0.605246,-0.88364,-0.00244
-2.73011,0.119773,10.67959,0.483806,-0.75901,0.035902
-2.51931,0.143728,9.484253,0.293123,-0.39362,0.100883
-2.22945,0.445558,8.983598,0.218555,-0.11878,0.145624
-2.04500,0.598869,9.009949,0.217490,-0.08789,0.169060
-1.79827,0.742598,9.448322,0.240925,-0.15287,0.219128
-1.76473,0.788112,9.766920,0.215359,-0.23277,0.229780
-1.80785,0.816857,9.805248,0.169553,-0.23383,0.219128
-1.71922,0.907886,9.656728,0.044917,-0.18483,0.170125
-1.46769,1.010891,9.215960,-0.03178,-0.04634,0.108340
-1.31678,1.030055,8.993181,-0.03604,0.066568,0.094492
-1.13232,1.073173,8.954853,0.001241,0.207183,0.088100
-1.06525,1.073173,9.287824,0.041721,0.150724,0.082774
-1.09639,0.986936,9.409994,0.063026,0.071895,0.065730
-1.21377,0.955795,9.527372,0.052374,-0.19548,0.010336
-1.19221,1.058801,9.508209,-0.00834,-0.35847,0.019923
-1.07962,1.049219,9.544140,-0.02645,-0.33716,0.019923
-1.33834,1.185761,9.285429,-0.01899,-0.21572,0.033772
-1.20898,1.111501,9.352502,0.092854,-0.10706,0.049751
-1.16347,1.077965,9.477067,0.137595,-0.09322,0.048685
-1.16586,1.075569,10.02323,0.168488,-0.15607,0.062534
-1.05567,1.025264,10.27715,0.083266,-0.25940,0.121123
-1.01255,1.001309,10.15259,0.025742,-0.30733,0.145624
-1.28084,1.123479,9.805248,-0.05415,-0.32651,0.179713
-1.27605,1.147433,9.314174,-0.07545,-0.25514,0.192496
-1.22814,1.164202,9.314174,-0.06267,-0.19868,0.189300
-1.04369,1.149829,9.421971,-0.02112,-0.08150,0.163734
-0.82091,1.075569,9.556118,-0.01154,0.009044,0.121123
-0.72509,1.058801,9.592050,-0.02006,0.044198,0.100883
-0.59813,1.068383,9.520186,-0.05308,0.055916,0.058273
-0.57178,1.130665,9.354898,-0.07226,0.020762,0.022054
-0.56939,1.145038,9.297407,-0.06693,0.010110,0.007140
-0.61251,1.140247,9.292615,-0.06586,-0.01652,-0.02801
-0.67479,1.147433,9.477067,-0.08078,-0.00267,-0.05890
-0.68916,1.135456,9.529767,-0.06373,0.035676,-0.06423
-0.66042,1.061196,9.508209,-0.03497,0.112375,-0.07381
-0.77300,1.056405,9.738174,-0.07332,0.111310,-0.08553
-0.79935,1.018078,9.841180,-0.09676,0.100657,-0.08447
-0.82810,0.955795,9.709428,-0.12339,0.068699,-0.06529
-0.94548,0.991727,9.594446,-0.08504,0.010110,-0.05251
-1.03651,0.972563,9.587259,-0.04989,-0.03037,-0.04931
-1.09879,0.900699,9.805248,0.007633,-0.09641,-0.04399
-1.09879,0.852790,10.00167,0.045982,-0.05380,-0.01842
-1.09160,0.824044,10.00407,0.038525,0.021827,0.010336
-1.15628,0.831230,9.865135,0.015090,0.036741,0.017793
-1.13712,0.814462,9.733384,-0.01260,0.035676,0.013532
-1.10837,0.819253,9.596841,-0.01260,0.002653,-0.01309
-1.04130,0.900699,9.409994,-0.01047,-0.01226,-0.03333
-0.95027,0.929445,9.457903,-0.02538,-0.03782,-0.06316
-0.86643,0.951004,9.455508,-0.06693,-0.03676,-0.07168
-0.84966,0.943818,9.412389,-0.08610,-0.02397,-0.06849
-0.91673,0.881535,9.302197,-0.11167,-0.01439,-0.06103
-0.95745,0.840812,9.283034,-0.10315,-0.02184,-0.05677
-0.97183,0.852790,9.314174,-0.08397,-0.02823,-0.05038
-0.99818,0.802484,9.450716,-0.06480,-0.06978,-0.03653
-1.05567,0.824044,9.687870,-0.08291,-0.09002,-0.04079
-1.08442,0.828835,9.704638,-0.13511,-0.06658,-0.05038
-0.99578,0.831230,9.560909,-0.14576,-0.02184,-0.03760
-0.94308,0.790507,9.484253,-0.14043,-0.03782,-0.01949
-1.00057,0.790507,9.589654,-0.13617,-0.06445,-0.01736
-1.10118,0.754575,9.742965,-0.10741,-0.10387,-0.00990
-1.02932,0.699479,9.788479,-0.04882,-0.06126,-0.00457
-1.00057,0.704270,9.810039,-0.00514,-0.00799,-0.00883
-0.93350,0.653965,9.968140,0.004437,0.003718,-0.00883
-0.83529,0.639592,10.03761,0.002306,0.001587,0.000749
-0.80654,0.625219,9.920230,0.000176,0.002653,0.008205
-0.85684,0.649174,9.814829,-0.00621,0.006914,0.023119
-0.88319,0.663547,9.714220,-0.01367,0.007979,0.023119
-0.87840,0.653965,9.685474,-0.01686,0.033545,0.017793
-0.84487,0.603660,9.639960,-0.01367,0.046328,0.012466
-0.79935,0.598869,9.656728,-0.00834,0.039937,0.026315
-0.78258,0.598869,9.709428,-0.00408,0.037806,0.034837
-0.85924,0.634801,9.726197,0.000176,0.053785,0.038033
-0.94308,0.677920,9.733384,0.010829,0.094265,0.038033
-0.93590,0.694688,9.709428,0.011894,0.107048,0.041229
-0.89517,0.692292,9.730988,0.000176,0.107048,0.039098
-0.94787,0.673129,9.707033,0.005502,0.090004,0.036967
-0.93829,0.646778,9.635169,0.030003,0.035676,0.038033
-0.96943,0.653965,9.589654,0.045982,-0.00799,0.043359
-1.00057,0.632405,9.711824,0.041721,-0.01652,0.050816
-1.00536,0.639592,9.687870,0.039591,-0.00693,0.052946
-1.01734,0.651569,9.592050,0.034264,0.005848,0.052946
-0.99339,0.663547,9.563304,0.019351,0.000522,0.047620
-0.97901,0.670733,9.584864,0.015090,-0.00373,0.039098
-0.95506,0.692292,9.553723,0.018285,0.002653,0.019923
-0.93350,0.697083,9.558513,0.024677,0.011175,0.018858
-0.87361,0.697083,9.639960,0.023612,0.014371,0.026315
-0.87122,0.682711,9.692660,0.020416,0.020762,0.035902
-0.96464,0.675524,9.656728,0.017220,0.019697,0.035902
-0.98380,0.677920,9.642355,0.010829,0.014371,0.032706
-0.93590,0.697083,9.642355,0.010829,0.007979,0.032706
-0.94308,0.706665,9.649541,0.016155,0.003718,0.028445
-0.95985,0.718643,9.639960,0.025742,0.010110,0.023119
-0.97183,0.718643,9.663914,0.027873,0.010110,0.019923
-0.92631,0.706665,9.721406,0.036395,0.007979,0.016727
-0.92871,0.709061,9.709428,0.043852,0.006914,0.023119
-0.93590,0.711456,9.702242,0.039591,0.000522,0.024184
-0.99099,0.704270,9.723801,0.043852,0.010110,0.026315
-1.00776,0.706665,9.635169,0.049178,0.014371,0.023119
-0.99578,0.706665,9.625587,0.044917,0.010110,0.020989
-0.98141,0.711456,9.671101,0.037460,0.005848,0.016727
-0.97662,0.725829,9.606423,0.026808,-0.00054,0.008205
-0.99818,0.737807,9.568096,0.021481,-0.00267,0.006075
-1.00776,0.747388,9.563304,0.010829,0.001587,0.014597
-0.99818,0.766552,9.580073,0.011894,0.000522,0.030576
-1.01016,0.761761,9.577677,0.011894,-0.00267,0.035902
-1.05327,0.728225,9.582468,0.012959,-0.00054,0.040163
-1.07483,0.725829,9.594446,0.014024,0.003718,0.036967
-1.06525,0.735411,9.625587,0.010829,-0.00054,0.032706
-1.03411,0.742598,9.601632,0.007633,-0.00267,0.028445
-1.00536,0.783321,9.618400,0.009763,-0.00480,0.022054
-0.95985,0.812066,9.577677,0.031069,-0.00480,0.015662
-0.94548,0.797694,9.558513,0.076875,0.043133,0.012466
-0.92871,0.771343,9.675892,0.108833,0.077221,0.009271
-0.96943,0.776134,9.759734,0.140791,0.062307,0.008205
-0.88559,0.759366,9.958559,0.126942,-0.00054,0.029511
-0.86643,0.723434,9.920230,0.108833,-0.01332,0.035902
-1.00297,0.828835,9.740570,0.080071,0.004783,0.028445
-1.04609,0.895908,9.577677,0.063026,0.028219,0.014597
-0.98860,0.948609,9.584864,0.065157,0.028219,0.011401
-0.87122,0.941422,9.673497,0.102441,0.026088,0.014597
-0.89278,0.886326,9.721406,0.124812,0.011175,0.024184
-0.92631,0.879140,9.795666,0.120551,0.003718,0.030576
-0.95266,0.869558,9.829202,0.097115,-0.00586,0.029511
-1.01974,0.881535,9.594446,0.076875,-0.00267,0.018858
-1.01016,0.895908,9.501022,0.063026,-0.00267,0.011401
-0.97183,0.970168,9.445926,0.040656,-0.00160,0.010336
-0.94548,0.967773,9.405202,0.044917,0.009044,0.015662
-0.97901,0.996518,9.393225,0.045982,0.006914,0.017793
-1.05806,1.020473,9.479463,0.027873,-0.00373,0.019923
-1.06286,0.996518,9.493836,0.008698,-0.00799,0.015662
-1.05806,0.986936,9.453112,0.000176,-0.01226,0.017793
-1.02213,0.989332,9.395621,-0.01367,-0.01652,0.023119
-1.04369,0.998914,9.412389,-0.03071,-0.01545,0.027380
-1.05567,1.006100,9.436344,-0.03391,-0.00906,0.025250
-1.06046,1.018078,9.484253,-0.02432,0.002653,0.017793
-1.00057,0.989332,9.546536,-0.00621,0.006914,0.011401
-0.97662,0.989332,9.637564,0.002306,0.002653,0.014597
-0.95985,1.010891,9.752547,0.003372,-0.00693,0.019923
-1.01734,1.018078,9.762129,0.004437,-0.00054,0.027380
-1.02453,1.001309,9.745361,0.012959,0.010110,0.027380
-1.00297,0.984541,9.666310,0.023612,0.010110,0.025250
-0.95506,0.989332,9.730988,0.016155,-0.01012,0.011401
-0.95027,1.018078,9.742965,0.011894,-0.01012,0.006075
-0.89757,1.032450,9.632773,0.008698,-0.00267,0.001814
-0.88319,1.058801,9.601632,0.016155,-0.00480,-0.00564
-0.89757,1.061196,9.606423,0.027873,-0.00054,-0.00777
-0.89517,1.039637,9.611214,0.035330,0.010110,-0.00670
-0.90715,1.003705,9.716615,0.012959,0.002653,-0.00883
-0.92631,0.998914,9.707033,0.011894,0.003718,-0.01309
-0.93829,0.996518,9.548932,0.016155,-0.00267,-0.01842
-0.96225,1.042032,9.534559,0.018285,-0.01545,-0.03014
-0.94069,1.032450,9.613610,0.019351,-0.01865,-0.02801
-0.91913,1.022868,9.625587,0.018285,-0.01439,-0.01416
-0.99818,1.008496,9.589654,0.006568,-0.01012,-0.00138
-1.02213,0.984541,9.592050,0.004437,-0.00906,0.000749
-1.04609,0.982145,9.544140,-0.00088,-0.01545,-0.00244
-1.05567,1.037241,9.524977,-0.01047,-0.02717,-0.00244
-1.02692,1.056405,9.565700,-0.01047,-0.02184,-0.00351
-1.05327,1.092337,9.560909,0.000176,0.003718,-0.00990
-1.01974,1.051614,9.608819,0.003372,0.015436,-0.01522
-0.99818,1.022868,9.649541,0.000176,0.003718,-0.00457
-0.97901,0.962982,9.630378,-0.00195,-0.00480,0.006075
-1.02453,0.943818,9.584864,-0.00301,-0.01332,0.017793
-1.10358,0.967773,9.548932,-0.00408,-0.03250,0.035902
-1.12993,0.974959,9.560909,-0.00621,-0.03356,0.039098
-1.13472,0.998914,9.556118,-0.00834,-0.02717,0.036967
-1.05088,1.020473,9.594446,-0.00941,-0.00267,0.029511
-0.98620,1.022868,9.599237,-0.00941,0.000522,0.024184
-0.93350,1.025264,9.637564,0.002306,0.000522,0.020989
-0.89996,1.032450,9.659124,0.010829,-0.01226,0.020989
-0.89038,1.018078,9.680683,0.009763,-0.01226,0.015662
-0.92871,1.015682,9.733384,0.017220,0.002653,0.016727
-0.84726,1.001309,9.678287,0.018285,0.005848,0.020989
-0.84487,1.010891,9.704638,0.015090,0.001587,0.015662
-0.88799,1.027659,9.709428,0.016155,0.003718,-0.00351
-0.82570,1.025264,9.630378,0.020416,0.007979,-0.02055
-0.78738,1.022868,9.618400,0.017220,0.002653,-0.02801
-0.78019,1.046823,9.644751,0.008698,-0.01012,-0.02801
-0.84487,1.065987,9.592050,-0.00088,-0.00693,-0.02694
-0.90236,1.070778,9.563304,0.001241,0.000522,-0.02907
-0.97662,1.054010,9.541745,0.011894,0.010110,-0.02055
-0.98860,1.032450,9.601632,0.008698,-0.00160,-0.00564
-1.00536,1.013287,9.644751,0.008698,0.001587,0.001814
-1.10118,0.994123,9.630378,0.009763,0.005848,0.013532
-1.09879,0.994123,9.594446,0.009763,0.003718,0.018858
-1.12035,1.008496,9.601632,0.018285,0.001587,0.034837
-1.04369,0.977354,9.587259,0.010829,-0.01012,0.041229
-1.07483,1.001309,9.613610,-0.00941,-0.01332,0.033772
-1.05088,1.030055,9.522582,0.006568,0.009044,0.034837
-0.97183,1.018078,9.469881,0.007633,0.001587,0.035902
-0.90955,1.046823,9.582468,-0.01047,-0.01971,0.016727
-0.92392,1.070778,9.618400,-0.00514,-0.00054,0.005010
-0.86882,1.058801,9.563304,0.004437,0.005848,0.005010
-0.80175,1.058801,9.611214,0.020416,-0.02078,0.001814
-0.87122,1.051614,9.726197,0.027873,-0.02504,-0.00031
-0.88319,1.054010,9.726197,0.027873,-0.01971,-0.00457
-0.86403,1.034846,9.716615,0.026808,-0.04528,-0.01522
-0.84966,1.042032,9.651937,0.038525,-0.08895,-0.03014
-0.82091,1.054010,9.611214,0.041721,-0.09215,-0.02801
-0.82091,1.037241,9.651937,0.036395,-0.02717,-0.01522
-0.87122,1.061196,9.661519,0.023612,0.000522,-0.01309
-0.89757,1.061196,9.711824,0.014024,0.019697,-0.01522
-0.86643,1.092337,9.589654,0.019351,0.018632,-0.01309
-0.84726,1.082756,9.596841,0.027873,0.000522,-0.01309
-0.86403,1.085151,9.611214,0.027873,-0.00480,-0.01522
-0.90475,1.073173,9.644751,0.017220,-0.00160,-0.01736
-0.88799,1.070778,9.589654,0.009763,0.004783,-0.01416
-0.90236,1.063592,9.541745,0.004437,0.000522,-0.01203
-0.88799,1.042032,9.503417,-0.00088,-0.00906,-0.00990
-0.93590,1.061196,9.503417,-0.01154,-0.01758,-0.01203
-0.93110,1.058801,9.505813,-0.01580,-0.01439,-0.01309
-0.91913,1.051614,9.529767,-0.00834,0.002653,-0.01096
-0.90715,1.075569,9.572886,-0.00514,-0.00373,0.000749
-0.90475,1.075569,9.630378,-0.00301,-0.00799,0.002879
-0.98380,1.087546,9.673497,0.011894,0.001587,0.008205
-0.95027,1.054010,9.673497,0.008698,0.009044,0.003944
-0.92871,1.044428,9.685474,0.005502,0.006914,0.003944
-0.89757,1.044428,9.656728,0.004437,-0.00054,0.013532
-0.85205,1.034846,9.611214,0.012959,-0.00586,0.014597
-0.89517,1.046823,9.601632,0.015090,-0.00586,0.006075
-0.89996,1.063592,9.620796,0.010829,-0.00054,0.002879
-0.86882,1.075569,9.647146,-0.00195,0.011175,-0.00138
-0.84247,1.082756,9.592050,-0.00834,0.009044,-0.00244
-0.83768,1.080360,9.560909,-0.01473,-0.00160,-0.00883
-0.87122,1.087546,9.544140,-0.00088,0.005848,-0.01309
-0.87601,1.092337,9.565700,0.006568,0.013305,0.000749
-0.83529,1.061196,9.659124,0.003372,0.012240,0.003944
-0.89517,1.054010,9.678287,-0.00301,0.017566,-0.00138
-0.90715,1.061196,9.582468,-0.01260,0.007979,-0.01416
-0.87361,1.070778,9.570491,-0.01367,0.003718,-0.01736
-0.84487,1.087546,9.568096,-0.01154,0.005848,-0.00883
-0.86882,1.104315,9.577677,-0.00514,0.014371,-0.01416
-0.91194,1.094733,9.618400,0.002306,0.019697,-0.01416
-0.87601,1.065987,9.656728,0.008698,0.012240,-0.00777
-0.87601,1.063592,9.716615,0.011894,0.011175,-0.00244
-0.90236,1.063592,9.692660,0.008698,0.010110,-0.00244
-0.91913,1.046823,9.618400,-0.00301,-0.00480,-0.00883
-0.90236,1.051614,9.587259,-0.00408,-0.00693,-0.01096
-0.89278,1.056405,9.532163,-0.00301,-0.00480,-0.00670
-0.86403,1.056405,9.536954,-0.00834,-0.00586,-0.00777
-0.90236,1.051614,9.563304,-0.00514,0.002653,-0.00031
-0.89757,1.025264,9.575282,-0.00514,0.005848,0.001814
-0.90715,1.037241,9.599237,-0.00621,-0.00160,-0.00457
-0.93590,1.051614,9.594446,-0.00514,0.003718,-0.00883
-0.90475,1.044428,9.596841,-0.00621,0.011175,-0.00457
-0.90955,1.046823,9.644751,-0.00621,0.019697,0.002879
-0.93590,1.034846,9.632773,-0.00728,0.016501,0.001814
-0.94308,1.030055,9.623191,-0.00728,0.012240,-0.00244
-0.92871,1.030055,9.616004,-0.00728,0.006914,-0.01416
-0.88559,1.051614,9.618400,-0.01154,0.010110,-0.01629
-0.86643,1.044428,9.616004,-0.01367,0.010110,-0.01736
-0.86882,1.046823,9.587259,-0.00621,-0.00160,-0.01416
