upDown
-0.83289,1.923568,9.546536,0.207789,0.089049,0.064272
-0.88559,1.935546,9.249497,0.207789,0.053895,0.071728
-0.95266,2.040947,8.779983,0.159852,0.020872,0.089838
-0.78019,2.067297,8.933294,-0.03615,-0.05582,0.061076
-0.87840,2.096043,9.268660,-0.10859,-0.02599,0.053619
-0.99099,2.062506,9.376457,-0.11605,-0.01641,0.064272
-0.96225,1.545083,9.318965,-0.15546,-0.16235,0.095164
-1.25928,1.219298,8.252978,-0.50274,-0.68113,0.072794
-1.77671,1.806190,8.657814,-0.63057,-0.57460,0.169733
-1.44374,1.487591,9.199192,-0.71472,-0.43506,0.270933
-1.04369,1.545083,9.812434,-0.76479,-0.38499,0.321000
-0.50471,1.727139,11.47729,-0.51658,-0.38925,0.396634
0.357657,1.489987,11.80307,-0.01698,-0.50856,0.308217
0.522946,1.353445,11.55155,0.214181,-0.47021,0.205952
0.331307,1.245648,10.11666,0.479431,-0.12932,0.032314
-0.26995,1.355840,8.832683,0.450669,0.110354,0.011008
-0.54064,1.454055,8.320051,0.356926,0.136986,0.053619
-0.62209,1.703184,7.989475,0.101263,0.080527,0.148427
-0.62688,1.645693,8.159554,-0.16292,0.310624,0.161210
-0.68197,1.648088,8.648232,-0.26731,0.436325,0.148427
-0.75863,1.573829,9.412389,-0.36958,0.617420,0.158015
-0.69395,1.401354,9.271056,-0.42710,0.714359,0.156949
-0.59334,1.420518,9.244706,-0.46971,0.683466,0.111143
-0.97183,1.262416,9.239914,-0.56026,0.444847,0.004617
-1.68328,0.984541,9.491440,-0.64974,0.142312,0.088773
-1.88450,0.766552,9.627983,-0.66466,0.075200,0.214474
-1.27126,0.359321,10.21487,-0.54641,0.151899,0.394503
-0.76821,0.543773,11.01736,-0.23322,0.073070,0.338044
-1.14670,0.503050,11.49645,-0.02124,-0.24544,0.358284
-0.28193,0.749784,10.69636,0.373970,-0.70350,0.364676
-0.13341,0.826439,9.659124,0.489019,-0.69924,-0.00070
-0.60532,0.761761,9.105768,0.429364,-0.60763,-0.08699
-1.52997,0.883931,8.880593,0.165179,-0.45743,-0.02201
-1.45332,0.895908,9.199192,-0.01165,-0.23372,0.185712
-1.28803,0.943818,9.120141,-0.06598,-0.11974,0.267737
-1.39343,0.941422,8.624277,-0.24814,0.037916,0.376394
-1.37427,0.819253,8.547621,-0.52937,-0.01747,0.521270
-1.13951,0.718643,9.127327,-0.62205,-0.14743,0.559619
-0.48315,0.797694,9.764525,-0.50913,-0.28059,0.501030
-0.12862,0.673129,9.613610,-0.35253,-0.30722,0.460550
-0.02082,0.733016,9.738174,-0.28542,-0.27314,0.429657
-0.09508,0.871953,9.951372,-0.15333,-0.26994,0.355088
0.623556,0.871953,11.14432,-0.23003,-0.16128,0.312478
0.891849,0.713852,11.46052,-0.18635,0.045373,0.259215
0.767284,0.689897,11.03652,0.158787,0.228598,0.129253
0.192369,0.871953,9.544140,0.378231,0.004893,0.073859
0.072596,0.891117,9.077022,0.348404,-0.12613,0.057880
0.122901,0.881535,8.770401,0.195006,-0.10056,0.041901
-0.02561,0.888722,8.978808,0.018172,0.106093,0.033379
-0.07352,0.864767,9.244706,-0.05106,0.175335,0.041901
-0.01603,0.812066,9.551327,-0.08835,0.201967,0.025922
0.053432,0.783321,9.800457,-0.01698,0.148704,-0.05929
0.074991,0.795298,10.07114,0.024564,0.149769,-0.10297
-0.07352,0.816857,9.987304,0.056522,0.130594,-0.12001
-0.46878,0.776134,9.764525,0.041608,0.117811,-0.06995
-0.69635,0.744993,9.496231,0.012846,0.103963,-0.02627
-0.66760,0.773739,9.524977,0.001128,0.081592,-0.01775
-0.64844,0.771343,9.611214,0.012846,0.011285,-0.00923
-0.56939,0.752179,9.903462,0.065044,-0.01428,-0.00390
-0.49034,0.692292,10.16696,0.108720,-0.01534,-0.00283
-0.44482,0.618033,10.32506,0.230160,-0.10695,-0.00177
-0.53825,0.807275,10.28434,0.318577,-0.35303,0.034444
-0.59813,0.735411,10.03521,0.318577,-0.42440,0.037640
-0.55741,0.778530,9.666310,0.259987,-0.44145,-0.00177
-0.50231,0.881535,9.364480,0.326033,-0.37966,-0.05716
-0.12143,0.955795,9.592050,0.369709,-0.31148,-0.06995
0.015104,1.145038,10.04479,0.355861,-0.16448,-0.01349
-0.09508,1.140247,9.845971,0.248269,-0.11974,0.040836
-0.33703,1.257625,9.299801,0.170505,-0.16554,0.011008
-0.00885,1.418123,8.866220,0.022433,-0.41695,-0.22441
0.384008,1.466032,8.693746,-0.09687,-0.91229,-0.55145
1.277521,1.391772,8.540435,-0.17996,-1.02308,-0.66649
1.198470,1.363026,8.698536,-0.47930,-0.57993,-0.59406
0.750516,1.118688,8.384729,-0.77757,0.101832,-0.16582
-0.44482,0.838417,8.109249,-0.77544,0.161487,0.078120
-0.72749,1.104315,9.326152,-0.54641,-0.00788,0.281585
-0.46878,1.089942,10.03761,-0.59968,0.359626,-0.01136
0.601996,0.764157,10.19091,-0.77225,0.714359,-0.07527
0.891849,0.206010,9.342921,-0.74562,0.550308,-0.07314
0.661883,0.423999,10.18133,-0.60926,0.522611,-0.16369
0.705002,0.538982,10.63647,-0.59541,0.552439,-0.14771
0.120505,0.103005,9.865135,-0.76479,0.835799,0.120730
-0.55262,0.055095,9.254287,-1.18983,1.466435,0.760954
-1.47009,-0.00239,8.363169,-1.35601,1.843538,0.896242
-2.14561,-0.57012,8.578763,-1.49876,1.873365,0.752432
-1.52997,-0.94621,8.554808,-1.56587,1.734881,0.603295
-1.00776,-1.24085,8.420661,-1.49237,1.064830,0.260280
-0.86643,-1.31990,8.746446,-1.25162,0.358561,-0.13706
-0.61969,-1.32949,10.33464,-1.20155,0.325537,-0.28619
-0.69156,-0.97016,10.56461,-0.98104,0.362822,-0.32667
-1.03411,-0.74738,11.19941,-0.84362,0.391584,-0.27874
-1.51800,-0.67552,12.29894,-0.69768,0.354299,-0.24678
-1.88211,-0.45035,14.01410,-0.40367,-0.06008,-0.33626
-1.77671,-0.40483,14.90761,-0.02443,-0.15063,-0.57169
-1.05567,-0.79050,17.08750,0.244008,-0.04410,-0.66330
-1.23773,-2.17988,19.13803,0.951343,-0.04517,-0.59512
-2.14082,-2.89613,20.14413,1.613937,-0.34877,-0.40444
-4.36862,-3.83276,21.15502,1.838708,-0.42440,-0.37035
-4.43329,-4.71190,20.45075,2.132720,-0.38073,-0.31709
-4.19854,-4.95384,19.72971,2.528999,-0.28698,-0.00923
-4.61295,-5.34670,18.79308,2.737790,-0.27207,0.175059
-5.65020,-5.54313,18.06964,3.153243,-0.12613,0.382785
-5.20224,-5.68926,17.42526,3.486670,0.023003,0.497834
-4.22249,-5.56469,15.73884,3.614502,0.113550,0.464811
-2.93372,-4.77179,13.00560,3.679483,0.118876,0.243236
-1.94200,-4.44121,11.47010,3.397188,0.281862,0.072794
-1.07483,-3.44469,7.575057,2.857100,0.602506,0.037640
-0.73947,-2.37391,3.672822,2.566283,0.593984,0.033379
-0.83049,-1.33667,0.594633,2.203028,0.569483,0.192103
-0.95027,-0.91267,-0.09047,2.031520,0.442716,0.439244
-1.91325,-0.27068,-0.69413,1.922863,0.242447,0.446701
-1.04609,0.431185,-1.60681,1.590501,-0.13252,0.342305
-0.26037,0.836021,-2.31108,1.390232,-0.26674,0.331653
0.094155,1.846913,-3.40581,1.173983,-0.37114,0.358284
0.005522,2.620653,-3.93761,0.940690,-0.40416,0.391307
0.173206,2.948833,-3.96635,0.524172,-0.36475,0.505291
0.395985,3.681850,-4.02384,0.012846,-0.42121,0.538314
1.047555,4.096267,-4.43587,-0.28329,-0.40629,0.529792
1.687148,4.292697,-4.47899,-0.95973,-0.38605,0.270933
2.616594,4.350188,-4.38556,-1.62446,-0.53412,-0.04545
2.515984,3.907025,-3.05607,-2.24125,-0.46488,-0.37461
1.699126,2.972788,-1.50620,-2.69079,-0.39671,-0.49818
1.318244,2.285286,-1.09657,-2.96243,-0.25716,-0.54718
0.580437,0.946213,-0.50010,-3.55046,-0.32107,-0.68247
0.098946,0.301829,0.091582,-3.86364,-0.57141,-0.75704
-0.19809,-1.40614,2.882315,-3.91264,-0.58845,-0.68247
-1.37187,-2.99195,7.378628,-3.71344,-0.38925,-0.26382
-2.37318,-3.54770,9.759734,-3.19359,-0.04410,0.144166
-3.65955,-4.34779,13.93984,-2.79838,0.098636,0.310347
-3.66914,-4.74065,17.50910,-1.95043,0.236055,0.395568
-3.22837,-4.75981,18.65893,-1.12911,0.498110,0.325261
-1.99470,-4.49152,19.56442,-0.78929,0.657900,0.384916
-2.65106,-3.99086,18.99669,-0.26731,0.765491,0.693842
-3.60925,-3.53093,18.22295,-0.20979,0.443782,0.616078
-3.67872,-2.40026,15.86580,-0.31312,0.200902,0.438179
-1.48925,-1.30793,13.32660,-0.38449,0.335125,0.184646
-1.05806,-0.93423,12.96009,-0.54535,0.876279,0.249627
-1.47727,-0.55096,12.20791,-0.79675,0.750578,0.311413
-3.06068,-0.15810,9.584864,-1.53178,-0.27633,0.309282
-3.32419,-0.05509,8.650627,-1.53391,-0.50110,0.277324
-2.02584,-0.41681,11.27607,-1.38904,-0.50110,0.214474
-0.53346,-0.96537,15.19028,-1.21327,-0.76955,-0.00283
-0.01843,-1.10192,15.76040,-0.95228,-0.92188,-0.08806
0.355262,-1.26002,17.56180,-0.75946,-0.82814,-0.10936
0.697815,-1.53550,20.38607,-0.26305,-0.20709,-0.22334
1.112233,-1.79181,21.80180,0.232290,0.199836,-0.35011
1.224821,-2.23737,23.47384,0.598741,0.248838,-0.34372
-0.19569,-3.09495,24.82968,1.499954,0.224337,-0.32561
-0.98620,-3.58363,25.62498,2.173201,0.193445,-0.40018
-1.17784,-4.45319,24.76261,2.390514,0.260556,-0.37461
-2.04021,-4.94666,22.09884,2.727138,0.428868,-0.26702
-2.68459,-4.92989,20.77414,2.907167,0.266948,-0.45877
-2.24862,-4.86042,18.32356,2.820881,-0.02706,-0.68567
-0.68437,-4.80772,14.40456,2.188114,-0.66302,-1.00525
-0.68677,-4.45559,12.25103,1.365731,-0.15809,-0.91044
-0.70353,-4.12980,9.987304,2.299967,2.267513,-0.35331
-0.68197,-3.92858,8.020616,3.509041,2.412389,-0.03160
-1.39822,-4.99217,7.718786,5.086697,0.321276,-0.25317
-3.63081,-6.28094,15.62386,4.802271,0.387323,-0.50777
-3.69549,-7.12654,15.00343,4.178027,0.994523,-0.26809
-0.55022,-7.54575,5.474223,2.778270,1.439803,0.640579
-2.34444,-5.59583,-4.00708,2.048565,1.145790,1.203038
-4.26561,-4.35018,-6.48879,1.931385,0.847517,1.207299
-5.72446,-1.76067,-6.57263,1.799293,0.156160,0.857893
-2.57440,0.098214,-4.32567,1.437103,-0.38818,0.540444
-0.86882,0.900699,-3.82023,1.100480,-0.48193,0.519139
0.891849,2.522438,-4.39035,0.261052,-0.34025,0.656558
0.158833,3.873488,-5.83722,-0.52404,-0.30509,0.683190
-0.43284,4.299883,-6.50556,-1.10035,-0.45956,0.497834
-0.16695,4.846052,-6.59180,-1.34323,-0.54584,0.310347
0.503782,4.982594,-5.75338,-1.91847,-0.62254,-0.02201
1.744640,4.934685,-4.40712,-2.27747,-0.65237,-0.09125
1.988978,4.640041,-4.10529,-3.01676,-0.78127,-0.01242
1.193680,3.559680,-4.13643,-3.74646,-1.01989,0.055749
0.300166,2.900924,-3.98552,-4.10652,-1.12215,-0.02307
-1.00057,2.119998,-2.75664,-4.42823,-1.34373,-0.19565
0.249861,0.886326,-1.47985,-4.10652,-1.51204,-0.30004
0.635533,-0.17487,0.077209,-3.79653,-1.53654,-0.25956
0.245070,-2.34996,4.837025,-3.35551,-1.64519,0.017400
-0.79456,-4.02919,9.290220,-3.12115,-1.25957,0.537249
-1.66891,-4.54182,10.72990,-3.19146,-0.68752,0.984659
-2.71334,-5.54553,12.21749,-3.16270,-0.22413,1.083729
-2.81156,-6.18752,13.42242,-2.24338,0.459761,1.210495
-0.72030,-7.12894,15.14476,-1.39330,0.521546,1.225409
0.039059,-7.58887,17.47077,-0.30566,-0.04091,0.885590
-0.73707,-6.88221,22.69052,-0.65400,-0.44251,0.514878
-0.49034,-6.16596,22.92767,-0.80527,-0.13146,0.558554
1.823690,-5.02331,16.33292,-0.58583,0.884801,0.798238
1.495510,-3.79683,14.51236,0.043739,1.395062,0.722604
0.942154,-3.35367,15.91611,0.371840,0.689858,0.486116
0.752911,-2.88894,17.93310,0.269574,0.108224,0.352958
1.155352,-2.75240,16.56528,0.153461,-0.51282,0.146297
0.745725,-2.11999,15.05134,1.132438,-1.49286,0.212343
1.203261,-1.73432,12.89062,2.082653,-0.80896,-0.04758
-0.37775,-1.07077,21.09274,0.312185,0.990262,0.024857
-0.94548,-2.49608,30.61956,0.000063,1.257643,0.318870
2.827396,-3.52374,10.33944,0.322838,0.764426,0.740714
-2.52889,0.529400,8.018220,0.836295,-0.03665,0.589446
-3.05110,0.524609,9.639960,1.000345,-0.23692,0.356154
-1.41499,-0.26110,10.68438,1.243225,-0.61082,-0.11149
0.599601,-0.75218,9.474672,1.396623,-0.81642,-0.24145
1.004437,-1.06119,8.724887,1.334838,-0.64172,-0.22547
0.992459,-1.29355,8.655418,1.065326,0.593984,-0.23400
0.213929,-0.61563,7.814605,0.408059,0.910367,-0.33946
-0.39212,-0.58928,5.615556,-0.29075,0.285057,-0.40763
-0.45680,-0.70427,5.565251,0.073566,0.244577,-0.13067
-1.04369,0.344948,9.632773,0.595545,0.280796,-0.10617
-1.12993,-0.79769,12.14083,0.907667,0.238186,-0.09125
-1.14909,-1.47561,13.21640,0.969453,0.184923,-0.06569
-1.33834,-1.04203,12.28696,0.866122,0.107158,-0.05184
-1.39583,-0.68510,10.63168,0.541217,-0.01960,-0.08486
-1.29522,-0.54856,9.208773,0.289814,0.025133,-0.10084
-1.11077,-0.36650,8.561994,0.185419,0.050699,-0.08486
-1.02213,0.182056,8.032593,0.104459,0.114615,-0.04651
-1.13232,0.443163,8.348796,0.138547,0.178531,-0.02734
-1.19940,0.562937,8.918921,0.252530,0.257361,0.006747
-1.05806,0.622824,10.07593,0.316446,0.261622,0.036575
-0.91913,0.524609,10.27955,0.312185,0.226468,0.039770
-0.94787,0.450349,10.11905,0.247204,0.208358,0.024857
-0.99578,0.464722,9.632773,0.109785,0.126333,0.049358
-0.90715,0.483886,9.512999,0.041608,0.033655,0.064272
-1.01974,0.510236,9.251893,-0.02017,-0.02706,0.035509
-1.14670,0.565332,9.110559,0.061848,0.029394,-0.02307
-1.07004,0.625219,9.256683,0.110850,0.048569,0.037640
-0.64844,0.598869,10.01125,0.057587,0.000632,0.063206
-0.74665,0.419208,10.70594,-0.12989,-0.07819,0.103686
-0.99099,0.318598,9.450716,-0.29394,-0.11441,0.088773
-1.04130,0.246733,8.863824,-0.30992,-0.11867,0.068533
-1.27845,0.423999,8.423057,-0.29394,-0.12080,0.047227
-1.30240,0.541377,9.038695,-0.25986,-0.24224,0.053619
-1.31199,0.644383,9.395621,-0.20446,-0.32107,0.065337
-1.27845,0.534191,9.707033,-0.05426,-0.67580,0.080250
-1.30240,0.582100,10.02802,0.139612,-0.88566,-0.00923
-1.23054,0.594078,10.07833,0.214181,-0.89312,-0.08273
-0.66760,0.608451,10.28913,0.247204,-0.79405,-0.23187
-0.26037,0.555750,10.42088,0.222703,-0.51175,-0.28939
0.072596,0.548564,10.43765,0.222703,-0.36262,-0.25956
0.302561,0.601264,10.37058,0.238682,-0.10482,-0.14451
0.460663,0.639592,10.34902,0.258922,0.005958,-0.13599
0.211533,0.440767,10.54545,0.273835,-0.02812,-0.17647
-0.01364,0.450349,10.67001,0.271705,-0.15063,-0.31070
0.106132,0.507841,10.57180,0.198202,-0.15702,-0.41616
0.429522,0.589287,10.55503,0.135351,-0.10802,-0.44811
0.561273,0.685106,10.46400,-0.08089,0.059221,-0.48327
0.678652,0.615637,9.910649,-0.25453,0.159356,-0.60258
0.283398,0.476699,9.484253,-0.36425,0.195575,-0.67182
0.189974,0.491072,9.144096,-0.56878,0.215815,-0.70804
0.036663,0.639592,8.684164,-0.63696,0.261622,-0.80711
-0.01364,0.409626,8.708119,-0.61352,0.302102,-0.84120
0.288189,0.349739,8.624277,-0.45586,0.421411,-0.82948
0.036663,0.515027,8.772796,-0.28542,0.392649,-0.79326
-0.08071,0.311411,9.426762,-0.15759,0.265883,-0.81883
-0.15736,0.107796,9.642355,-0.11072,0.197706,-0.85291
-0.49992,-0.05509,9.730988,-0.07130,0.114615,-0.94666
-0.48555,-0.33057,9.575282,-0.09367,0.017676,-1.01484
-0.51190,-0.49107,9.484253,-0.14694,-0.06647,-1.02229
-0.50710,-0.49586,9.386039,-0.34401,-0.29231,-1.04573
-0.69395,-0.56054,9.110559,-0.58370,-0.40629,-1.07662
-0.86403,-0.57731,8.945271,-0.68490,-0.37860,-1.08514
-1.16586,-0.60366,8.561994,-0.80421,-0.33705,-1.04466
-0.97183,-0.68750,8.303282,-0.84042,-0.40736,-0.96157
-0.84008,-0.71145,8.485339,-0.84575,-0.51602,-0.92961
-0.84008,-0.78332,8.653022,-0.44521,0.023003,-0.96903
-1.19461,-0.88153,8.981204,0.195006,0.468283,-0.98927
-1.24252,-0.93902,9.136909,1.279444,0.111419,-0.91470
-1.19940,-0.92465,9.175237,1.626720,-0.35729,-0.70484
0.084573,-1.13545,13.87277,1.459474,-0.35303,-0.49392
-0.29870,-1.13545,15.81550,1.328446,-0.12187,-0.32454
-1.50841,-1.09952,13.09903,1.103676,0.679205,0.017400
-2.19113,-0.33536,10.48795,0.874644,1.406780,0.176124
-2.08333,0.500654,8.700932,0.743617,1.620898,0.183581
-2.20310,0.713852,8.334424,0.493280,1.383344,0.088773
-1.60663,0.658756,8.149971,0.338817,0.242447,-0.06355
-0.87601,0.414417,7.908029,0.331360,-0.23266,-0.13919
-0.63407,0.184451,7.936774,0.434690,-0.47340,-0.35650
-0.42087,-0.41920,8.885384,0.566783,-0.32746,-0.49179
-0.41608,-0.77134,9.721406,0.603002,-0.32640,-0.53973
0.489409,-0.70187,9.460299,0.628568,-0.42227,-0.58234
0.343285,0.325784,9.108163,0.650939,-0.37007,-0.54079
-0.23881,0.615637,9.060254,0.656265,-0.28166,-0.48220
-0.51190,0.610846,9.048276,0.433625,-0.18152,-0.22015
-0.97422,0.610846,8.799147,-0.18848,-0.11974,0.189973
-1.14430,0.646778,9.069836,-0.53043,-0.05582,0.363611
-0.99099,0.814462,9.203983,-0.84469,0.041112,0.472267
-0.88080,1.664857,9.975327,-0.82871,-0.03984,0.442440
-1.38385,2.127184,9.021926,-0.59009,-0.30829,0.388112
-1.14909,2.141557,9.647146,-0.22896,-0.46595,0.374263
-0.14778,1.942732,10.90477,0.101263,-0.53626,0.358284
0.132483,1.645693,11.22816,0.210985,-0.48299,0.347632
0.084573,1.463637,11.11078,0.319642,-0.16874,0.314608
-0.05675,0.979750,10.59096,0.337751,0.063483,0.259215
-0.28672,0.747388,9.795666,0.300467,0.111419,0.226192
-0.33703,0.788112,9.922626,0.131090,0.053895,0.147362
-0.42087,0.883931,9.788479,-0.01165,-0.04836,0.099425
-0.48555,0.958191,9.647146,-0.03828,-0.07074,0.078120
-0.44003,0.986936,9.481858,-0.02550,-0.08032,0.050423
-0.32265,0.893513,9.484253,0.022433,-0.09204,0.053619
-0.29870,0.824044,9.604027,0.054391,-0.08778,0.070663
-0.36817,0.838417,9.683078,0.128960,-0.09417,0.112208
-0.39691,0.998914,9.848366,0.181158,-0.12826,0.120730
-0.34182,1.099524,10.01844,0.300467,-0.20602,0.064272
-0.25797,1.130665,10.16936,0.389949,-0.30190,-0.02201
-0.01843,1.137851,10.24362,0.437886,-0.32959,-0.08273
0.074991,1.111501,10.16456,0.441082,-0.32427,-0.11895
0.017500,1.068383,9.951372,0.372905,-0.26781,-0.20417
0.048641,1.197738,9.695055,0.196071,-0.24757,-0.25211
0.113319,1.224089,9.541745,0.053326,-0.29764,-0.19671
0.254652,1.379795,9.177633,0.021368,-0.27740,-0.18499
-0.06873,1.212111,8.976412,0.002193,-0.24544,-0.18926
0.007918,1.583410,9.206378,0.000063,-0.26568,-0.17647
0.185183,1.602574,9.350107,0.025629,-0.29338,-0.10830
0.199556,1.573829,9.594446,0.074631,-0.26674,-0.01668
0.120505,1.578619,9.644751,0.131090,-0.15489,0.045097
0.072596,1.569038,9.630378,0.148134,-0.09204,0.063206
0.254652,1.590597,9.644751,0.128960,-0.00788,0.078120
0.451081,1.672043,9.596841,0.049065,0.004893,0.087707
0.477431,1.672043,9.553723,0.005389,0.012350,0.088773
0.434313,1.660066,9.369271,-0.04787,0.044308,0.079185
0.410358,1.616947,9.283034,-0.05533,0.090114,0.065337
0.451081,1.595388,9.302197,-0.04467,0.096506,0.067467
0.489409,1.631320,9.431553,-0.00739,0.086918,0.081316
0.326516,1.583410,9.592050,0.023499,0.076266,0.086642
0.228302,1.588201,9.673497,0.030955,0.075200,0.081316
0.211533,1.571433,9.711824,0.029890,0.066678,0.055749
0.326516,1.545083,9.635169,0.023499,0.043243,0.025922
0.388799,1.516337,9.611214,0.023499,0.030459,0.012074
0.400776,1.494778,9.587259,0.039478,0.015546,-0.00390
0.381612,1.516337,9.604027,0.066109,0.016611,-0.00390
0.357657,1.518733,9.632773,0.074631,0.011285,0.000356
0.288189,1.535501,9.668705,0.087414,0.015546,0.007813
0.221115,1.542687,9.685474,0.087414,0.025133,0.008878
0.221115,1.549874,9.671101,0.082088,0.021937,0.007813
0.249861,1.576224,9.577677,0.060783,0.015546,0.002486
0.266629,1.566642,9.532163,0.044804,0.017676,-0.00283
0.257047,1.573829,9.498626,0.043739,0.021937,-0.00390
0.247465,1.590597,9.505813,0.054391,0.019807,-0.00603
0.242675,1.602574,9.563304,0.079958,0.025133,0.002486
0.235488,1.597783,9.611214,0.100198,0.024068,0.007813
0.209138,1.588201,9.685474,0.143873,0.018741,0.015269
0.182788,1.614552,9.714220,0.187549,0.041112,0.018465
0.194765,1.616947,9.733384,0.206724,0.045373,0.015269
0.233093,1.645693,9.728592,0.235486,0.054960,0.028053
0.292980,1.662461,9.719011,0.261052,0.090114,0.054684
0.269025,1.655275,9.683078,0.275966,0.099702,0.073859
0.130087,1.667252,9.599237,0.305793,0.073070,0.109013
0.074991,1.684020,9.601632,0.310054,0.020872,0.128187
0.022291,1.741512,9.620796,0.297271,0.007024,0.127122
0.027081,1.842122,9.575282,0.234421,-0.02493,0.103686
0.108528,1.940337,9.441135,0.154526,-0.03132,0.087707
0.151646,1.976269,9.369271,0.090610,-0.04091,0.082381
0.235488,2.057715,9.218356,0.076762,-0.03132,0.073859
0.151646,2.076879,9.211169,0.082088,-0.01747,0.052554
0.201951,2.091252,9.340525,0.092741,-0.01215,0.045097
0.254652,2.103229,9.443531,0.107654,0.000632,0.039770
0.309748,2.091252,9.584864,0.101263,-0.00043,0.034444
0.273816,2.096043,9.548932,0.090610,-0.00362,0.039770
0.245070,2.119998,9.498626,0.084219,0.005958,0.041901
0.166019,2.117602,9.460299,0.065044,0.031525,0.039770
0.173206,2.141557,9.429158,0.053326,0.042177,0.037640
0.189974,2.146348,9.402808,0.033086,0.045373,0.034444
0.235488,2.184676,9.366875,0.018172,0.043243,0.036575
0.230697,2.203840,9.393225,0.002193,0.050699,0.042966
0.213929,2.218212,9.386039,-0.00526,0.051765,0.044032
0.185183,2.206235,9.388435,-0.02124,0.058156,0.040836
0.144460,2.201444,9.390830,-0.01804,0.057091,0.034444
0.166019,2.167907,9.419575,-0.01058,0.051765,0.031248
0.177997,2.155930,9.402808,0.005389,0.045373,0.026987
0.175601,2.155930,9.465089,0.006454,0.042177,0.016335
0.144460,2.160721,9.534559,0.006454,0.040047,0.013139
0.130087,2.155930,9.544140,0.011781,0.036851,0.017400
0.130087,2.163116,9.536954,0.042673,0.026198,0.031248
0.156437,2.160721,9.501022,0.048000,0.059221,0.024857
0.137273,2.170303,9.508209,0.030955,0.060287,0.005682
0.137273,2.163116,9.484253,0.023499,0.047504,0.007813
0.132483,2.146348,9.575282,0.023499,0.038981,0.005682
0.187579,2.117602,9.450716,0.027760,0.032590,0.000356
0.065409,2.165512,9.441135,0.038412,0.027264,-0.00070
0.039059,2.177489,9.467485,0.043739,0.027264,0.002486
0.043850,2.194257,9.496231,0.043739,0.038981,0.007813
0.046245,2.189467,9.520186,0.034151,0.029394,0.013139
0.048641,2.175094,9.512999,0.027760,0.029394,0.015269
0.046245,2.199048,9.498626,0.017107,0.026198,0.013139
0.024686,2.206235,9.443531,0.010715,0.016611,0.008878
0.019895,2.215817,9.433949,0.008585,0.008089,0.005682
0.010313,2.225399,9.433949,0.036282,-0.01002,0.020596
0.012709,2.196653,9.433949,0.032021,0.015546,-0.00603
0.036663,2.160721,9.469881,0.024564,0.004893,-0.01029
0.029477,2.172698,9.501022,0.023499,0.000632,-0.00710
0.039059,2.196653,9.560909,0.024564,-0.00788,-0.00390
0.094155,2.187071,9.445926,0.027760,-0.00149,-0.00177
0.043850,2.203840,9.460299,0.035216,0.004893,-0.00816
-0.02801,2.218212,9.443531,0.040543,-0.00256,-0.01349
-0.03759,2.225399,9.438739,0.042673,-0.00575,-0.01455
-0.01364,2.227794,9.467485,0.045869,-0.00788,-0.01455
-0.00405,2.251749,9.515395,0.043739,-0.00256,-0.01136
0.003127,2.268517,9.469881,0.042673,-0.00149,-0.01029
-0.02561,2.278099,9.460299,0.035216,-0.00362,-0.00283
-0.03280,2.292472,9.455508,0.023499,-0.00469,-0.00390
-0.03520,2.306845,9.457903,0.014976,-0.00575,-0.00497
-0.01603,2.299659,9.412389,0.001128,-0.00256,-0.00497
-0.02561,2.292472,9.414785,-0.00526,-0.00469,-0.00283
-0.01843,2.280495,9.414785,-0.00419,-0.00043,-0.00390
0.003127,2.249354,9.393225,0.005389,-0.00788,-0.00816
-0.01364,2.254145,9.395621,0.012846,-0.01428,-0.01136
-0.00885,2.246958,9.445926,0.013911,-0.01534,-0.01455
0.005522,2.258935,9.450716,0.008585,-0.01321,-0.01775
0.007918,2.261331,9.467485,0.003259,-0.01215,-0.01242
0.005522,2.270913,9.486649,0.000063,-0.01108,-0.01029
-0.00405,2.273308,9.489045,0.000063,-0.01002,-0.01029
0.007918,2.266122,9.457903,0.012846,-0.01321,-0.01136
0.005522,2.249354,9.438739,0.017107,-0.01534,-0.01242
-0.00885,2.251749,9.438739,0.017107,-0.01641,-0.01349
-0.02561,2.242167,9.436344,0.009650,-0.01428,-0.01029
-0.01364,2.256540,9.465089,0.003259,-0.01108,-0.00603
-0.02082,2.268517,9.493836,0.001128,-0.00682,-0.00390
-0.01124,2.273308,9.493836,0.002193,-0.00469,-0.00177
-0.00405,2.266122,9.465089,0.007520,-0.00362,-0.00177
0.007918,2.266122,9.448322,0.009650,-0.00788,-0.00283
0.010313,2.266122,9.438739,0.012846,-0.01108,-0.00390
-0.01124,2.251749,9.429158,0.012846,-0.00895,-0.00497
-0.00405,2.251749,9.431553,0.012846,-0.00895,-0.00497
-0.01843,2.261331,9.443531,0.013911,-0.00788,-0.00710
-0.02322,2.270913,9.457903,0.014976,-0.01002,-0.00603
-0.02082,2.258935,9.474672,0.016042,-0.00682,-0.00710
-0.01124,2.249354,9.477067,0.016042,-0.00469,-0.00497
0.012709,2.244563,9.467485,0.016042,-0.00362,-0.00390
0.031872,2.234981,9.457903,0.014976,-0.00469,-0.00283
0.027081,2.234981,9.462695,0.013911,-0.00362,-0.00177
0.007918,2.251749,9.450716,0.016042,-0.00575,-0.00283
0.003127,2.263726,9.450716,0.018172,-0.00469,-0.00283
