rotation
-0.77540,2.009806,9.477067,-0.00621,-0.06765,0.026315
-0.73228,2.016992,9.479463,0.004437,-0.05700,0.025250
-0.68437,2.024178,9.481858,0.011894,-0.04102,0.018858
-0.67718,2.026574,9.477067,0.012959,-0.03676,0.016727
-0.69635,2.031365,9.467485,0.011894,-0.03356,0.013532
-0.70353,2.028970,9.450716,0.008698,-0.02823,0.013532
-0.70353,2.043342,9.429158,0.004437,-0.02184,0.015662
-0.68677,2.045738,9.436344,-0.00195,-0.01332,0.016727
-0.67479,2.036156,9.431553,-0.00514,-0.01545,0.015662
-0.66760,2.026574,9.445926,-0.00728,-0.01545,0.014597
-0.70353,2.028970,9.484253,-0.00408,-0.01012,0.016727
-0.64604,2.012201,9.474672,0.003372,-0.00267,0.019923
-0.65802,2.014597,9.431553,0.003372,-0.00267,0.016727
-0.67718,2.036156,9.395621,-0.01367,-0.00799,0.009271
-0.68916,2.040947,9.419575,-0.02325,-0.00373,0.006075
-0.71312,2.007410,9.462695,-0.03497,0.005848,0.002879
-0.71791,1.985851,9.460299,-0.03497,0.009044,-0.00031
-0.73947,1.990642,9.486649,-0.03817,-0.00160,-0.00457
-0.73228,1.995433,9.522582,-0.03391,-0.00799,-0.00883
-0.73468,1.983455,9.522582,-0.03071,-0.01012,-0.01203
-0.72270,1.961896,9.517790,-0.02645,0.005848,-0.00883
-0.77779,2.007410,9.522582,-0.03071,0.037806,0.006075
-0.81133,2.057715,9.568096,-0.03178,0.053785,0.012466
-0.86882,2.000224,9.594446,-0.02965,0.045263,0.032706
-0.81373,2.005015,9.582468,-0.02858,-0.00799,0.035902
-0.78498,1.990642,9.592050,-0.03178,-0.02717,0.030576
-0.80414,2.016992,9.661519,-0.03497,-0.04954,0.029511
-0.72988,1.947523,9.536954,-0.02965,-0.03463,0.052946
-0.70353,1.949919,9.524977,-0.02858,-0.02823,0.066795
-0.59095,1.949919,9.517790,-0.00834,-0.01652,0.074252
-0.55981,1.892427,9.438739,0.025742,0.005848,0.067860
-0.57178,1.885241,9.412389,0.038525,0.006914,0.069991
-0.55741,1.930755,9.448322,0.061961,0.004783,0.068925
-0.54783,1.940337,9.436344,0.067288,0.025023,0.076382
-0.53346,1.904405,9.438739,0.063026,0.033545,0.077447
-0.49273,1.880450,9.374062,0.045982,0.038872,0.055077
-0.57897,1.904405,9.417181,0.002306,0.026088,0.018858
-0.61011,1.945128,9.493836,-0.01260,0.016501,0.007140
-0.69874,1.988246,9.639960,-0.01473,-0.00480,-0.00138
-0.76103,1.973874,9.711824,-0.00941,-0.02504,-0.00351
-0.78498,1.983455,9.793271,-0.00408,-0.03995,-0.01309
-0.79217,1.961896,9.822016,0.039591,-0.07937,-0.02375
-0.70353,2.012201,9.671101,0.082201,-0.07830,-0.03866
-0.73228,2.064902,9.462695,0.084332,-0.07085,-0.04399
-0.74905,2.096043,9.371666,0.076875,-0.06978,-0.04079
-0.70593,2.096043,9.237520,0.047048,-0.07724,-0.01842
-0.65083,2.088856,9.213564,0.014024,-0.03889,0.012466
-0.57418,2.021783,9.208773,-0.00514,-0.02610,0.024184
-0.42805,1.928359,9.254287,-0.04669,-0.01119,0.022054
-0.38494,1.873263,9.503417,-0.05415,-0.07511,0.009271
-0.29391,1.854099,9.563304,-0.02432,-0.07404,-0.00883
-0.47117,1.976269,9.510603,0.052374,-0.04847,-0.05570
-0.61969,2.069693,9.026718,0.073679,0.000522,-0.05357
-0.70353,2.175094,9.194400,0.011894,-0.09854,-0.03333
-0.61969,2.122393,9.472276,-0.09569,-0.15287,-0.02801
-0.53346,1.952314,9.759734,-0.11274,-0.03782,-0.01629
-0.54783,1.906800,9.948976,-0.08824,-0.00480,-0.00777
-0.54064,1.983455,10.05198,0.041721,0.000522,-0.01949
-0.61969,2.036156,9.788479,0.148248,-0.02610,0.006075
-0.59334,2.043342,9.546536,0.151443,-0.06126,0.011401
-0.58136,2.045738,9.177633,0.085397,-0.07724,0.002879
-0.61969,2.072088,9.306988,0.015090,-0.09535,-0.00244
-0.56460,2.064902,9.362084,0.002306,-0.10919,-0.00457
-0.51669,2.084065,9.407598,0.026808,-0.11985,-0.01629
-0.54064,2.177489,9.357294,0.065157,-0.14435,-0.01416
-0.57418,2.234981,9.283034,0.070483,-0.15287,0.001814
-0.42805,2.151139,9.072232,0.035330,-0.14222,0.035902
-0.39452,2.124789,9.096186,-0.07652,-0.15713,0.038033
-0.39212,2.117602,9.110559,-0.13724,-0.15287,0.039098
-0.39691,2.062506,9.328548,-0.21074,-0.09215,0.044424
-0.43764,2.038551,9.546536,-0.22778,-0.03782,0.060403
-0.43524,2.000224,9.558513,-0.22885,-0.03782,0.078513
-0.26037,1.930755,9.290220,-0.28424,-0.01865,0.104079
-0.22923,1.997828,8.988389,-0.41208,0.081482,0.100883
-0.18611,1.923568,8.861429,-0.50262,0.159246,0.083839
-0.38254,1.813376,8.566785,-0.77320,0.319036,0.038033
-0.65083,1.791817,8.782379,-1.10556,0.442607,0.045490
-0.63886,1.736721,9.122536,-1.22913,0.458585,0.066795
-0.50471,1.034846,9.505813,-1.31755,0.448998,0.057207
0.590019,-0.67312,8.332029,-1.45071,0.194400,-0.07275
0.712188,-0.95340,8.432639,-1.59878,-0.00054,-0.23254
0.340889,-0.17007,11.51082,-1.39638,0.053785,-0.48714
-0.84247,0.237152,12.31091,-0.64963,-0.07404,-0.43920
-1.34073,0.356925,12.39236,-0.22672,-0.03356,-0.32415
-1.06046,0.330575,11.59946,0.565831,0.151790,-0.08979
-1.01016,0.241943,10.29153,1.112311,0.545937,0.015662
-0.82570,0.809671,10.28434,1.268905,0.650333,0.055077
-1.20419,0.807275,9.680683,1.289145,0.601331,0.177582
-0.77779,0.764157,8.988389,0.944000,0.431954,0.227650
-0.56460,0.694688,9.026718,0.825755,0.500131,0.205279
-0.62927,0.895908,10.62450,0.864105,0.403192,0.141363
-0.11185,0.943818,10.19810,0.964240,0.191204,-0.02588
0.546900,0.807275,9.632773,0.842799,-0.02184,-0.16010
0.319330,0.594078,7.821792,0.414563,-0.73131,-0.38700
-0.11425,1.506755,6.899532,-0.16387,-0.94330,-0.88448
-0.55981,1.928359,7.172617,-0.57187,-1.07219,-1.06238
-0.16455,1.856495,8.046966,-1.24937,-1.52067,-1.31698
0.079782,2.270913,8.078107,-1.46669,-1.84131,-1.43948
-0.07831,2.517647,8.389520,-1.76070,-2.30257,-1.30632
-0.82331,2.436201,11.21858,-2.01423,-3.58835,-0.15690
0.482222,2.647003,8.688955,-1.24192,-3.62030,0.677191
1.883577,0.570123,9.122536,-0.93725,-2.42827,0.748564
2.015329,0.229965,12.73731,-0.38225,-2.31642,0.874265
2.111148,0.076654,13.65478,0.961044,-2.72442,0.919006
2.583057,-0.37129,13.52542,1.494741,-3.22722,0.821002
2.810627,-0.95340,12.89062,2.469457,-4.57904,0.437507
3.553226,-0.82164,11.18025,3.106485,-6.01928,0.026315
3.886197,-0.22757,9.546536,3.314211,-6.50610,-0.34333
3.416683,0.167683,8.791960,3.326994,-6.60517,-0.39339
2.825000,0.584496,7.484029,3.226860,-6.91090,-0.18034
3.893384,0.924654,6.762990,3.184249,-7.40732,0.096622
4.870739,1.312721,6.240776,3.251361,-7.65233,0.122189
6.823054,1.554665,5.150833,3.479327,-8.35860,-0.08766
7.196749,1.307930,4.041726,3.811689,-9.55595,-0.67782
6.308026,1.209716,3.529094,4.037525,-10.1258,-1.01231
3.208277,1.470823,2.350518,4.708641,-11.3754,-1.43629
-0.65083,0.577309,0.613796,5.629029,-12.3629,-1.55240
-2.75646,-0.31859,-0.50489,6.099875,-12.8103,-1.48422
-7.71270,-2.77396,-2.93630,7.102288,-13.3898,-0.94733
-10.2926,-5.19339,-6.91519,8.020545,-13.1544,0.035902
-9.89019,-6.52528,-11.5216,8.155834,-12.4374,0.533380
-5.85381,-5.84975,-23.2092,5.708924,-9.25235,1.217280
0.623556,-2.33559,-21.0940,3.485718,-4.49275,1.401570
3.637068,-2.10083,-19.8411,2.567461,-2.88740,1.053229
3.754446,-2.41703,-17.3858,0.929086,-1.43971,-0.18247
-1.51321,-3.02069,-14.3483,-0.16493,-0.52145,-0.79180
-3.42001,-3.47583,-11.9983,-0.46001,-0.16885,-0.69273
-3.48708,-3.90702,-7.72965,-0.35455,0.141137,-0.30817
-2.26539,-3.84953,-7.32721,0.226012,0.034611,-0.27621
-2.15280,-3.47583,-8.94416,0.419890,0.049524,-0.36676
-2.75885,-2.45297,-12.8967,0.166357,0.761120,-0.51377
-2.91217,-1.83014,-13.9195,-0.62726,2.088439,-0.51803
-2.27257,-1.80619,-13.7159,-1.03739,2.788317,-0.54679
-0.54543,-2.06729,-13.4668,-1.78414,4.437345,-0.80032
-0.17653,-2.79073,-13.1673,-2.43075,6.381451,-1.21045
-0.33223,-3.14047,-12.4319,-2.64913,7.218748,-1.33828
0.613974,-3.18598,-11.0641,-2.71944,8.034740,-1.39261
2.932797,-1.94033,-11.4977,-2.76205,7.694921,-1.49062
3.754446,-1.73672,-12.1229,-2.93036,7.529805,-1.58436
4.008367,-1.57862,-12.5757,-3.51838,8.159376,-1.60247
5.551055,-1.09233,-11.3659,-4.19909,9.701878,-1.61099
5.987032,-0.58210,-10.3838,-4.48245,10.49656,-1.77078
5.608546,-0.16768,-8.16563,-4.78498,11.75144,-2.15960
3.272955,-0.56293,-5.87794,-4.96075,12.47049,-2.27145
2.103961,-0.34734,-4.97964,-5.05130,12.58235,-2.19582
-0.23162,-0.17007,-3.20459,-5.37088,12.67609,-1.80913
-0.98380,1.075569,2.614021,-5.48166,12.25318,-1.35639
-1.04848,1.082756,4.858584,-5.17700,11.98047,-1.15719
-2.15759,0.280270,7.036075,-4.40788,11.28059,-0.76624
-2.16238,0.201219,9.460299,-3.59189,10.41027,-0.27728
-2.01626,0.232361,9.716615,-3.12211,10.19722,-0.10897
-2.36839,-0.05749,8.976412,-2.45845,10.03424,0.000749
-2.97445,-0.69708,10.94789,-2.15378,8.909321,-0.22828
-4.01169,-0.39046,13.71466,-1.33140,6.473064,-0.66077
-5.50168,0.792903,14.08357,-0.71355,5.196878,-0.79074
-8.20378,2.946438,11.98273,0.312298,2.851167,-0.79819
-8.93200,2.486506,8.880593,0.484871,0.916649,-0.53933
-8.50082,1.870868,8.075712,0.344256,0.177356,-0.32841
-5.84184,0.258711,8.020616,-0.06906,-0.69722,0.035902
-3.92545,-0.46711,9.412389,-0.23950,-0.78990,0.113666
-3.53020,-0.64917,9.958559,-0.18624,-0.76966,0.090231
-3.46792,-0.47430,10.72990,0.093919,-1.15209,-0.01416
-3.47510,-0.26589,10.82811,0.277144,-1.57606,-0.08021
-3.69788,0.486281,10.96705,0.610572,-2.85864,-0.22402
-3.67153,0.898304,11.43417,0.919498,-4.59076,-0.33374
-2.73730,0.639592,12.01148,1.072896,-5.61341,-0.41683
0.728957,-0.20840,15.60949,1.591680,-7.99214,-1.05173
1.045160,-0.99651,19.21229,2.775188,-10.3027,-2.12977
-2.78760,-1.21690,18.00257,4.309167,-12.0571,-2.82539
-4.39018,-0.29943,16.19398,5.042068,-12.6729,-2.75828
-5.21901,0.366507,9.177633,5.825037,-12.9094,-2.20541
-4.74231,1.054010,6.243171,5.848473,-12.4066,-1.78676
-2.07375,1.636111,4.082449,5.587483,-11.6300,-1.11351
-1.81264,1.401354,3.612936,5.716381,-11.7077,-0.83335
-2.09052,1.245648,3.349433,5.995480,-11.9517,-0.71723
-3.20202,0.550959,1.409095,6.828516,-12.6303,-0.70765
-5.63343,-0.65396,-2.15058,7.686053,-12.8976,-0.66823
-6.48382,-1.40375,-3.72441,8.028002,-12.8412,-0.55531
-6.79763,-3.07100,-6.20852,8.567026,-12.3565,-0.30178
-5.80111,-5.71561,-9.93589,8.794992,-11.8270,-0.14519
-4.92437,-6.19470,-12.6667,8.568091,-11.1400,-0.09086
-1.57549,-5.11913,-22.3827,6.054069,-8.81346,-0.05784
1.902741,-2.06250,-21.0748,3.087310,-4.27011,-0.55318
1.981792,-1.94033,-19.0123,1.857995,-2.12254,-0.79713
0.269025,-2.60628,-11.8355,0.308037,0.116636,-1.38409
-4.02846,-3.59321,-6.63492,0.237730,0.219966,-1.68343
-7.66240,-4.01721,-5.12337,0.977023,-0.44582,-1.26691
-7.89237,-3.89025,-5.98095,1.393541,-0.74835,-0.89194
-5.92807,-3.55728,-10.9994,1.670509,-0.70148,-0.46157
-5.41304,-3.15245,-13.9483,1.391410,-0.26366,-0.44666
-5.83944,-2.59909,-17.1390,0.195119,1.231967,-0.42535
-5.63582,-2.60867,-16.4899,-1.10237,2.863951,-0.25491
-4.72794,-2.76917,-15.1915,-1.63500,3.579808,-0.17714
-3.97336,-2.90811,-14.5974,-2.47230,4.854928,-0.04825
-2.20550,-3.11172,-13.5434,-3.06778,5.779577,-0.05038
-0.68197,-3.05183,-12.4511,-3.43636,6.235510,-0.14199
0.115714,-2.66377,-11.9361,-3.51945,6.248293,-0.17608
2.075216,-2.00262,-11.8043,-3.68776,6.107678,-0.29113
4.295824,-1.25762,-11.5312,-3.94342,6.425127,-0.51803
5.335462,-0.89590,-11.0066,-4.07339,6.779860,-0.69699
6.331981,-0.37129,-9.93109,-4.28644,7.641658,-1.14653
6.224184,0.074259,-8.89385,-4.53465,8.612112,-1.62910
6.389472,0.189242,-8.30217,-4.68059,9.038218,-1.90713
4.933022,0.560541,-6.80499,-4.95116,9.763663,-2.40887
3.704141,0.752179,-5.77973,-5.02786,10.00015,-2.49303
2.590243,1.037241,-4.66344,-5.07260,10.07898,-2.46427
1.780572,1.422914,-3.53756,-5.10776,9.998021,-2.35774
1.150561,1.763071,-1.03189,-5.17061,9.472846,-2.14575
0.331307,1.578619,0.757525,-5.11734,9.022239,-1.99875
-0.09269,1.736721,1.763626,-5.04278,8.836884,-1.88583
-0.44243,1.834936,3.627308,-4.97673,8.312774,-1.59075
-1.20419,1.487591,5.277793,-4.79670,7.977216,-1.27969
-1.68089,1.164202,6.288685,-4.65395,7.786534,-1.11351
-2.29413,0.857581,8.518876,-4.23531,6.952432,-0.67356
-1.93721,1.315117,10.40172,-3.55673,5.464259,-0.17821
-1.43895,1.200134,11.06287,-3.12530,4.749467,-0.02055
-0.46159,0.531795,11.93243,-2.04832,3.997391,0.023119
-0.40170,0.929445,13.86318,-1.09917,2.707357,-0.32415
-1.26647,1.935546,14.01889,-0.82753,1.406670,-0.55425
-2.66304,2.757195,12.69898,-0.31940,-0.58856,-0.60005
-0.62927,0.951004,10.86165,0.231338,-1.00082,-0.12601
0.803216,1.216902,11.24972,-0.12552,-1.10735,-0.11003
1.042764,1.224089,10.94070,-0.29064,-0.44582,-0.16969
0.027081,1.212111,10.32267,-0.43764,0.386148,-0.19739
-0.55501,1.224089,10.08551,-0.52712,0.779230,-0.13986
-1.16826,1.260021,10.00886,-0.71781,1.239424,0.131776
-0.67958,0.857581,9.956163,-0.80729,1.342754,0.259608
-0.48555,0.713852,10.84488,-0.86162,1.448215,0.265999
-1.05088,0.644383,11.25690,-0.77853,1.502544,-0.03866
-1.05088,0.512632,11.27607,-0.62193,1.400278,-0.10471
-1.09160,0.464722,11.23295,-0.40355,1.264990,-0.10364
-1.54914,0.627615,10.61491,0.084332,0.797339,-0.14093
-1.79827,1.001309,9.489045,0.549852,0.201857,-0.17821
-1.74796,1.089942,8.962039,0.798058,-0.22637,-0.08447
-1.52518,1.286371,8.463780,0.796993,-0.29029,-0.03866
-1.42218,1.446868,8.600322,0.627616,-0.21572,0.020989
-1.43415,1.487591,8.676978,0.413498,-0.07298,0.025250
-1.53237,1.499569,8.739260,0.331473,-0.02184,0.026315
-1.56112,1.542687,8.818310,0.208968,-0.01119,0.044424
-1.57309,1.542687,8.782379,0.140791,-0.09961,0.084904
-1.50841,1.523524,8.621881,0.122681,-0.15500,0.112601
-1.14670,1.478009,8.542831,0.081136,-0.28177,0.189300
-0.92392,1.422914,8.573972,0.001241,-0.34568,0.239368
-0.68677,1.353445,8.753633,-0.04669,-0.29775,0.238302
-0.71791,1.372608,9.160864,-0.15428,-0.07937,0.195692
-0.75623,1.398959,9.438739,-0.24802,0.151790,0.132841
-0.85924,1.389377,9.810039,-0.26720,0.215705,0.101949
-0.97901,1.348654,10.00167,-0.24909,0.195465,0.044424
-1.01974,1.317512,10.03521,-0.19263,0.094265,0.003944
-1.11316,1.207320,10.00167,-0.16387,0.058046,-0.00883
-1.31678,1.118688,9.855553,-0.11593,0.068699,-0.00990
-1.37427,1.101919,9.869926,-0.11380,0.098526,0.015662
-1.33594,1.042032,9.946581,-0.12445,0.066568,0.045490
-1.21138,1.070778,10.09031,-0.11061,0.027154,0.109405
-1.05327,1.087546,10.33944,-0.08930,-0.02291,0.158408
-0.83529,1.073173,10.59575,-0.05628,-0.02184,0.166930
-0.98620,1.180970,10.22685,0.082201,0.026088,0.134972
-1.09400,1.231275,10.01365,0.190858,0.015436,0.090231
-1.29761,1.339072,9.601632,0.203641,0.010110,0.084904
-1.17305,1.348654,9.390830,0.184467,0.014371,0.118993
-0.98141,1.348654,9.431553,0.087528,0.023958,0.169060
-0.91434,1.343863,9.465089,0.014024,0.014371,0.165864
-0.86643,1.283976,9.568096,-0.00621,0.004783,0.149885
-0.88799,1.293558,9.625587,-0.01367,-0.02717,0.108340
-0.92631,1.315117,9.520186,0.002306,-0.03995,0.088100
-0.95506,1.341467,9.299801,0.051309,-0.06019,0.063599
-0.92152,1.334281,9.266265,0.058765,-0.10600,0.042294
-0.89278,1.341467,9.242310,0.049178,-0.13157,0.032706
-0.86643,1.322303,9.292615,0.024677,-0.17418,0.008205
-0.87361,1.317512,9.314174,0.000176,-0.18909,-0.01522
-0.87840,1.310326,9.318965,-0.00941,-0.18483,-0.02375
-0.91673,1.293558,9.328548,-0.02965,-0.18376,-0.03120
-0.96704,1.283976,9.501022,-0.04989,-0.13370,-0.01629
-0.90955,1.255230,9.604027,-0.04456,-0.07937,-0.00138
-0.89278,1.269603,9.613610,-0.04030,-0.08150,-0.00244
-0.90236,1.279185,9.560909,-0.04456,-0.10706,-0.00564
-0.87361,1.264812,9.604027,-0.04882,-0.10706,-0.00351
-0.83529,1.231275,9.675892,-0.05202,-0.10387,-0.00457
-0.88559,1.248044,9.692660,-0.05308,-0.09748,-0.00670
-0.89278,1.228880,9.647146,-0.05095,-0.09428,-0.00457
-0.88319,1.212111,9.618400,-0.04882,-0.10067,0.001814
-0.86403,1.204925,9.656728,-0.05308,-0.10919,0.009271
-0.83049,1.183366,9.730988,-0.05734,-0.10919,0.016727
-0.71791,1.171388,9.771711,-0.04349,-0.10280,0.025250
-0.64844,1.159411,9.771711,-0.01899,-0.08256,0.028445
-0.67000,1.192948,9.702242,-0.00514,-0.06019,0.022054
-0.67718,1.180970,9.661519,0.015090,-0.02184,-0.00351
-0.64365,1.183366,9.654333,0.016155,-0.02717,-0.01203
-0.63646,1.204925,9.647146,0.017220,-0.02930,-0.01522
-0.71072,1.221693,9.635169,0.024677,-0.02291,-0.02907
-0.69395,1.216902,9.632773,0.021481,-0.02078,-0.02694
-0.63646,1.197738,9.639960,0.023612,-0.01226,-0.02055
-0.67718,1.214507,9.719011,0.019351,-0.01012,-0.01949
-0.72270,1.214507,9.699847,0.032134,-0.02717,-0.02588
-0.64844,1.192948,9.563304,0.049178,-0.02717,-0.02375
-0.67958,1.243252,9.572886,0.060896,-0.04102,-0.01842
-0.70114,1.248044,9.558513,0.044917,-0.05913,-0.02801
-0.73707,1.293558,9.546536,0.038525,-0.05700,-0.03014
-0.77300,1.307930,9.505813,0.023612,-0.01545,-0.02694
-0.75144,1.291162,9.493836,0.007633,0.025023,-0.01949
-0.78498,1.250439,9.553723,-0.00408,0.019697,-0.02055
-0.77061,1.212111,9.580073,-0.02752,-0.02078,-0.01842
-0.77061,1.209716,9.594446,-0.02645,-0.01971,-0.01416
-0.73228,1.190552,9.548932,-0.02219,-0.01226,-0.00883
-0.67958,1.185761,9.592050,-0.01580,-0.01012,0.002879
-0.63167,1.166597,9.683078,-0.02112,-0.01758,0.003944
-0.60292,1.164202,9.699847,-0.01260,-0.00906,-0.00031
-0.62927,1.207320,9.647146,0.015090,0.005848,-0.01522
-0.64365,1.219298,9.620796,0.028938,-0.00054,-0.03014
-0.68197,1.260021,9.548932,0.030003,-0.00373,-0.03440
-0.61011,1.274394,9.575282,0.017220,-0.01119,-0.02481
-0.54543,1.269603,9.604027,0.008698,-0.00693,-0.01736
-0.47836,1.240857,9.606423,-0.00195,0.007979,-0.01309
-0.60532,1.271998,9.625587,-0.01260,0.026088,-0.03653
-0.65323,1.260021,9.637564,-0.02538,0.044198,-0.05357
-0.68677,1.243252,9.635169,-0.03071,0.050590,-0.05464
-0.67958,1.204925,9.680683,-0.04136,0.071895,-0.05251
-0.70832,1.192948,9.707033,-0.04669,0.087874,-0.05038
-0.84008,1.207320,9.750152,-0.04562,0.097461,-0.05464
-0.78258,1.152224,9.675892,-0.02538,0.098526,-0.05038
-0.77300,1.135456,9.692660,-0.00621,0.055916,-0.04292
-0.81373,1.142642,9.805248,-0.00514,0.020762,-0.05038
-0.86643,1.137851,9.704638,0.025742,-0.01971,-0.06423
-0.90236,1.145038,9.580073,0.064092,-0.00373,-0.06742
-0.88799,1.145038,9.465089,0.067288,0.013305,-0.06316
-0.90715,1.161806,9.496231,0.050243,0.021827,-0.05357
-0.92631,1.152224,9.527372,0.026808,0.004783,-0.05251
-0.95027,1.147433,9.551327,0.020416,-0.00586,-0.04718
-0.97183,1.154620,9.558513,0.016155,-0.02078,-0.02694
-0.96943,1.166597,9.551327,0.018285,-0.01865,0.002879
-0.95745,1.178575,9.548932,0.020416,-0.01545,0.031641
-0.88559,1.190552,9.546536,0.019351,-0.01971,0.041229
-0.81612,1.209716,9.666310,0.025742,-0.02717,0.051881
-0.78977,1.224089,9.704638,0.035330,-0.02823,0.051881
-0.78019,1.221693,9.685474,0.049178,-0.02823,0.050816
-0.78977,1.240857,9.685474,0.055570,-0.01865,0.057207
-0.77300,1.276789,9.690265,0.060896,-0.00799,0.057207
-0.68916,1.281580,9.659124,0.060896,-0.00906,0.056142
-0.66042,1.288767,9.630378,0.057700,-0.01226,0.051881
-0.62688,1.293558,9.594446,0.049178,-0.00054,0.036967
-0.61251,1.327094,9.577677,0.045982,0.009044,0.029511
-0.60532,1.334281,9.541745,0.032134,0.004783,0.012466
-0.59334,1.319908,9.508209,0.018285,-0.00480,0.002879
-0.64604,1.331885,9.534559,0.014024,-0.00586,0.001814
-0.63407,1.339072,9.548932,0.009763,0.011175,-0.00564
-0.59574,1.341467,9.565700,-0.00088,0.013305,-0.01736
-0.61730,1.334281,9.529767,-0.00728,0.010110,-0.02375
-0.62688,1.327094,9.563304,-0.01047,0.011175,-0.03973
-0.65083,1.286371,9.582468,-0.00941,0.011175,-0.04505
-0.74665,1.283976,9.635169,-0.00514,0.005848,-0.04186
-0.76103,1.274394,9.637564,-0.01047,-0.01119,-0.03546
-0.76103,1.293558,9.673497,-0.00514,-0.00799,-0.03120
-0.74186,1.339072,9.774106,0.005502,0.003718,-0.03120
-0.72988,1.329490,9.776502,0.019351,0.015436,-0.03227
-0.73468,1.307930,9.711824,0.027873,0.000522,-0.03440
-0.74186,1.288767,9.690265,0.034264,-0.00693,-0.03760
-0.74426,1.276789,9.690265,0.052374,-0.00693,-0.03760
-0.78738,1.288767,9.663914,0.054504,-0.01012,-0.03440
-0.80654,1.271998,9.515395,0.045982,-0.01332,-0.03333
-0.82810,1.271998,9.489045,0.036395,-0.01119,-0.02268
-0.85445,1.281580,9.548932,0.038525,-0.01012,-0.01736
-0.85205,1.281580,9.484253,0.030003,-0.01652,-0.01096
-0.84966,1.291162,9.462695,0.014024,-0.01758,-0.00244
-0.86403,1.293558,9.484253,0.015090,-0.01012,0.011401
-0.80654,1.288767,9.529767,0.011894,-0.01012,0.012466
-0.76821,1.310326,9.522582,0.007633,-0.01226,0.006075
-0.75623,1.343863,9.517790,-0.00301,-0.00480,0.010336
-0.73947,1.336676,9.532163,-0.00941,-0.00160,0.012466
-0.71551,1.334281,9.568096,-0.01367,0.004783,0.011401
-0.69635,1.341467,9.651937,0.001241,0.010110,0.015662
-0.71551,1.365422,9.675892,0.007633,0.002653,0.015662
-0.69395,1.367817,9.644751,0.010829,-0.01332,0.006075
-0.61490,1.365422,9.613610,0.012959,0.001587,-0.01842
-0.58136,1.358236,9.625587,0.010829,0.002653,-0.03333
-0.61490,1.367817,9.608819,0.002306,-0.00480,-0.04292
-0.72749,1.367817,9.623191,0.005502,0.006914,-0.03440
-0.76342,1.336676,9.685474,0.014024,0.016501,-0.02907
-0.75623,1.322303,9.685474,0.022546,0.013305,-0.02694
-0.76103,1.305535,9.611214,0.018285,0.004783,-0.02588
-0.74665,1.283976,9.568096,0.017220,0.009044,-0.02907
-0.74665,1.291162,9.575282,0.018285,0.013305,-0.02907
-0.78258,1.286371,9.529767,0.003372,-0.00267,-0.01949
-0.85924,1.291162,9.510603,-0.00514,-0.00586,-0.01309
-0.86403,1.283976,9.539350,-0.01686,0.003718,0.002879
-0.86403,1.298349,9.587259,-0.02006,0.011175,0.014597
-0.85445,1.312721,9.625587,-0.01686,0.012240,0.022054
-0.85205,1.324699,9.642355,-0.00195,0.010110,0.029511
-0.79217,1.324699,9.632773,0.007633,0.010110,0.023119
-0.73468,1.329490,9.572886,0.009763,0.000522,0.015662
-0.74186,1.327094,9.544140,0.005502,-0.00799,0.014597
-0.76342,1.317512,9.489045,-0.00621,-0.00480,0.019923
-0.77779,1.343863,9.527372,-0.00941,0.003718,0.024184
-0.75863,1.348654,9.534559,-0.01260,0.005848,0.022054
-0.68916,1.341467,9.556118,-0.01367,0.005848,0.013532
-0.72270,1.358236,9.572886,-0.01260,0.000522,0.013532
-0.71791,1.346258,9.541745,-0.01793,-0.01119,0.010336
-0.69156,1.329490,9.527372,-0.02538,-0.01865,0.005010
-0.67718,1.317512,9.529767,-0.02858,-0.01012,-0.00244
-0.67239,1.283976,9.616004,-0.02752,-0.00586,-0.00777
-0.68677,1.260021,9.644751,-0.02325,-0.00267,-0.00564
-0.78738,1.291162,9.659124,-0.02752,-0.00054,0.005010
-0.80175,1.276789,9.635169,-0.03817,0.004783,0.010336
-0.80175,1.291162,9.647146,-0.04136,0.010110,0.013532
-0.81133,1.269603,9.668705,-0.03923,0.013305,0.023119
-0.82810,1.236066,9.690265,-0.02325,0.015436,0.031641
-0.80175,1.240857,9.719011,-0.01367,0.018632,0.033772
-0.76103,1.228880,9.692660,0.001241,0.017566,0.030576
-0.74905,1.267207,9.637564,0.004437,0.012240,0.028445
-0.74665,1.271998,9.616004,0.011894,0.005848,0.026315
-0.75144,1.288767,9.565700,0.004437,-0.00160,0.022054
-0.73228,1.303139,9.503417,-0.00514,0.007979,0.019923
-0.71551,1.300744,9.498626,-0.00941,0.007979,0.017793
-0.69156,1.286371,9.498626,-0.01473,0.003718,0.008205
-0.68916,1.269603,9.563304,0.000176,0.005848,0.008205
-0.75863,1.264812,9.563304,-0.00088,0.001587,0.012466
-0.74665,1.260021,9.522582,-0.02006,-0.00160,0.008205
-0.70593,1.262416,9.493836,-0.03071,0.005848,-0.00138
-0.74426,1.236066,9.572886,-0.02965,0.009044,-0.00244
-0.77540,1.214507,9.601632,-0.02112,-0.00054,0.001814
-0.85205,1.207320,9.608819,-0.02965,0.002653,0.014597
-0.87361,1.200134,9.527372,-0.04349,0.021827,0.022054
-0.87361,1.176179,9.493836,-0.06693,0.049524,0.034837
-0.85445,1.171388,9.620796,-0.05628,0.046328,0.036967
-0.83768,1.185761,9.747756,-0.04562,0.042067,0.036967
-0.84247,1.188157,9.747756,-0.02965,0.050590,0.047620
-0.86403,1.188157,9.733384,-0.01367,0.051655,0.057207
-0.79935,1.183366,9.702242,-0.00728,0.043133,0.057207
-0.76821,1.178575,9.661519,0.000176,0.016501,0.050816
-0.70114,1.188157,9.632773,0.008698,-0.00480,0.035902
-0.70593,1.238461,9.613610,0.009763,-0.01012,0.030576
-0.69395,1.228880,9.572886,-0.00834,-0.01012,0.020989
-0.71312,1.243252,9.568096,-0.01367,0.009044,0.022054
-0.68916,1.212111,9.649541,-0.00941,0.014371,0.018858
-0.69395,1.209716,9.687870,0.010829,0.012240,0.016727
-0.70353,1.221693,9.661519,0.010829,-0.01545,0.002879
-0.66760,1.207320,9.572886,0.005502,-0.01226,-0.00564
-0.70593,1.221693,9.587259,0.000176,-0.00480,-0.00990
-0.70353,1.200134,9.580073,-0.00728,0.002653,-0.01416
-0.77300,1.197738,9.639960,-0.00301,0.001587,-0.01203
-0.78977,1.190552,9.666310,0.003372,-0.00373,-0.00990
-0.77061,1.180970,9.642355,0.009763,0.003718,-0.01096
-0.78738,1.185761,9.637564,0.014024,0.006914,-0.00777
-0.81133,1.183366,9.582468,0.006568,-0.01012,-0.00457
-0.78977,1.176179,9.524977,0.001241,-0.00693,-0.00670
-0.76582,1.161806,9.572886,0.002306,-0.00586,-0.00990
-0.74186,1.149829,9.584864,-0.00195,-0.00373,-0.01416
-0.82810,1.188157,9.596841,0.001241,0.001587,0.000749
-0.84726,1.178575,9.580073,-0.00301,-0.00160,0.003944
-0.82091,1.173784,9.558513,-0.00195,-0.00267,0.005010
-0.79456,1.185761,9.601632,-0.00621,-0.01119,0.000749
-0.75863,1.164202,9.580073,-0.01047,-0.00906,-0.00244
-0.81373,1.180970,9.592050,-0.01473,0.004783,-0.00031
-0.81612,1.166597,9.592050,-0.02219,0.006914,-0.00031
-0.79456,1.157015,9.651937,-0.01899,0.005848,-0.00138
-0.82810,1.159411,9.716615,-0.00621,0.011175,0.002879
-0.82091,1.140247,9.719011,0.003372,0.009044,0.003944
-0.84008,1.157015,9.709428,0.011894,0.011175,0.011401
-0.86403,1.178575,9.654333,0.012959,0.010110,0.015662
-0.84487,1.180970,9.623191,0.011894,0.004783,0.015662
-0.83768,1.147433,9.544140,0.009763,-0.00160,0.020989
-0.81373,1.130665,9.522582,0.003372,-0.01012,0.022054
-0.72988,1.106710,9.496231,-0.00621,0.002653,0.008205
-0.71791,1.145038,9.582468,-0.00514,0.007979,0.003944
-0.75863,1.164202,9.596841,-0.00301,0.007979,0.006075
-0.78738,1.168993,9.599237,-0.00195,0.001587,0.008205
-0.77540,1.159411,9.580073,-0.00408,-0.00799,0.008205
-0.74665,1.195343,9.587259,-0.00301,-0.00373,0.005010
-0.71551,1.185761,9.563304,-0.01154,-0.00693,0.001814
-0.67958,1.171388,9.532163,-0.02432,-0.00054,-0.01203
-0.70593,1.185761,9.639960,-0.01367,0.002653,-0.01416
-0.76103,1.157015,9.663914,-0.00834,-0.01119,-0.01629
-0.73707,1.168993,9.690265,-0.00088,-0.00906,-0.02162
-0.74426,1.168993,9.728592,0.007633,-0.00267,-0.02375
-0.79935,1.147433,9.687870,0.015090,0.003718,-0.02162
-0.81373,1.140247,9.637564,0.017220,0.002653,-0.01842
-0.79696,1.142642,9.563304,0.008698,-0.00054,-0.01309
-0.78738,1.142642,9.556118,0.000176,0.001587,-0.01416
-0.77061,1.130665,9.568096,-0.01473,0.009044,-0.02375
-0.84966,1.113897,9.604027,-0.01473,0.003718,-0.02481
-0.85684,1.092337,9.584864,-0.01260,-0.01226,-0.01736
-0.87601,1.101919,9.592050,-0.01260,-0.01332,-0.01522
-0.90236,1.125874,9.548932,-0.01260,0.002653,0.002879
-0.81612,1.123479,9.584864,-0.01367,-0.00054,0.011401
-0.81612,1.128270,9.580073,-0.01260,-0.00160,0.008205
-0.81133,1.137851,9.565700,-0.01154,-0.01332,-0.00031
-0.90955,1.128270,9.534559,-0.02432,-0.00267,0.000749
-0.92871,1.130665,9.553723,-0.03178,0.003718,0.009271
-0.90955,1.101919,9.663914,-0.04030,0.006914,0.024184
-0.86643,1.085151,9.733384,-0.02645,0.001587,0.039098
-0.83529,1.073173,9.735779,-0.01580,-0.00160,0.042294
-0.82091,1.077965,9.685474,-0.00088,0.006914,0.047620
-0.78258,1.075569,9.632773,-0.00195,0.004783,0.054012
-0.77779,1.089942,9.635169,-0.00088,0.006914,0.057207
-0.74905,1.087546,9.632773,-0.00088,0.007979,0.059338
-0.65323,1.097128,9.627983,-0.00408,-0.00480,0.043359
-0.65802,1.094733,9.644751,-0.00514,-0.00586,0.036967
-0.68197,1.099524,9.651937,-0.00514,0.002653,0.029511
-0.68677,1.125874,9.649541,-0.00408,0.006914,0.029511
-0.66281,1.130665,9.642355,-0.00514,0.006914,0.027380
