upDown
-0.20767,1.969083,9.719011,0.094225,-0.05789,-0.03166
-0.17653,2.000224,9.608819,0.104878,-0.05789,-0.05510
-0.21725,2.079275,9.390830,0.022853,-0.08878,-0.09345
-0.30349,2.081670,9.192006,-0.06023,-0.07068,-0.09771
-0.26516,2.129580,9.084209,-0.17315,-0.06109,-0.12327
-0.16934,2.067297,9.103372,-0.20724,-0.08452,-0.13286
-0.20048,1.990642,9.199192,-0.23813,-0.11968,-0.13606
-0.21486,1.933150,9.297407,-0.28713,-0.15590,-0.13179
-0.23881,1.918777,9.414785,-0.32122,-0.13353,-0.09451
-0.29151,1.913986,9.457903,-0.33933,-0.09305,-0.04018
-0.24121,1.837331,9.527372,-0.33827,-0.08452,-0.01462
-0.22204,1.794213,9.630378,-0.27861,-0.06641,0.034381
-0.18132,1.650484,9.860343,-0.21576,-0.08133,0.102558
-0.18611,1.614552,10.18133,-0.06875,0.009214,0.133450
-0.10706,1.602574,9.750152,-0.11350,0.078456,0.096166
-0.01603,1.509151,9.558513,-0.14013,0.074195,0.066339
-0.04478,1.511546,9.642355,-0.13800,0.006018,0.008815
-0.05915,1.554665,9.925022,-0.09006,-0.15483,-0.03912
-0.00166,1.315117,10.03521,-0.05810,-0.24644,-0.06042
0.142064,1.269603,10.04479,0.005809,-0.36362,-0.08918
0.113319,1.470823,9.826807,0.011135,-0.36788,-0.05297
-0.09987,1.614552,9.465089,-0.00271,-0.31888,-0.02953
-0.16455,1.698394,9.369271,-0.01230,-0.19318,0.018402
-0.31547,1.861286,9.453112,0.005809,-0.18466,0.048229
-0.39691,1.952314,9.680683,0.009004,-0.22833,0.057817
-0.34661,1.892427,9.630378,-0.02508,-0.23046,0.074861
-0.06155,1.648088,9.278243,-0.06130,-0.02700,0.114276
0.252256,1.473218,9.096186,-0.08047,0.114675,0.140907
0.348076,1.398959,9.096186,-0.10071,0.227593,0.171800
0.393590,1.384586,9.278243,-0.11243,0.281921,0.197366
0.415149,1.384586,9.491440,-0.11776,0.268073,0.208019
0.362448,1.372608,9.695055,-0.11136,0.225463,0.195236
0.340889,1.351049,9.745361,-0.08154,0.145568,0.138777
0.381612,1.288767,9.795666,-0.04319,0.125328,0.080187
0.360053,1.288767,9.759734,-0.02295,0.130654,0.053556
0.307352,1.310326,9.742965,0.005809,0.125328,0.017337
0.175601,1.360631,9.745361,0.006874,0.099761,-0.00609
0.003127,1.430100,9.671101,0.003678,0.088044,-0.00716
-0.06634,1.446868,9.673497,0.003678,0.067804,-0.00077
-0.05196,1.413331,9.671101,0.015396,0.049694,0.001358
-0.03040,1.377399,9.695055,0.027114,0.040107,0.001358
-0.04238,1.375004,9.733384,0.058006,0.034780,-0.00396
-0.04478,1.398959,9.719011,0.069724,0.055020,-0.00503
-0.03759,1.466032,9.642355,0.066529,0.069934,-0.00183
-0.02561,1.516337,9.625587,0.056941,0.069934,0.002423
-0.04478,1.518733,9.611214,0.049484,0.057151,0.002423
-0.07592,1.492382,9.594446,0.047354,0.056086,-0.00077
-0.09987,1.473218,9.577677,0.045223,0.059281,0.001358
-0.09748,1.480405,9.546536,0.042027,0.062477,0.005619
-0.06873,1.478009,9.532163,0.038832,0.061412,0.003488
-0.04957,1.509151,9.457903,0.018592,0.045433,-0.00503
-0.08311,1.516337,9.412389,-0.00910,0.098696,-0.01249
-0.12622,1.547478,9.314174,-0.04745,0.033715,-0.01568
-0.24121,1.612156,9.644751,-0.06556,-0.01422,-0.01355
-0.27953,1.614552,9.778898,-0.06769,-0.06641,0.004554
-0.20527,1.480405,10.00646,0.011135,-0.02487,0.001358
-0.03759,1.384586,10.02802,0.051615,-0.00996,-0.00396
-0.03759,1.367817,10.00886,0.087834,-0.04724,-0.01355
-0.00645,1.406145,9.678287,0.037766,-0.07068,-0.03273
0.072596,1.319908,9.474672,-0.00058,-0.11648,-0.04231
0.065409,1.351049,9.546536,-0.06236,-0.22940,-0.05190
-0.00645,1.554665,9.580073,-0.14439,-0.26881,-0.03805
-0.09269,1.607365,9.345315,-0.19552,-0.25177,-0.01568
-0.11664,1.645693,9.290220,-0.28394,-0.16548,0.045034
-0.15736,1.698394,9.304593,-0.35744,-0.09944,0.083383
-0.02561,1.420518,9.536954,-0.37981,-0.07920,0.083383
0.039059,1.300744,9.637564,-0.40005,-0.08346,0.143038
-0.09748,0.905490,9.709428,-0.49699,0.031585,0.309219
0.307352,1.552269,9.572886,-0.49593,0.126393,0.401897
-0.23162,1.384586,9.318965,-0.48208,0.277660,0.476465
0.094155,0.996518,9.848366,-0.29033,0.066738,0.585122
0.003127,0.824044,10.75625,-0.09752,-0.04404,0.741716
0.223511,1.154620,10.75146,0.225253,0.191374,0.939855
-0.06155,1.106710,9.855553,0.355215,0.154090,0.912158
-0.27714,1.054010,10.12384,0.376520,0.018801,0.735324
-0.02082,1.049219,10.05198,0.333910,0.137046,0.316676
0.149251,0.852790,8.468570,0.097421,0.577000,0.038642
-0.00405,1.209716,8.384729,0.000482,0.492844,-0.07747
-0.16216,1.248044,9.625587,0.092095,0.337315,-0.10090
-0.25558,1.147433,10.31788,0.567202,-0.14737,0.047164
-0.36577,0.979750,11.17067,0.799430,-0.22833,0.125994
0.046245,1.501964,10.57419,0.601291,0.034780,0.141973
0.003127,1.303139,7.821792,-0.20830,0.545042,0.186714
0.245070,1.351049,7.163035,-0.61737,0.770877,0.271935
0.187579,1.571433,7.553498,-1.21924,1.040389,0.368874
-0.11904,1.571433,8.293701,-1.41951,1.243854,0.226128
0.649906,1.674439,9.479463,-1.32896,1.366360,-0.01781
0.798426,1.705580,10.78020,-0.83361,1.205505,-0.48546
1.723080,1.295953,12.93613,-0.24665,0.362882,-0.71875
-0.38733,1.231275,13.57094,-0.01975,-0.16229,-0.75284
-1.32396,1.473218,13.30743,0.184773,-0.80251,-0.76882
-1.07962,1.650484,13.24275,-0.02934,-1.17961,-0.99892
-1.16586,1.688812,13.17089,-0.20298,-1.26697,-1.09905
-1.98512,1.866077,15.31724,-0.04106,-1.26803,-1.08521
-2.99122,2.151139,17.11145,0.322192,-1.05391,-0.65697
-4.51714,1.396563,18.68288,0.472394,-0.44991,0.186714
-3.74579,1.034846,19.54286,0.540571,-0.12713,0.490314
-2.89779,0.780925,19.96447,0.714209,0.232919,0.803501
-1.42697,-0.15091,19.88542,0.800495,0.120001,0.945181
-1.24491,-1.14503,18.41699,0.774929,0.075260,1.030402
-1.39104,-1.65288,17.27914,0.774929,0.260616,1.273283
-1.08442,-2.39068,16.12691,1.121139,0.635589,1.407506
-0.53106,-2.85301,14.47164,1.390651,0.794313,1.402179
-0.08550,-2.98476,13.30983,1.965893,0.793248,1.137994
1.164934,-3.04704,10.95028,2.469763,0.851837,0.635190
1.967419,-2.69970,9.115350,2.807452,0.944515,0.384853
1.770990,-2.39547,8.159554,3.311321,0.618545,-0.01888
0.889454,-2.16072,4.944822,3.396543,0.194570,-0.24365
0.458268,-1.49956,1.734880,3.297473,0.148764,-0.35976
1.732662,-1.08036,0.613796,3.038614,0.273399,-0.51316
-1.19700,0.246733,-0.94086,2.819170,0.362882,-0.12860
-1.16586,1.588201,-1.58285,2.678555,0.259551,-0.04764
-0.77540,1.904405,-2.21526,2.330214,0.140241,0.087644
-0.45680,2.522438,-3.61422,1.852975,0.092305,0.163278
0.144460,3.154844,-4.80238,1.569615,0.116806,0.177126
0.443895,3.346483,-5.33417,0.968807,0.159416,0.111080
0.970900,3.521353,-5.82285,0.375455,0.012410,-0.04977
1.066719,3.339296,-6.14624,0.068659,-0.09731,-0.12647
0.819985,3.274618,-6.26362,-0.62269,-0.32421,-0.18932
0.630742,3.238686,-6.61336,-1.43229,-0.42860,-0.22021
0.961318,2.678144,-6.73553,-1.88077,-0.39984,-0.27561
1.529047,2.091252,-6.68283,-2.75002,-0.33486,-0.57921
1.914718,0.572519,-5.69589,-3.55749,-0.74286,-0.85937
0.716979,-0.57970,-4.22986,-3.98892,-1.09439,-0.89133
0.412753,-1.32709,-3.10398,-4.85392,-1.79321,-0.73047
-0.09508,-2.41464,0.297593,-4.91783,-1.49067,-0.51316
0.156437,-2.09125,5.711375,-4.80918,-0.98574,-0.31609
0.860708,-3.82797,6.969001,-4.81450,-0.14631,-0.14351
1.423645,-6.50612,10.18612,-5.31411,0.811357,-0.18719
0.431917,-6.83430,16.74255,-5.37377,0.865686,-0.40237
1.217634,-7.28944,19.03981,-5.13941,0.517345,-0.61329
1.622470,-9.32559,22.15872,-4.53434,-0.05044,-1.41544
-3.66914,-9.57233,24.17572,-4.03473,-0.01102,-1.74141
-6.22511,-9.16030,25.10516,-3.77161,0.017736,-1.50598
-7.03957,-8.15181,24.89436,-3.35616,0.347968,-0.68254
-5.76518,-8.68600,27.07904,-3.48612,1.500583,-0.00503
-5.61427,-9.21540,30.47343,-3.45416,1.780747,0.129189
-6.07659,-8.26919,39.61219,-1.25439,0.294705,0.221867
-5.36034,-7.13613,32.60062,2.254580,-1.59400,0.346503
-4.80459,-7.21518,25.35669,3.165380,-1.74527,0.457291
-4.06679,-5.64135,15.49690,2.945936,-0.70344,0.880200
-2.48577,-5.09997,15.65979,1.939262,0.709092,1.265826
-2.15999,-5.32275,16.94616,1.724079,1.086195,1.303110
-2.45702,-5.94318,19.73929,2.091595,0.864621,1.181670
-3.11339,-6.12763,19.54765,3.166445,-0.39452,0.986726
-3.19483,-5.96713,17.85645,3.715056,-0.75457,0.954769
-2.61513,-5.62697,13.08944,4.238101,-0.66190,1.016554
-1.36708,-5.04966,10.04240,4.033570,-0.17720,1.041055
-0.53585,-4.29988,9.948976,3.843953,0.139176,0.961160
0.043850,-4.10585,9.891485,3.944088,0.067804,0.864221
0.681047,-3.85672,8.348796,4.338235,-0.19425,0.513750
0.058223,-3.57165,5.177183,4.640770,-0.22727,0.190975
-0.44243,-3.20994,3.308710,4.655684,-0.21662,0.125994
-0.57178,-2.21342,-0.25097,4.344627,-0.24857,0.071665
-0.48794,-0.83602,-2.44283,3.678837,-0.12926,0.084448
-0.34421,-0.11258,-3.12075,3.314517,0.024128,0.132385
0.343285,1.128270,-4.38077,2.243927,0.459821,0.174996
-0.03280,2.026574,-4.34484,1.589855,0.351164,0.166474
0.218720,2.611071,-4.06457,1.097704,0.175395,0.150495
0.302561,2.910506,-4.11487,0.911283,0.066738,0.137711
0.467850,3.406370,-4.50054,0.552289,-0.12820,0.106819
0.316934,3.868697,-4.95569,0.152815,-0.25603,0.115341
0.300166,3.758505,-4.76644,-0.29566,-0.25390,0.199497
0.604392,3.768087,-4.51731,-0.47462,-0.36469,0.182453
0.307352,3.387206,-4.85268,-0.92842,-0.71622,0.108949
0.395985,3.248268,-4.78082,-1.19580,-0.93780,0.096166
0.987668,2.522438,-4.70416,-1.81366,-1.29253,-0.00716
0.781657,1.406145,-3.92803,-2.54549,-1.47150,-0.11262
0.431917,0.608451,-2.10267,-3.28052,-1.89441,-0.17227
0.764889,0.301829,-1.41996,-3.63952,-2.24488,-0.17867
2.580662,-1.44686,0.745548,-4.64193,-2.43236,-0.12966
3.519689,-2.41943,6.231194,-5.12982,-2.11065,-0.08279
3.950875,-2.83624,9.656728,-5.69228,-1.08268,-0.02527
4.559327,-4.20885,14.99864,-5.47710,-0.54259,-0.31609
3.373565,-5.34431,17.80375,-5.17882,-0.20064,-0.59945
2.544729,-5.84496,20.05550,-5.07017,-0.03233,-0.63993
1.148165,-6.37197,24.72668,-4.27441,-0.00250,-0.57921
-0.14060,-6.40071,25.87890,-2.96201,-0.09305,-0.37894
-0.60771,-6.11805,24.95185,-2.32818,-0.12287,-0.21169
-0.96943,-5.35149,22.60668,-1.37583,-0.00889,0.177126
0.249861,-4.03398,18.28045,-1.59102,0.963690,0.645842
0.074991,-4.14178,19.09491,-1.90420,1.624154,1.011228
2.741158,-3.67226,25.35669,-1.81472,1.844663,1.298849
4.300615,-3.29617,25.59384,0.184773,0.637720,0.493509
3.253791,-3.18598,22.64501,1.330996,-0.25497,0.047164
-0.27235,-2.89373,14.98906,2.919304,-1.82943,-0.48972
-1.66412,-2.57753,9.122536,3.383759,-2.77431,-0.48014
-1.62100,-2.09604,7.184594,3.320909,-3.02891,-0.39918
-0.93590,-1.22888,4.580709,2.876694,-2.84356,-0.22128
-0.17653,-0.84081,2.762541,2.125683,-1.94554,-0.13925
0.218720,-0.73301,1.993592,1.601573,-1.26057,-0.14884
0.623556,-0.34974,1.928914,0.625792,-0.34232,-0.07107
0.879872,-0.17726,2.654744,-0.06875,0.512018,-0.00822
4.017949,0.059886,4.973567,0.625792,4.622870,-0.58453
7.105720,0.419208,9.647146,1.182925,4.337380,-0.95524
5.955891,0.756970,16.73297,1.399173,-0.04724,-1.06177
1.234403,2.512856,12.85948,0.844171,0.507757,-0.57281
0.077387,1.559456,10.65324,0.472394,-0.15057,0.010945
0.580437,0.991727,12.03064,0.871868,-0.26881,-0.05616
1.152956,0.560541,11.63299,1.150967,-0.23260,-0.17121
1.222425,0.840812,10.69397,1.226601,-0.21022,-0.20743
1.232007,1.015682,9.925022,1.206360,-0.21555,-0.24471
0.987668,1.386981,8.957248,1.159489,-0.20170,-0.23086
0.915804,1.607365,8.727282,1.039114,-0.17933,-0.16908
0.819985,2.050529,8.329633,0.839910,-0.13885,-0.08492
0.956527,2.373919,7.740345,0.713144,-0.09624,-0.05190
1.138584,2.572743,7.531939,0.464937,0.036911,-0.00929
1.184098,2.623048,7.654108,0.261472,0.163677,0.005619
1.186493,2.730845,8.008639,0.092095,0.176460,0.008815
1.220030,2.735636,8.257768,0.029244,0.169004,-0.00503
1.380527,2.738031,8.698536,-0.06023,0.135980,-0.04338
1.344595,2.661376,9.117745,-0.06982,0.142372,-0.06255
1.198470,2.572743,9.469881,-0.05491,0.149829,-0.05936
1.100256,2.520043,9.522582,-0.02188,0.135980,-0.03379
1.009228,2.457760,9.501022,-0.00590,0.080587,-0.00716
1.061928,2.419433,9.486649,0.000482,0.055020,0.002423
1.049951,2.467342,9.508209,0.019657,0.026258,0.017337
1.088279,2.491297,9.675892,0.083573,0.030519,0.018402
1.167329,2.431410,9.831598,0.121922,0.020932,0.017337
1.136188,2.417037,9.707033,0.134705,-0.00676,0.020532
1.162538,2.426619,9.091395,0.027114,-0.04191,0.026924
1.114629,2.491297,8.806333,-0.02508,-0.03659,0.030120
1.073906,2.493692,8.851847,-0.08367,-0.02167,0.034381
1.066719,2.457760,8.947667,-0.12095,0.016671,0.037577
1.133793,2.407455,8.988389,-0.13906,0.039041,0.033316
1.143374,2.440992,9.060254,-0.16569,0.073130,0.039707
1.208052,2.409851,9.283034,-0.15717,0.095500,0.021598
1.184098,2.409851,9.453112,-0.14119,0.104022,0.018402
1.150561,2.433805,9.527372,-0.10497,0.117871,0.017337
1.066719,2.429014,9.491440,-0.10391,0.106153,0.015206
1.054742,2.390687,9.474672,-0.10071,0.093370,0.004554
1.052346,2.357150,9.462695,-0.08047,0.104022,-0.02207
1.097860,2.304450,9.522582,-0.04425,0.097631,-0.05190
1.081092,2.309241,9.505813,-0.02401,0.101892,-0.07427
1.028391,2.309241,9.366875,-0.02508,0.116806,-0.08066
1.023601,2.294868,9.304593,-0.04212,0.141307,-0.09345
0.927781,2.292472,9.227937,-0.06023,0.143437,-0.09877
0.882267,2.321218,9.223147,-0.09006,0.135980,-0.10197
0.829567,2.270913,9.340525,-0.10391,0.124263,-0.10942
0.846335,2.249354,9.599237,-0.09752,0.115740,-0.11262
0.822380,2.232585,9.620796,-0.06556,0.110414,-0.09345
0.767284,2.191862,9.690265,-0.01656,0.100827,-0.07321
0.819985,2.122393,9.697451,0.011135,0.098696,-0.06681
0.848731,2.115207,9.654333,0.053745,0.077391,-0.07107
0.891849,2.115207,9.630378,0.064398,0.073130,-0.05403
0.891849,2.124789,9.592050,0.059072,0.066738,-0.04338
0.851126,2.122393,9.465089,0.047354,0.051825,-0.03273
0.848731,2.148744,9.419575,0.035636,0.055020,-0.02740
0.834358,2.244563,9.376457,0.024983,0.063542,-0.02101
0.755307,2.285286,9.271056,0.001547,0.066738,-0.01355
0.743330,2.294868,9.251893,-0.01549,0.068869,-0.00822
0.724166,2.302054,9.283034,-0.02188,0.067804,-0.00396
0.707397,2.321218,9.330943,-0.03467,0.052890,0.002423
0.693024,2.342777,9.354898,-0.04319,0.030519,-0.00183
0.695420,2.333195,9.412389,-0.04851,0.012410,-0.01568
0.726561,2.302054,9.409994,-0.03893,0.006018,-0.02527
0.748121,2.254145,9.548932,-0.01016,0.003888,-0.04551
0.781657,2.203840,9.618400,-0.00377,0.000692,-0.04657
0.752911,2.153534,9.536954,-0.01549,0.000692,-0.03805
0.683443,2.206235,9.374062,-0.04319,0.011345,-0.03699
0.685838,2.206235,9.299801,-0.05278,0.014540,-0.03699
0.685838,2.182280,9.287824,-0.06556,0.019867,-0.02846
0.645115,2.182280,9.309384,-0.06023,0.010279,-0.01781
0.594810,2.175094,9.438739,-0.04106,-0.00463,-0.01142
0.613974,2.167907,9.575282,-0.03254,-0.00463,-0.00716
0.575646,2.175094,9.575282,-0.02082,-0.00889,-0.00716
0.597205,2.165512,9.582468,-0.01123,-0.00463,-0.01035
0.604392,2.151139,9.546536,-0.00484,-0.00569,-0.00929
0.606787,2.163116,9.536954,0.006874,-0.00037,-0.00077
0.580437,2.153534,9.534559,-0.00271,-0.00569,0.002423
0.578042,2.165512,9.445926,-0.01123,-0.00250,0.006684
0.592414,2.182280,9.398016,-0.01762,0.007084,0.013076
0.606787,2.184676,9.376457,-0.02295,0.003888,0.012010
0.666674,2.155930,9.417181,-0.02721,-0.00250,0.009880
0.676256,2.143953,9.429158,-0.03467,-0.00143,0.008815
0.685838,2.153534,9.395621,-0.04319,0.007084,0.013076
0.683443,2.155930,9.402808,-0.04212,0.015606,0.015206
0.700211,2.117602,9.443531,-0.03680,0.015606,0.014141
0.728957,2.098438,9.498626,-0.02295,0.020932,0.012010
0.724166,2.096043,9.546536,-0.02508,0.015606,0.005619
0.726561,2.105625,9.503417,-0.02614,0.013475,0.005619
0.685838,2.127184,9.462695,-0.02082,0.016671,0.012010
0.642719,2.136766,9.501022,-0.01869,0.015606,0.009880
0.611578,2.141557,9.450716,-0.00803,0.010279,0.006684
0.623556,2.124789,9.568096,0.010070,0.004953,0.000292
0.654697,2.115207,9.618400,0.011135,0.000692,0.005619
0.628347,2.096043,9.524977,0.013265,0.001757,0.008815
0.590019,2.124789,9.503417,0.017526,0.008149,0.009880
0.618765,2.110416,9.493836,0.007939,0.004953,0.008815
0.625951,2.100834,9.438739,0.000482,0.001757,0.007749
0.637929,2.088856,9.407598,-0.00058,0.001757,0.005619
0.630742,2.093647,9.429158,0.001547,0.001757,0.007749
0.640324,2.096043,9.501022,0.003678,-0.00250,0.009880
0.618765,2.098438,9.491440,0.010070,-0.00889,0.014141
0.616369,2.108020,9.517790,0.012200,-0.00676,0.010945
0.633138,2.096043,9.503417,0.009004,-0.00889,0.009880
0.659488,2.084065,9.450716,0.006874,-0.01102,0.008815
0.657092,2.086461,9.448322,0.005809,-0.00569,0.007749
0.657092,2.108020,9.457903,0.003678,0.002822,0.004554
0.693024,2.100834,9.424366,-0.00164,0.008149,-0.00077
0.702606,2.117602,9.407598,-0.00484,0.010279,0.000292
0.654697,2.134371,9.472276,-0.00803,0.009214,-0.00077
0.618765,2.122393,9.431553,-0.01123,0.000692,-0.00396
0.618765,2.112811,9.436344,-0.01016,0.001757,-0.00290
0.606787,2.096043,9.479463,-0.00590,0.010279,0.002423
0.587623,2.100834,9.493836,-0.00271,0.012410,0.002423
0.621160,2.079275,9.477067,-0.00377,0.011345,0.001358
0.654697,2.072088,9.457903,-0.00803,0.015606,-0.00290
0.664279,2.081670,9.424366,-0.00803,0.013475,-0.00716
0.700211,2.062506,9.460299,-0.00377,0.012410,-0.00822
0.685838,2.076879,9.481858,0.001547,0.013475,-0.00716
0.645115,2.100834,9.541745,0.013265,0.013475,-0.00503
0.652301,2.079275,9.560909,0.014331,0.010279,-0.00822
0.642719,2.081670,9.536954,0.003678,0.012410,-0.01249
0.613974,2.086461,9.426762,0.005809,0.014540,-0.01568
0.601996,2.069693,9.453112,0.006874,0.008149,-0.01142
0.587623,2.074484,9.489045,0.012200,0.000692,-0.01035
0.575646,2.093647,9.501022,0.016461,-0.00143,-0.00929
0.601996,2.091252,9.544140,0.023918,-0.00356,-0.00609
0.587623,2.096043,9.546536,0.027114,-0.00569,-0.00396
0.578042,2.131975,9.527372,0.026049,-0.00356,-0.00503
0.611578,2.139162,9.460299,0.014331,-0.00037,-0.00183
0.590019,2.148744,9.426762,0.010070,-0.00037,-0.00077
0.585228,2.158325,9.405202,0.012200,0.001757,0.000292
0.601996,2.131975,9.462695,0.007939,0.002822,0.001358
0.592414,2.122393,9.462695,0.000482,0.006018,0.003488
0.587623,2.110416,9.409994,0.002613,0.008149,0.002423
0.590019,2.115207,9.453112,0.007939,0.006018,0.001358
0.601996,2.110416,9.491440,0.004743,0.002822,-0.00183
0.611578,2.124789,9.501022,0.001547,0.002822,-0.00290
0.625951,2.131975,9.453112,-0.00271,0.000692,-0.00396
0.630742,2.124789,9.443531,-0.00058,-0.00037,-0.00396
0.625951,2.105625,9.474672,0.000482,0.001757,-0.00503
0.640324,2.086461,9.489045,0.003678,0.002822,-0.01035
0.635533,2.086461,9.479463,-0.00058,-0.00037,-0.01249
0.618765,2.076879,9.441135,-0.00164,-0.00250,-0.01355
0.609183,2.110416,9.448322,-0.00058,0.000692,-0.00929
0.601996,2.119998,9.477067,0.001547,-0.00037,-0.00822
0.582832,2.139162,9.498626,-0.00058,-0.00037,-0.00716
0.594810,2.143953,9.467485,-0.00590,0.002822,-0.00503
0.575646,2.151139,9.443531,-0.00164,-0.00143,-0.00609
0.590019,2.127184,9.455508,0.003678,-0.00037,-0.00503
0.570855,2.115207,9.520186,0.003678,0.002822,-0.00290
0.573251,2.115207,9.498626,0.003678,0.003888,0.001358
0.585228,2.112811,9.460299,0.002613,0.007084,0.004554
0.578042,2.129580,9.469881,-0.00377,0.010279,0.003488
0.570855,2.139162,9.465089,-0.00484,0.007084,0.003488
0.582832,2.127184,9.441135,-0.00484,0.008149,0.003488
0.609183,2.119998,9.448322,-0.00271,0.004953,0.001358
0.578042,2.124789,9.491440,-0.00377,0.008149,0.005619
0.587623,2.110416,9.481858,-0.00590,0.007084,0.008815
0.592414,2.108020,9.474672,-0.00590,0.008149,0.006684
0.582832,2.122393,9.457903,-0.00484,0.006018,0.002423
0.594810,2.103229,9.465089,-0.00271,0.010279,0.004554
0.566064,2.096043,9.450716,-0.00484,0.014540,0.002423
0.599601,2.098438,9.484253,-0.00697,0.012410,0.005619
0.592414,2.093647,9.484253,-0.00484,0.009214,0.005619
0.585228,2.117602,9.460299,0.005809,0.000692,0.000292
0.566064,2.110416,9.477067,0.010070,-0.00037,-0.00077
0.570855,2.105625,9.536954,0.007939,0.001757,-0.00183
0.578042,2.100834,9.534559,0.005809,0.009214,0.002423
0.566064,2.108020,9.469881,0.001547,0.007084,0.004554
0.556482,2.112811,9.453112,0.000482,0.004953,0.004554
0.558878,2.098438,9.421971,-0.00058,0.003888,0.001358
0.568460,2.100834,9.448322,0.003678,0.000692,0.000292
0.594810,2.088856,9.477067,0.012200,-0.00143,0.004554
0.599601,2.103229,9.498626,0.014331,0.000692,0.002423
0.587623,2.105625,9.532163,0.013265,0.001757,-0.00077
0.601996,2.088856,9.529767,0.005809,0.004953,-0.00396
0.604392,2.091252,9.501022,0.000482,0.006018,-0.00183
0.578042,2.096043,9.417181,0.000482,0.012410,-0.00290
0.561273,2.088856,9.417181,0.000482,0.001757,0.000292
0.539714,2.091252,9.412389,0.004743,0.001757,0.004554
0.549296,2.091252,9.501022,0.011135,0.000692,0.008815
0.532527,2.110416,9.529767,0.012200,-0.00569,0.005619
0.525341,2.110416,9.522582,0.010070,-0.00356,0.001358
0.556482,2.129580,9.503417,0.007939,-0.00356,0.000292
0.582832,2.119998,9.479463,0.007939,-0.00143,0.000292
0.568460,2.131975,9.469881,0.007939,-0.00037,0.000292
0.575646,2.119998,9.477067,0.007939,0.001757,0.003488
0.575646,2.081670,9.481858,0.001547,0.002822,0.003488
0.570855,2.086461,9.469881,-0.00058,0.004953,0.001358
0.558878,2.098438,9.433949,0.001547,0.002822,0.000292
0.580437,2.105625,9.409994,-0.00164,0.003888,0.001358
0.580437,2.110416,9.441135,0.003678,-0.00143,-0.00077
0.578042,2.122393,9.474672,0.009004,-0.00037,-0.00290
0.582832,2.124789,9.501022,0.006874,-0.00037,-0.00183
0.597205,2.108020,9.541745,0.005809,0.002822,-0.00183
0.575646,2.088856,9.481858,-0.00377,0.007084,0.000292
0.551691,2.093647,9.457903,-0.00910,0.007084,0.000292
0.542109,2.093647,9.414785,-0.00803,0.006018,-0.00183
0.554087,2.098438,9.400412,-0.00803,0.007084,0.000292
0.549296,2.115207,9.460299,0.002613,-0.00037,-0.00077
0.544505,2.117602,9.477067,0.004743,-0.00037,-0.00077
0.568460,2.108020,9.524977,0.004743,0.001757,0.002423
0.558878,2.105625,9.539350,0.001547,0.000692,0.003488
0.549296,2.108020,9.505813,-0.00271,0.000692,0.003488
0.556482,2.110416,9.474672,-0.01016,0.000692,0.003488
0.556482,2.105625,9.417181,-0.00377,-0.00143,0.005619
0.551691,2.110416,9.419575,-0.00164,-0.00250,0.005619
0.542109,2.105625,9.486649,0.000482,-0.00356,0.005619
0.544505,2.110416,9.508209,0.004743,-0.00250,0.006684
0.556482,2.103229,9.498626,0.002613,-0.00356,0.005619
0.556482,2.103229,9.515395,-0.00271,-0.00782,0.004554
0.570855,2.096043,9.457903,-0.00164,-0.00889,0.003488
