leftRight
1.876391,3.456675,9.465089,0.355658,0.038719,-0.00718
2.091984,3.540517,9.151282,0.525035,0.263489,-0.03381
2.075216,3.569262,8.696141,0.636887,0.472281,-0.05831
1.883577,3.329715,8.267351,0.562319,0.537262,-0.09560
1.809318,3.217127,8.348796,0.400399,0.352971,-0.11157
1.960233,3.025489,8.688955,0.197999,0.048306,-0.13395
2.163848,3.013511,9.172842,0.025426,-0.28512,-0.17869
2.106357,3.566867,9.613610,-0.06192,-0.54717,-0.22449
2.003351,3.789646,9.386039,0.010512,-0.72294,-0.24047
1.926696,3.851929,8.892570,0.090407,-0.65050,-0.21704
1.792549,3.806415,8.262559,0.142605,-0.35010,-0.16271
1.770990,3.792042,7.943961,0.140474,-0.12107,-0.13395
1.847645,3.530935,8.229022,0.128757,-0.23185,-0.20532
2.242899,3.406370,8.993181,0.157519,-0.37247,-0.26284
2.202176,3.751319,8.818310,0.143670,-0.37460,-0.26071
2.053656,3.849533,8.439825,0.093603,-0.34584,-0.24047
1.897950,3.995657,8.116436,0.019034,-0.30323,-0.19999
1.797340,4.115431,8.013429,-0.04701,-0.25103,-0.15205
1.646425,4.148968,8.130808,-0.08003,-0.19670,-0.09560
1.548210,4.182505,8.475757,-0.02677,-0.07206,0.010925
1.634448,3.933375,8.655418,0.063776,0.267750,0.108929
1.675171,4.132200,8.027802,-0.02464,0.374277,0.149409
1.821295,3.724968,8.396706,0.013708,0.182529,0.083363
1.955442,3.677059,9.431553,0.074428,0.175072,0.054601
2.108752,3.724968,9.005158,0.097864,0.240053,0.014121
2.197385,3.811206,8.427847,0.052058,0.509565,-0.05831
2.199780,4.127408,7.603803,-0.04914,0.711965,-0.08388
1.634448,4.141782,8.514084,-0.12157,0.586264,-0.06790
1.294290,4.089081,8.959644,-0.21425,0.350841,0.024774
1.205657,4.077104,8.799147,-0.33569,0.305034,0.083363
1.517069,4.084290,8.547621,-0.38469,0.359363,0.064188
1.672775,3.844742,8.729678,-0.36126,0.434997,-0.02529
1.449996,3.708200,9.788479,-0.17910,0.412626,-0.04446
1.150561,3.921398,10.26278,-0.09920,0.378538,-0.02422
1.045160,4.012426,10.00886,-0.08855,0.307165,0.047144
0.982877,4.108245,9.201587,-0.18762,0.350841,0.125974
0.875081,3.935770,8.458989,-0.25154,0.440323,0.164323
0.776866,3.851929,8.341610,-0.37511,0.554306,0.202673
0.570855,3.887861,8.741655,-0.46779,0.446714,0.188824
0.570855,3.794437,9.623191,-0.44755,0.384929,0.143018
0.671465,3.602799,10.04240,-0.21958,0.403039,0.060992
0.520550,3.368042,10.53826,0.071232,0.470150,0.048209
0.106132,3.324923,10.20529,0.183085,0.413691,0.100407
0.055827,3.461466,9.596841,0.178824,0.372146,0.128104
0.206742,3.487816,9.357294,0.131952,0.279468,0.157931
0.388799,3.492607,9.232728,0.103190,0.217683,0.170715
0.424731,3.530935,9.206378,-0.00653,0.047241,0.234630
0.403172,3.667477,9.239914,-0.18549,-0.32453,0.267654
0.585228,2.927274,8.993181,-0.25260,-0.40869,0.197346
0.697815,2.314032,8.219441,-0.34954,-0.33092,0.007729
0.645115,2.759591,8.454197,-0.21958,-0.12746,-0.02848
0.709793,3.696223,9.608819,0.142605,0.114352,0.062058
0.635533,3.631545,9.635169,0.255523,0.201704,0.123843
0.628347,3.574053,9.196796,0.166041,0.164420,0.238892
0.937363,3.504584,8.538040,-0.01185,0.078133,0.200542
1.085883,3.138076,8.430243,-0.05659,0.013152,0.124908
1.172120,2.694913,8.554808,-0.06299,-0.09443,-0.04340
1.253566,2.500879,8.758423,-0.03422,-0.10828,-0.10092
1.404482,2.843432,9.043485,0.005186,-0.11361,-0.13501
1.181702,3.238686,9.225542,0.039274,-0.11894,-0.14140
0.942154,3.312946,9.165655,0.024361,-0.17007,-0.09773
0.716979,3.418347,8.942875,-0.02037,-0.21481,-0.06683
0.690629,3.499794,8.918921,-0.11944,-0.29896,0.033296
0.623556,3.590821,8.954853,-0.19614,-0.34690,0.145148
0.599601,3.605195,8.952457,-0.27497,-0.45130,0.137691
0.887058,3.387206,9.077022,-0.31758,-0.47899,0.088689
1.255962,2.764381,8.914130,-0.40813,-0.38099,0.017317
1.344595,2.663771,8.744050,-0.45394,-0.06248,0.156866
1.181702,3.185986,8.569181,-0.46033,0.052567,0.299612
0.752911,4.041172,8.868616,-0.49442,0.161224,0.631974
0.566064,4.208855,9.141700,-0.61799,0.274142,0.910008
0.228302,3.930979,9.199192,-0.70321,0.183594,1.005881
-0.07352,3.102144,8.552412,-0.75541,0.285860,1.013338
-0.44003,2.599093,9.072232,-0.81719,0.505304,0.595755
-0.06394,1.719953,8.899757,-0.80974,0.486129,0.380572
0.731352,1.700789,9.893880,-0.76286,0.256032,0.059927
0.281002,1.801399,10.32027,-0.76180,0.064285,-0.11371
-0.94069,2.000224,10.78260,-0.76180,-0.11254,-0.13181
-1.29522,2.215817,10.65803,-0.68297,-0.19244,-0.01570
-1.55393,2.158325,10.50712,-0.38043,0.361493,0.287894
-1.66891,2.117602,9.910649,-0.09814,0.596917,0.578711
-1.25689,2.479320,9.843575,0.142605,0.432866,0.923856
-1.52039,2.800314,10.77781,0.235283,0.309295,1.092168
-1.95158,2.647003,10.94070,0.383355,0.281599,1.327591
-1.89169,2.438596,10.61012,0.440879,0.413691,1.362745
-0.96225,1.916382,9.807643,0.496273,0.643788,1.353157
-0.27235,1.684020,9.532163,0.549536,0.866428,1.314808
0.304957,1.592993,9.414785,0.643279,1.056045,1.249827
0.693024,1.547478,9.474672,0.712521,0.828079,1.259414
0.939759,1.571433,9.759734,0.757262,0.757771,1.276458
1.208052,1.310326,9.769315,0.881898,0.440323,1.214673
1.538628,1.015682,9.723801,1.114125,0.281599,0.951553
2.587848,0.479095,10.32267,1.211064,0.409430,0.785372
3.905361,0.737807,10.18133,0.975641,0.883473,0.581906
4.619214,1.113897,9.563304,0.314112,1.161506,0.596820
4.925835,2.062506,7.491215,0.024361,1.036870,0.595755
4.566513,2.115207,7.601408,-0.36659,0.812100,0.439161
4.427576,1.858891,8.161950,-0.63823,0.290121,-0.09666
5.460027,-0.46951,8.782379,-0.69149,-0.18179,-0.20106
6.518828,0.189242,11.11557,-0.53383,-0.70909,-0.42689
6.399055,-0.17247,11.58987,-0.25473,-0.85077,-0.83063
6.672139,-0.62042,11.77912,-0.15779,-0.83053,-1.04048
7.122489,-0.49346,11.00059,-0.06831,-0.76022,-1.38883
6.837427,-0.40483,10.42088,-0.07896,-0.75596,-1.62958
5.893608,-0.01676,9.711824,-0.10453,-0.77833,-1.69775
4.798875,0.423999,9.505813,-0.13968,-0.88806,-1.70308
4.082626,0.608451,9.553723,-0.27923,-0.89445,-1.62212
2.906447,0.864767,9.357294,-0.37511,-0.85184,-1.59975
2.278831,0.850394,8.748842,-0.57644,-0.90084,-1.71480
1.830877,0.570123,8.914130,-0.58816,-0.86888,-1.91507
1.557792,-3.12924,10.15259,-0.49335,-0.91788,-1.90761
0.563669,0.297039,10.56461,-0.41133,-0.85823,-1.86393
-0.49034,0.759366,10.61252,-0.33676,-0.82734,-1.83730
-0.81852,0.800089,10.61491,-0.27497,-0.83692,-1.80641
-1.74796,0.780925,10.21727,-0.28136,-0.75916,-1.76486
-2.16238,0.836021,10.12145,-0.26645,-0.70483,-1.72438
-2.84030,1.236066,10.15738,-0.17803,-0.51521,-1.60934
-3.49427,1.607365,10.16696,-0.11731,-0.43106,-1.52944
-3.87275,1.770258,10.18852,0.001990,-0.28938,-1.31426
-4.66566,2.045738,10.07833,0.022230,-0.27127,-1.03516
-5.32681,2.414642,9.953767,-0.03316,-0.35649,-0.69853
-5.31243,2.539206,9.606423,-0.06512,-0.39058,-0.55366
-5.04175,2.469738,9.465089,-0.09388,-0.36288,-0.35552
-4.50037,2.268517,9.139305,-0.08429,-0.29044,-0.28947
-4.37820,2.227794,9.057858,-0.01185,-0.13491,-0.17443
-4.39736,2.158325,8.966830,0.043535,-0.02839,-0.04553
-4.47162,2.172698,8.518876,0.011578,0.106895,0.128104
-4.46683,2.287681,7.915215,-0.04061,0.212356,0.230369
-4.52432,2.285286,7.699622,-0.17164,0.436062,0.481772
-4.68961,2.292472,7.879283,-0.29521,0.558567,0.759805
-4.68003,1.973874,8.305678,-0.38576,0.541523,0.895094
-4.53390,1.727139,8.403893,-0.64249,0.460563,1.116669
-3.99732,1.044428,8.480548,-0.87046,0.478672,1.280719
-3.43678,0.644383,9.172842,-0.92585,0.524479,1.359549
-3.17327,0.500654,9.575282,-0.90348,0.651245,1.484185
-2.61034,0.117378,10.62929,-0.69149,0.723683,1.543839
-2.12166,-0.08384,11.34793,-0.53703,0.760967,1.560884
-1.90367,-0.10779,11.39824,-0.21106,0.882407,1.613082
-1.60663,-0.05988,11.08682,0.045666,1.069894,1.703629
-1.30480,0.059886,10.41609,0.120234,1.180681,1.752631
-1.10837,0.172474,10.05916,0.164976,1.420365,1.861288
-0.81373,0.354530,9.486649,0.113843,1.664311,1.980597
-0.48315,0.316202,9.386039,0.078689,1.765511,2.035991
-0.20288,0.311411,9.512999,-0.00546,1.858189,2.103103
0.458268,0.292248,9.884299,-0.12157,1.755923,2.087124
1.085883,0.124564,10.21247,-0.19401,1.617439,2.051970
1.387713,0.011977,10.26517,-0.35487,1.292534,1.951835
2.015329,-0.00958,10.42807,-0.45500,0.945258,1.831461
2.738763,-0.18684,10.64606,-0.47205,0.816361,1.756892
3.090898,-0.24913,10.65085,-0.46566,0.739662,1.625865
3.658627,-0.48388,10.56940,-0.44648,0.860037,1.484185
4.116163,-0.76415,11.08922,-0.42091,0.914365,1.405355
4.386852,-0.87435,11.66893,-0.32717,0.835536,1.183780
4.992908,-1.09233,12.83792,-0.17910,0.546849,0.861005
5.392953,-1.58101,13.64040,-0.07683,0.336992,0.657540
5.512727,-1.85170,13.77455,0.114908,-0.08911,0.231435
5.486377,-2.07688,13.40565,0.216108,-0.55037,-0.40239
5.531891,-2.14395,12.66065,0.158584,-0.75277,-0.83808
5.431281,-2.21821,12.24863,0.155388,-0.90297,-1.21412
4.976140,-2.31403,11.90129,0.236348,-1.03400,-1.49855
4.552140,-2.29007,11.89650,0.260849,-1.06595,-1.61892
3.706537,-2.11520,11.89410,0.237413,-1.10856,-1.81600
3.308887,-2.01220,11.68569,0.177759,-1.18207,-1.91507
2.889678,-1.96429,11.39345,0.168171,-1.23533,-1.95128
1.785363,-1.86847,11.19702,0.215043,-1.34825,-2.02053
0.803216,-1.74151,11.41740,0.256588,-1.38766,-2.04290
0.491804,-1.72714,11.56592,0.289611,-1.38979,-2.05035
0.031872,-1.82535,11.52041,0.302395,-1.35890,-2.06420
-0.29870,-1.84930,10.89279,0.260849,-1.26835,-2.13238
-0.40410,-1.92356,10.55503,0.216108,-1.24385,-2.22506
-0.69635,-1.96429,10.24362,0.215043,-1.26303,-2.24956
-1.27845,-1.76786,10.44723,0.208651,-1.29818,-2.22612
-1.66173,-1.63850,10.49035,0.119169,-1.29925,-2.20801
-2.21508,-1.46124,10.06156,0.043535,-1.31629,-2.19843
-2.65345,-1.17618,9.707033,-0.12903,-1.38766,-2.12812
-2.99601,-0.93184,9.642355,-0.20040,-1.42175,-2.08338
-3.53499,-0.42400,9.584864,-0.25580,-1.45051,-2.03438
-3.69309,-0.22757,9.546536,-0.29947,-1.44838,-1.95981
-4.18896,0.134146,9.311779,-0.33889,-1.30457,-1.77552
-4.49558,0.476699,9.144096,-0.34421,-1.18633,-1.68603
-4.83334,0.859976,9.139305,-0.35061,-0.95943,-1.47405
-5.03695,1.147433,9.299801,-0.29841,-0.76448,-1.20454
-5.32681,1.573829,9.572886,-0.16632,-0.55143,-0.91159
-5.38909,1.700789,9.697451,-0.06831,-0.43319,-0.77097
-5.47054,1.890032,9.814829,0.161780,-0.20735,-0.48868
-5.55198,2.134371,9.697451,0.271502,-0.10935,-0.34913
-5.58312,2.234981,9.501022,0.359919,-0.02093,-0.21064
-5.58791,2.251749,9.192006,0.409986,0.065350,-0.07216
-5.54480,2.244563,8.818310,0.400399,0.229401,0.180302
-5.44658,2.309241,8.324842,0.309851,0.356167,0.448748
-5.60229,2.393082,8.212254,0.259784,0.413691,0.614930
-5.62624,2.333195,8.221837,0.187346,0.558567,0.955814
-5.54240,2.040947,8.221837,0.079754,0.781207,1.322265
-5.78674,1.463637,8.157158,-0.09175,1.039001,1.685519
-5.57833,0.723434,8.950062,-0.15034,1.152984,1.826134
-5.21662,0.416812,9.589654,-0.12371,1.353254,2.031730
-4.22249,0.071864,11.09401,-0.00546,1.425692,2.089254
-3.71944,-0.05270,11.67132,0.363115,1.530088,2.108429
-2.87144,-0.29943,11.93243,0.709325,1.632353,2.081798
-2.52170,-0.33776,10.87123,0.800938,1.766576,2.089254
-2.30611,-0.24433,10.12863,0.756197,2.074437,2.153170
-1.98512,0.057491,9.050672,0.451531,2.234227,2.270349
-1.42697,0.069468,8.688955,0.254458,2.240618,2.311894
-1.06046,0.002395,8.672186,-0.15460,2.206530,2.344918
-0.09269,-0.14133,8.909338,-0.44328,2.160723,2.233065
1.102651,-0.30901,9.754942,-0.51040,2.146875,2.115886
1.533838,-0.37369,10.12624,-0.54022,2.177768,1.842113
1.859623,-0.37609,10.96945,-0.53277,2.161789,1.627995
1.392504,-0.39764,11.56832,-0.56792,2.103199,1.581124
1.210448,-0.35932,12.15521,-0.55727,1.706921,1.541709
1.107442,-0.29464,13.59968,-0.42624,1.211574,1.554492
1.162538,-0.51263,13.85121,-0.35167,1.027283,1.576863
1.337408,-0.71145,13.88235,-0.20467,0.737531,1.570471
1.744640,-0.90549,13.87037,-0.05872,0.379603,1.469271
2.561498,-1.36781,13.85600,0.022230,0.158028,1.354223
3.716118,-2.15113,14.08117,0.156453,-0.31920,0.978184
4.322175,-2.57753,14.11950,0.240609,-0.83266,0.391224
5.512727,-3.29138,13.71946,0.265110,-1.07022,0.080167
6.284071,-3.46386,12.90260,0.256588,-1.46117,-0.51637
6.418218,-3.38481,12.32768,0.213978,-1.61989,-1.00533
6.260117,-3.01111,11.04610,0.186281,-1.58580,-1.20240
5.697179,-2.55837,9.783688,0.109582,-1.45158,-1.54648
5.464818,-2.27810,9.386039,-0.11838,-1.38127,-1.73078
4.973744,-1.54268,9.038695,-0.31652,-1.40471,-1.77552
4.168864,-0.69229,8.820706,-0.82465,-1.51976,-1.82026
3.378356,-0.39525,9.129723,-1.34982,-1.74772,-1.82665
2.836978,-0.41202,9.448322,-1.52879,-1.84892,-1.89376
2.173430,-0.72583,11.30242,-1.57246,-2.02576,-2.10149
1.854832,-1.22169,12.64149,-1.22412,-2.38688,-2.17606
1.188889,-1.76786,14.12429,-0.98870,-2.67237,-2.17179
0.216324,-2.14395,15.38431,-0.64888,-3.03030,-2.17606
-1.52997,-2.35236,16.70422,-0.61799,-2.60100,-2.22080
-2.77802,-2.22779,15.20226,-0.62864,-2.29314,-2.21227
-3.20202,-2.31163,13.49428,-0.58283,-1.74453,-2.00348
-3.90389,-1.83733,11.26169,-0.46352,-1.31842,-1.69030
-4.43329,-1.28876,11.12276,-0.20147,-1.13307,-1.44742
-5.71487,-0.44795,11.18743,-0.00227,-1.08406,-1.33982
-6.26584,0.170078,11.68569,0.449401,-0.97434,-1.11931
-6.42154,0.716247,11.81026,0.634757,-0.87314,-1.00746
-6.56048,1.149829,11.67611,0.767915,-0.75703,-0.87324
-6.51496,1.755885,10.40411,0.845679,-0.60363,-0.69853
-6.51736,2.110416,9.572886,0.832896,-0.27766,-0.26178
-6.56527,2.419433,8.686559,0.770045,-0.10083,-0.05405
-6.69223,2.690122,7.824187,0.596407,0.318883,0.295350
-6.55329,2.860201,6.559374,0.480294,0.723683,0.555275
-6.22272,2.714076,6.137770,0.369506,1.172159,0.791763
-5.28848,2.500879,6.144957,0.333287,1.378820,0.883376
-4.80938,2.268517,6.523442,0.348201,1.879494,0.998425
-4.67763,1.801399,7.093566,0.529296,2.289620,1.247696
-4.55546,1.638506,7.440910,0.611321,2.333296,1.459684
-4.80938,1.516337,8.545226,0.610256,2.064850,1.833591
-6.21793,1.533105,10.24122,0.450466,1.952997,2.004033
-6.46945,1.504360,10.89998,0.391877,1.988151,2.028534
-5.65020,0.927049,11.02454,0.332222,2.271511,2.021077
-4.08595,0.517423,10.69397,0.306656,2.685898,1.900703
-3.41522,0.337762,10.55982,0.238479,2.864863,1.842113
-2.16957,-0.09581,10.41609,-0.14395,2.987368,1.837852
-1.26408,-0.40244,10.27236,-0.59668,2.749814,1.929465
-1.10597,-0.43118,10.15498,-0.65314,2.591090,1.947574
-1.33834,-0.49346,10.32027,-0.33463,2.423844,1.936922
-0.62688,-0.79529,12.01627,0.278959,2.535696,1.720673
-0.01603,-0.88632,13.17329,0.550601,2.660332,1.480989
1.430832,-1.29355,14.18178,0.538883,3.237705,1.046361
4.319779,-1.20013,14.02847,0.307721,2.710399,0.940900
6.391868,0.522213,13.61166,0.293872,2.092546,0.861005
5.730716,1.736721,13.30743,0.386550,1.021957,0.738500
3.680186,-0.81206,16.11733,0.481359,0.538327,0.769393
3.653836,-1.34625,16.94856,0.565515,-0.49710,0.749153
3.071735,-2.16072,17.25518,0.482424,-1.40577,0.275110
3.771214,-3.01830,16.53175,0.438748,-1.86171,-0.38854
4.918649,-3.32252,15.74843,0.471771,-1.94693,-0.73475
6.626625,-3.92139,13.59968,0.494142,-2.01830,-1.31745
7.117698,-3.87828,11.93722,0.235283,-2.14613,-1.69349
6.978760,-3.60040,11.34554,-0.00653,-2.28355,-1.80747
6.063687,-2.91769,10.00646,-0.56046,-2.54774,-2.05568
4.638378,-1.99303,9.129723,-0.91520,-2.61272,-2.36035
4.058672,-1.68881,8.962039,-0.97592,-2.65320,-2.47007
3.191509,-1.58580,9.342921,-0.93650,-2.96745,-2.50522
1.533838,-1.49717,10.98861,-0.80974,-3.31046,-2.43598
0.225906,-1.28158,12.18395,-0.78950,-3.27318,-2.42426
-2.10728,-1.06838,13.82246,-0.81293,-2.81831,-2.52333
-2.91696,-1.08754,13.24275,-0.73410,-2.18768,-2.64903
-2.78041,-1.05161,12.53609,-0.60094,-1.95758,-2.58086
-2.63189,-0.85997,11.91566,-0.28989,-1.71790,-2.15155
-3.90868,-0.26110,13.02237,-0.05872,-1.72748,-1.57951
-5.69092,0.907886,13.86798,0.013708,-1.65505,-1.39309
-6.22272,1.303139,13.88714,0.133018,-1.30351,-1.37391
-5.80590,1.310326,12.85708,0.315178,-1.03932,-1.45700
-4.78064,0.919863,12.03543,0.395072,-1.01056,-1.42398
-3.75537,0.586891,11.45094,0.418508,-1.12348,-1.22371
-3.21400,0.428790,11.25451,0.311982,-1.13413,-1.00640
-3.52780,0.675524,11.21139,0.234218,-0.94664,-0.83808
-4.31352,1.252835,10.68438,0.224630,-0.81455,-0.74221
-4.42850,1.482800,10.13342,0.250197,-0.52374,-0.50892
-4.07637,1.722348,9.148886,0.301329,-0.19244,-0.20106
-3.93983,1.990642,8.686559,0.353527,-0.04117,-0.03381
-3.90868,2.081670,8.547621,0.425965,0.138853,0.245283
-3.88713,2.287681,8.312865,0.403595,0.236858,0.413595
-3.83442,2.316427,8.308073,0.398268,0.292251,0.488163
-3.69309,2.239772,8.432639,0.434487,0.430736,0.626648
-3.14692,1.880450,8.355983,0.439814,0.639527,0.803481
-2.87384,1.552269,8.248187,0.424900,0.779077,0.881245
-2.78520,1.389377,8.300888,0.391877,1.065633,1.004816
-2.82593,1.226484,8.233814,0.381224,1.328753,1.164606
-2.83791,1.149829,7.817000,0.384420,1.469367,1.244500
-2.76604,1.130665,7.730763,0.403595,1.716509,1.391507
-2.83311,1.233671,7.850537,0.356723,1.913582,1.553427
-2.95289,1.327094,8.046966,0.282155,1.973237,1.640778
-2.91935,1.307930,8.178718,0.076559,2.020109,1.828265
-2.93612,1.406145,8.461384,-0.14395,1.975368,2.051970
-3.02236,1.521128,8.389520,-0.27071,1.901865,2.160627
-3.01038,1.489987,8.406289,-0.52105,1.749532,2.304438
-2.96007,1.329490,8.612299,-0.62012,1.710117,2.351309
-2.73730,0.960586,9.079418,-0.60094,1.741010,2.347048
-2.43067,0.641987,9.211169,-0.50400,1.889081,2.328939
-1.49644,-0.01437,9.656728,-0.46779,1.983890,2.298046
-0.49513,-0.59168,10.41370,-0.36019,2.113852,2.067949
-0.12143,-0.82883,10.75864,-0.26965,2.146875,1.957162
0.599601,-1.22169,11.15390,0.009447,2.168180,1.716412
1.061928,-1.36302,11.38386,0.144736,2.144744,1.582189
2.396210,-1.54987,12.41631,0.229957,2.030761,1.320134
2.786673,-1.56185,12.78282,0.087211,1.881624,1.084711
3.308887,-1.36063,13.08705,0.030752,1.771902,0.954749
3.543644,-1.21929,12.95051,0.065906,1.464041,0.734239
3.814333,-0.97016,12.21509,0.210782,1.046458,0.506273
4.235937,-0.73301,12.30852,0.274698,0.813165,0.341157
4.401225,-0.63240,12.85948,0.354592,0.316752,-0.08175
4.413203,-0.57251,13.87037,0.385485,-0.20203,-0.55153
5.016863,-0.73541,14.23927,0.381224,-0.43745,-0.76671
5.294739,-0.83602,14.17699,0.354592,-0.91469,-1.13849
5.579801,-1.13545,13.81048,0.321569,-1.28220,-1.41546
5.316298,-1.12108,13.24994,0.308786,-1.40364,-1.52944
5.048005,-1.03005,12.98404,0.288546,-1.53574,-1.73184
4.307802,-0.77853,12.51932,0.284285,-1.62415,-1.84476
3.428661,-0.56054,11.99950,0.258719,-1.72535,-1.81387
3.040593,-0.50544,11.73121,0.129822,-1.95225,-1.60827
2.329136,-0.37609,11.40063,-0.05979,-1.97782,-1.50068
1.155352,0.057491,11.43417,-0.12690,-1.93841,-1.55607
0.503782,0.246733,11.38386,-0.14927,-1.79033,-1.74036
-0.11185,0.189242,10.80655,-0.10133,-1.62522,-1.85541
0.472640,-0.49107,10.55742,-0.09068,-1.58900,-1.89909
0.683443,-0.84320,10.69636,-0.08216,-1.59965,-1.93531
0.201951,-1.18815,11.04850,-0.03316,-1.63907,-1.93104
-0.75863,-1.17857,11.38865,0.014773,-1.59646,-1.93957
-1.32875,-1.09473,11.59227,0.172432,-1.43560,-2.01627
-2.63669,-1.01568,12.00908,0.348201,-1.28220,-2.10149
-3.20920,-1.11629,11.92524,0.406790,-1.25238,-2.10681
-3.25951,-1.11150,11.81984,0.436618,-1.25131,-2.01627
-3.44875,-0.97016,11.66893,0.450466,-1.30138,-1.92252
-4.22010,-0.53658,11.34793,0.468576,-1.35571,-1.79895
-4.74231,-0.19642,11.00298,0.488816,-1.38021,-1.65088
-5.70050,0.582100,10.68199,0.568710,-1.30138,-1.33237
-6.05743,1.013287,10.56940,0.650736,-1.10537,-0.97870
-6.30656,1.394168,10.27715,0.590016,-0.82414,-0.64847
-6.36884,1.743908,9.884299,0.500534,-0.67181,-0.52064
-6.28739,2.002619,9.508209,0.306656,-0.42147,-0.33954
-6.22990,2.215817,9.105768,0.168171,-0.24570,-0.17762
-5.92807,2.474529,8.025407,0.131952,-0.15728,-0.08175
-5.30764,2.625444,7.007329,0.103190,-0.01347,0.130235
-4.99144,2.658980,6.751013,0.142605,0.203834,0.330504
-4.65607,2.668562,6.863600,0.187346,0.370015,0.429574
-4.71357,2.699704,7.198967,0.234218,0.792925,0.661801
-4.83094,2.821873,7.424142,0.270437,1.206247,0.872723
-4.92437,3.008720,7.599012,0.319439,1.352188,0.948357
-4.86208,3.202754,7.596617,0.482424,1.495999,1.057014
-4.97228,3.303364,7.507984,0.572971,1.492803,1.104951
-5.16631,3.514166,7.539125,0.651801,1.484281,1.159279
-5.08726,3.724968,8.444616,0.702934,1.491738,1.221065
-5.11601,3.662686,9.000367,0.610256,1.643005,1.382985
-5.21182,3.265037,9.589654,0.160714,1.954062,1.596037
-5.03456,3.020698,9.259078,-0.15673,2.106395,1.711086
-4.83334,2.915297,8.734469,-0.79802,2.288555,1.908159
-4.41413,2.685331,7.158244,-1.26247,2.266185,2.026404
-4.10751,2.457760,6.259940,-1.38285,2.236357,2.048774
-3.86317,2.199048,6.358154,-1.34024,2.290686,1.997642
-3.43198,1.255230,7.670876,-1.00255,2.487759,1.939052
-2.99122,-0.10061,9.577677,-0.78950,2.552740,1.929465
-2.67741,-0.71624,10.59815,-0.42198,2.461128,1.884724
-1.96835,-1.64569,12.33008,-0.27923,2.169245,1.793111
-1.71922,-1.68402,13.70508,-0.27817,1.980694,1.745174
-1.51321,-1.74151,14.17220,-0.28882,1.530088,1.663149
-0.99099,-2.12478,14.25604,-0.30800,1.077350,1.537448
-0.56460,-2.38589,13.61884,-0.33569,0.847254,1.466075
-0.27474,-2.29247,13.46553,-0.40707,0.375342,1.320134
0.666674,-1.93554,13.05591,-0.51572,0.001434,1.196563
1.756617,-1.50915,12.42111,-0.57325,-0.16900,1.121995
2.252481,-1.29595,12.13125,-0.65527,-0.43532,0.910008
3.165158,-0.83602,11.35991,-0.61799,-0.55569,0.647953
4.065858,-0.36650,10.87602,-0.56792,-0.55676,0.497751
4.607236,-0.28266,10.74188,-0.43796,-0.58978,0.121713
5.668433,-0.04790,10.77781,-0.38576,-0.67820,-0.09560
6.408636,0.055095,11.06047,-0.34848,-0.90403,-0.59414
6.700885,-0.03114,11.18743,-0.36339,-1.11176,-1.11505
6.988342,-0.26829,11.72163,-0.36765,-1.36316,-1.45807
6.997924,-0.41920,11.84380,-0.38789,-1.50591,-1.55288
6.933246,-0.77613,11.72642,-0.44115,-1.92456,-1.67325
6.068478,-0.80727,11.97315,-0.42944,-2.01297,-1.67219
4.499440,-0.48867,12.49776,-0.39748,-1.96610,-1.72758
3.809542,-0.43118,12.62951,-0.37617,-1.88514,-1.82558
2.618989,-0.49107,12.93853,-0.33676,-1.79673,-1.95768
1.991374,-0.80488,12.76126,-0.28136,-1.69659,-2.08444
2.180617,-1.37260,12.35643,-0.23130,-1.60711,-2.19949
2.338718,-1.78463,12.33487,-0.18443,-1.55065,-2.40402
2.214153,-2.06490,12.38757,-0.16312,-1.60285,-2.52333
1.945860,-2.19425,12.47141,-0.12903,-1.58687,-2.56914
1.646425,-2.24456,12.59837,0.058449,-1.38766,-2.68845
0.522946,-2.20144,13.03435,0.372702,-1.08406,-2.80563
-0.60771,-2.24456,13.09663,0.709325,-0.98499,-2.84078
-0.87361,-2.30924,13.07747,0.833961,-1.01695,-2.78539
-1.48686,-2.10562,13.06309,0.914921,-1.12135,-2.53611
-2.39714,-1.70797,13.18047,0.862723,-1.16076,-2.19203
-3.11339,-1.44447,13.13496,0.830765,-1.13200,-2.02159
-4.52193,-0.65636,12.34206,0.793481,-1.00950,-1.72119
-5.48251,0.273084,10.89998,0.789220,-0.90723,-1.59016
-5.64780,0.951004,9.783688,0.755132,-0.70483,-1.33024
-5.57594,1.164202,9.328548,0.649670,-0.51415,-1.01066
-5.41304,1.513942,8.643441,0.590016,-0.44171,-0.83808
-5.42981,1.648088,8.384729,0.546340,-0.27446,-0.53981
-5.57833,2.026574,7.802628,0.588950,-0.03584,-0.29800
-5.73164,2.469738,7.476842,0.590016,0.101569,-0.17443
-5.68134,2.579930,7.436120,0.501599,0.307165,0.056731
-5.36753,2.563161,7.433724,0.360984,0.309295,0.268719
-5.33878,2.520043,7.112730,0.176693,0.346580,0.466858
-5.33160,2.543998,6.885159,0.066971,0.411561,0.546753
-5.38669,2.596698,6.772572,-0.14501,0.600112,0.726782
-5.46335,2.551184,6.676753,-0.29095,0.795056,0.954749
-5.23578,2.393082,6.204843,-0.33250,0.895190,1.067667
-5.11601,2.402664,6.077883,-0.37085,1.095460,1.266871
-5.13517,2.460156,6.291081,-0.38256,1.219031,1.367006
-5.03456,2.232585,6.865995,-0.44968,1.472563,1.592841
-4.86688,2.076879,7.165431,-0.45394,1.694138,1.806959
-4.56984,1.854099,7.618176,-0.45287,1.780424,1.909225
-4.54109,1.760676,7.704413,-0.53277,1.924235,2.126538
-4.41173,1.600179,8.111644,-0.74902,1.883755,2.360897
-4.15063,1.432495,8.784774,-0.99935,1.760184,2.548383
-4.05960,1.343863,8.926107,-1.09629,1.717574,2.587798
-4.01888,1.157015,9.256683,-1.12186,1.772968,2.582471
-3.78891,0.766552,9.774106,-0.89922,1.873102,2.561166
-3.05829,0.122169,10.41130,-0.77884,1.921039,2.582471
-2.55284,-0.27308,10.85925,-0.59775,2.053132,2.576080
-1.70724,-0.90309,12.20312,-0.27391,2.158593,2.354505
-1.44134,-1.14983,13.26431,-0.05340,2.220378,2.200042
-1.27366,-1.26481,13.43918,0.299199,2.237422,1.838917
0.077387,-1.72474,14.24167,0.308786,2.006260,1.467140
1.497905,-2.23977,14.93396,0.217173,1.814513,1.300959
2.123125,-2.25893,14.91240,0.012643,1.278685,1.072993
2.944774,-1.83733,14.20095,-0.13649,0.716226,0.964336
3.316073,-1.09712,13.14694,-0.18762,0.485064,0.932378
3.313678,-0.64917,13.01998,-0.23449,0.100504,0.843961
3.193904,0.141332,13.01998,-0.13010,-0.16794,0.654344
3.349610,0.610846,12.96248,-0.01931,-0.26807,0.519056
3.476570,0.694688,12.87625,0.247001,-0.41295,0.197346
4.099395,0.579705,12.93853,0.431291,-0.53119,-0.12968
4.758152,0.198824,13.15173,0.468576,-0.60043,-0.28415
5.055191,-0.02155,13.15652,0.462184,-0.78366,-0.59414
5.340253,-0.29464,12.78282,0.389746,-1.00310,-0.94994
5.270784,-0.48628,12.02585,0.343940,-1.10324,-1.13849
5.194128,-0.55335,11.70486,0.272567,-1.26196,-1.47831
4.988117,-0.68989,11.24493,0.262980,-1.40364,-1.71054
4.736592,-0.92705,10.97424,0.233152,-1.52721,-1.83091
4.506626,-0.98214,10.93112,0.215043,-1.56982,-1.87459
3.752050,-0.88632,11.22337,0.213978,-1.56237,-2.00561
2.793859,-0.77613,11.48447,0.252327,-1.51656,-2.08977
2.319554,-0.81925,11.51801,0.356723,-1.36955,-2.30069
1.715894,-1.13545,11.52041,0.470706,-1.30031,-2.50948
1.428436,-1.65527,11.70007,0.541014,-1.33866,-2.56914
1.277521,-1.82775,11.85577,0.698673,-1.49419,-2.64903
0.875081,-2.15832,12.04022,0.774306,-1.68061,-2.74171
-0.19090,-2.27091,12.34206,0.684824,-1.80418,-2.85037
-0.75384,-2.29247,12.36361,0.584689,-1.84253,-2.87167
-1.61142,-2.03376,11.98513,0.351397,-1.81590,-2.75875
-2.41151,-1.57862,10.91674,0.227826,-1.77009,-2.61814
-3.52541,-1.10431,9.678287,0.108517,-1.67848,-2.46155
-4.09314,-0.74978,9.129723,-0.00866,-1.52082,-2.33798
-5.21422,0.191637,8.482944,-0.35913,-1.06063,-1.97366
-5.57833,0.618033,8.207464,-0.33782,-1.04891,-1.62212
-5.67655,0.845603,7.908029,-0.00227,-1.16928,-1.15660
-5.71967,0.965377,7.783464,0.084016,-1.10750,-1.01705
-6.42394,1.195343,8.212254,0.146866,-0.98393,-0.87750
-6.85512,1.418123,9.041090,0.235283,-0.70696,-0.56857
-7.27673,1.902009,10.67959,0.320504,-0.44171,-0.17975
-7.16414,2.072088,10.28673,0.370571,-0.30003,0.025839
-7.10665,2.220608,9.695055,0.448336,-0.00921,0.379506
-7.09707,2.407455,9.251893,0.465380,0.145245,0.528643
-7.27912,2.879364,8.736865,0.409986,0.377472,0.791763
-7.31266,3.205150,8.411079,0.218239,0.548980,1.017599
-7.09946,3.253059,8.188300,-0.00866,0.714096,1.235978
-6.47424,3.291387,7.718786,-0.11092,0.779077,1.355288
-6.24907,3.238686,7.589430,-0.20147,0.868559,1.605625
-5.94963,3.018302,7.148662,-0.14714,0.974020,1.880463
-5.72685,2.876969,7.103148,-0.12051,1.091199,2.023208
-5.71727,2.579930,7.476842,-0.12051,1.378820,2.233065
-5.75799,2.405060,7.876887,-0.14608,1.606786,2.372614
-5.68373,2.012201,8.856638,-0.12584,1.701595,2.437596
-5.55677,1.391772,9.175237,-0.04061,1.826231,2.546252
-5.36274,1.034846,9.153677,-0.04807,1.850732,2.628278
-4.70638,0.352135,9.333338,-0.09601,1.795338,2.649583
-4.16979,0.069468,10.00167,-0.23982,1.701595,2.647452
-3.84640,-0.05270,10.33225,-0.36232,1.652593,2.572884
-3.20202,-0.31859,10.53586,-0.41452,1.661115,2.419486
-2.43067,-0.68031,10.47837,-0.43689,1.633418,2.325743
-1.90606,-0.79050,10.39453,-0.50294,1.501325,2.130800
-0.81612,-0.93902,10.29153,-0.53490,1.392668,2.031730
0.424731,-1.11629,10.51670,-0.55514,1.195595,1.818677
1.593724,-1.05401,10.74667,-0.49868,1.105047,1.617343
2.080007,-0.86716,10.87602,-0.46033,1.093329,1.527860
2.932797,-0.46951,11.15629,-0.38256,1.041131,1.318004
3.356796,-0.32818,11.32877,-0.19614,0.803578,1.058079
3.982017,-0.24433,11.69528,-0.06085,0.638462,0.934509
4.305406,-0.38088,12.09053,0.188411,0.264554,0.659671
4.396434,-0.40244,12.26780,0.368441,-0.10722,0.310264
4.815643,-0.29943,13.13496,0.413182,-0.29151,0.147279
5.036027,-0.08384,13.97338,0.401464,-0.61641,-0.09347
5.057586,0.023954,14.07878,0.317308,-0.85397,-0.27776
5.330671,0.095818,13.53979,0.270437,-0.91895,-0.35872
5.335462,0.352135,12.56483,0.234218,-0.90936,-0.58668
5.122264,0.529400,11.94680,0.297068,-0.87208,-0.85939
4.832411,0.917467,10.89519,0.322635,-0.86675,-0.98616
4.722219,1.034846,10.06156,0.288546,-0.90297,-1.17258
4.712637,0.982145,9.778898,0.160714,-0.99139,-1.30254
4.734197,0.888722,9.774106,0.104256,-1.03613,-1.35900
4.188027,0.864767,9.877112,0.130887,-1.20657,-1.42931
3.749655,0.874349,9.814829,0.255523,-1.39299,-1.46659
2.791464,1.032450,9.639960,0.317308,-1.44412,-1.48470
1.914718,1.063592,9.826807,0.405725,-1.47608,-1.54009
1.399691,1.168993,10.34423,0.531426,-1.56024,-1.56886
0.304957,1.398959,11.53717,0.588950,-1.62628,-1.53690
-0.38014,1.485196,11.71204,0.694412,-1.71150,-1.42078
-0.55022,1.516337,11.50603,0.764719,-1.67848,-1.34622
-0.97422,1.494778,11.31679,0.811591,-1.61776,-1.21199
-1.79827,1.846913,11.46531,0.859527,-1.59539,-1.09162
-2.38037,2.184676,11.15629,0.845679,-1.50165,-0.84235
-2.37318,2.239772,10.77781,0.367376,-0.83905,-0.76884
-2.31090,2.155930,10.25799,0.108517,-0.73572,-0.75819
-2.80916,2.563161,10.18852,-0.17697,-0.77620,-0.70812
-2.88821,2.773963,9.941790,-0.23449,-0.89764,-0.63781
-2.16238,2.924879,7.795441,-0.21106,-0.90510,-0.61012
-1.05088,3.061421,5.931759,-0.16312,-0.66968,-0.58775
-1.60184,2.742822,6.988165,-0.21425,-0.18179,-0.63462
-1.69047,3.011116,8.626672,-0.24621,0.073872,-0.64847
-1.51800,3.039861,9.333338,-0.21425,0.391321,-0.58562
-1.28084,2.979974,9.225542,-0.11199,0.347645,-0.36404
-0.75384,2.627839,8.142786,-0.02357,0.258163,-0.22556
-0.27953,2.809895,7.383419,0.145801,0.068546,0.032230
-0.30588,2.996743,7.711599,0.124496,-0.00602,0.141953
-1.24252,3.384810,8.808729,0.048862,0.004630,0.132365
-1.94439,3.708200,9.829202,-0.10453,0.072807,0.095081
-1.95876,3.763296,10.07593,-0.16632,0.122874,0.094016
-1.31438,3.547703,9.486649,-0.22704,0.210226,0.117451
-0.11904,3.233895,8.233814,-0.18016,0.246445,0.178171
0.348076,3.190777,7.958334,-0.16312,0.243249,0.194150
0.616369,3.293782,7.924797,-0.13968,0.226205,0.200542
0.633138,3.317737,8.066130,-0.14181,0.202769,0.149409
0.594810,3.380019,8.698536,-0.12797,0.189986,0.135561
0.760098,3.360856,9.105768,-0.05127,0.170811,0.133430
0.891849,3.310551,9.098582,-0.02570,0.161224,0.130235
1.140979,3.288991,9.206378,-0.03742,0.140984,0.091885
1.541024,3.178799,9.074626,-0.07577,0.130331,0.054601
1.541024,3.169217,9.144096,-0.08323,0.114352,0.031165
1.524256,3.236291,9.421971,-0.07470,0.101569,0.005599
1.521860,3.243477,9.575282,-0.05872,0.109026,-0.01037
1.670380,3.269827,9.345315,-0.05872,0.127135,-0.01996
1.787758,3.253059,9.098582,-0.04594,0.138853,-0.05192
1.725476,3.212336,9.079418,-0.03422,0.121809,-0.10731
1.727871,3.207545,9.218356,-0.03955,0.105830,-0.12968
1.639239,3.190777,9.342921,-0.08003,0.080264,-0.14779
1.687148,3.221918,9.297407,-0.07577,-0.00389,-0.15419
1.708707,3.207545,9.273451,-0.05233,-0.02626,-0.15099
1.670380,3.011116,9.350107,0.043535,0.037653,-0.14034
1.557792,2.932065,9.309384,0.060580,0.080264,-0.14353
1.392504,2.946438,9.247101,0.061645,0.136723,-0.14566
1.133793,2.951229,9.340525,0.036079,0.243249,-0.12436
0.951736,2.917692,9.568096,-0.00440,0.310361,-0.06577
0.882267,2.910506,9.527372,-0.03529,0.314622,-0.02316
0.887058,2.908110,9.225542,-0.13542,0.256032,0.082298
0.855917,2.910506,9.009949,-0.28243,0.126070,0.174976
0.791239,2.967997,8.825497,-0.36339,0.062154,0.205868
0.539714,3.118912,8.722492,-0.49016,-0.02626,0.226108
0.206742,3.207545,8.681768,-0.55727,-0.03691,0.231435
0.053432,3.231500,8.621881,-0.55514,-0.00282,0.230369
-0.19569,3.188381,8.542831,-0.43050,0.080264,0.220782
-0.17174,3.039861,8.475757,-0.18656,0.074937,0.217586
-0.05196,2.920088,8.588345,-0.08642,0.058959,0.214390
0.158833,2.728449,8.818310,0.004121,0.020609,0.187759
0.352867,2.644608,9.108163,-0.01718,0.016348,0.155801
0.384008,2.582325,9.374062,-0.05127,0.022740,0.137691
0.355262,2.445783,10.14780,-0.08962,0.032327,0.118517
0.369635,2.309241,10.36818,-0.12584,0.035523,0.099342
0.587623,2.316427,9.915440,-0.17164,0.058959,0.086559
0.657092,2.333195,9.649541,-0.16525,0.076003,0.098277
0.841544,2.330800,9.208773,-0.14608,0.070676,0.111060
0.894245,2.352359,9.103372,-0.12264,0.055763,0.116386
0.939759,2.405060,9.170446,-0.07044,0.037653,0.100407
0.800821,2.510461,9.472276,-0.02357,0.050436,0.057797
0.755307,2.517647,9.685474,-0.01292,0.066415,0.029035
0.851126,2.443387,9.853157,-0.01611,0.109026,-0.02848
1.021205,2.326009,9.786084,-0.01718,0.112222,-0.05512
1.157747,2.244563,9.611214,-0.01079,0.113287,-0.05618
1.186493,2.234981,9.486649,0.010512,0.110091,-0.05085
1.090674,2.294868,9.424366,0.033948,0.080264,-0.05725
0.927781,2.412246,9.560909,0.031818,0.083460,-0.06044
0.870290,2.452969,9.592050,0.026491,0.081329,-0.06790
0.822380,2.455365,9.687870,0.040340,0.080264,-0.09027
0.843940,2.414642,9.556118,0.058449,0.076003,-0.09986
0.831962,2.397873,9.489045,0.077624,0.088786,-0.11264
0.879872,2.359546,9.512999,0.068037,0.099439,-0.12755
0.896640,2.314032,9.577677,0.062710,0.097308,-0.13501
0.884663,2.330800,9.560909,0.057384,0.072807,-0.14673
0.824776,2.316427,9.376457,0.065906,0.031262,-0.15419
0.757702,2.323613,9.383644,0.059514,0.022740,-0.15099
0.724166,2.330800,9.407598,0.052058,0.001434,-0.14353
0.671465,2.357150,9.539350,0.073363,-0.02839,-0.13927
0.522946,2.352359,9.469881,0.084016,-0.01987,-0.13714
0.470245,2.347568,9.414785,0.125561,-0.02519,-0.12862
0.417544,2.357150,9.524977,0.144736,-0.01347,-0.12755
0.412753,2.354755,9.453112,0.141540,-0.01667,-0.13608
0.372030,2.364336,9.474672,0.103190,-0.01028,-0.13927
0.314539,2.359546,9.409994,0.009447,0.000369,-0.11264
0.297771,2.393082,9.203983,-0.04275,-0.00495,-0.09879
0.254652,2.445783,9.141700,-0.12157,-0.01241,-0.08920
0.058223,2.527229,8.880593,-0.11305,-0.01667,-0.07109
-0.01843,2.572743,8.753633,-0.09388,-0.03158,-0.05618
-0.11185,2.623048,8.741655,-0.06192,-0.04756,-0.04446
-0.10706,2.608675,8.806333,-0.05659,0.006761,-0.03381
-0.13101,2.524834,9.093791,-0.06512,0.040849,-0.02529
-0.25797,2.539206,9.501022,-0.09494,0.080264,0.007729
-0.25318,2.539206,9.544140,-0.10560,0.084525,0.051405
-0.19569,2.534415,9.395621,-0.08749,0.074937,0.072710
-0.24121,2.551184,9.175237,-0.05340,0.042980,0.104668
-0.25558,2.567952,9.184819,-0.04594,0.036588,0.107864
-0.29630,2.623048,9.311779,-0.04168,0.027001,0.107864
-0.28433,2.594302,9.604027,-0.04168,0.023805,0.114256
-0.20288,2.584721,9.740570,-0.03529,0.046175,0.125974
0.019895,2.493692,9.625587,-0.03529,0.056828,0.135561
0.187579,2.455365,9.592050,-0.03742,0.030196,0.167519
0.185183,2.464947,9.553723,-0.04275,0.013152,0.177106
0.213929,2.486506,9.469881,-0.05446,0.005695,0.163258
0.216324,2.517647,9.441135,-0.08855,-0.03265,0.121713
0.201951,2.520043,9.441135,-0.11731,-0.09656,0.103603
0.261838,2.496088,9.474672,-0.12690,-0.13811,0.100407
0.482222,2.378710,9.364480,-0.14714,-0.18392,0.113190
0.568460,2.323613,9.350107,-0.16312,-0.16900,0.120647
0.534923,2.261331,9.374062,-0.16312,-0.14770,0.119582
0.470245,2.318822,9.498626,-0.13862,-0.07313,0.127039
0.422335,2.326009,9.484253,-0.09494,-0.01241,0.129169
0.436708,2.314032,9.340525,-0.07790,0.016348,0.120647
0.554087,2.254145,9.299801,-0.03209,0.032327,0.094016
0.585228,2.223003,9.311779,-0.01505,0.037653,0.062058
0.652301,2.163116,9.441135,-0.02357,0.024870,0.053536
0.774471,2.074484,9.508209,-0.04168,0.012087,0.048209
0.879872,2.036156,9.692660,-0.07044,0.007826,0.045014
0.934968,2.005015,9.687870,-0.09388,0.006761,0.041818
0.889454,2.024178,9.580073,-0.07683,0.008891,0.038622
0.858313,2.040947,9.529767,-0.04381,0.032327,0.003468
0.846335,2.040947,9.400412,-0.03209,0.066415,-0.04766
0.918200,2.000224,9.671101,-0.01292,0.054697,-0.06257
1.059533,1.954710,9.704638,0.001990,0.021674,-0.05831
1.090674,1.942732,9.647146,0.017969,-0.01560,-0.05405
0.915804,1.997828,9.630378,0.017969,-0.04011,-0.04659
0.743330,2.033761,9.781293,0.028622,-0.04756,-0.04659
0.640324,2.093647,9.879508,0.070167,-0.05076,-0.04872
0.594810,2.139162,9.893880,0.103190,-0.00921,-0.06683
0.585228,2.182280,9.805248,0.108517,0.014217,-0.07642
0.609183,2.167907,9.728592,0.086146,0.032327,-0.07855
0.621160,2.148744,9.776502,0.045666,0.013152,-0.07536
0.700211,2.136766,9.635169,0.031818,-0.00389,-0.07216
0.719375,2.136766,9.462695,0.029687,-0.00708,-0.07003
0.685838,2.136766,9.383644,0.053123,0.019544,-0.06364
0.578042,2.194257,9.347711,0.062710,0.048306,-0.06257
0.527736,2.201444,9.450716,0.060580,0.102634,-0.06257
0.525341,2.167907,9.460299,0.031818,0.134592,-0.05192
0.513364,2.131975,9.522582,0.010512,0.144180,-0.04766
0.537318,2.148744,9.453112,-0.02570,0.151636,-0.05192
0.544505,2.155930,9.409994,-0.04594,0.163354,-0.05299
0.482222,2.153534,9.311779,-0.04381,0.153767,-0.03594
0.424731,2.184676,9.285429,0.003055,0.132462,0.016251
0.443895,2.187071,9.280638,0.087211,0.084525,0.032230
0.443895,2.220608,9.235124,0.128757,0.082394,0.027969
0.240279,2.273308,9.297407,0.180954,0.125005,0.034361
0.130087,2.323613,9.398016,0.193738,0.117548,0.055666
0.098946,2.342777,9.798061,0.182020,0.119679,0.068449
0.182788,2.225399,9.833993,0.152192,0.096243,0.084428
0.187579,2.213421,9.742965,0.092538,0.072807,0.078037
0.118110,2.242167,9.594446,0.063776,0.054697,0.066319
0.022291,2.275704,9.472276,0.032883,-0.00602,0.045014
0.024686,2.273308,9.455508,0.024361,-0.08059,0.035426
0.110923,2.256540,9.431553,0.021165,-0.09870,0.023708
0.204347,2.218212,9.364480,-0.00333,-0.08804,0.016251
0.242675,2.239772,9.421971,-0.05446,-0.03158,0.029035
0.189974,2.270913,9.568096,-0.08323,-0.00389,0.031165
0.168415,2.249354,9.505813,-0.10453,0.022740,0.037557
0.185183,2.249354,9.350107,-0.07577,0.038719,0.054601
0.130087,2.275704,9.091395,-0.05766,0.050436,0.065254
0.110923,2.333195,8.935689,-0.03848,0.106895,0.088689
0.137273,2.349964,8.981204,-0.02996,0.177203,0.101473
0.106132,2.373919,9.237520,-0.02251,0.175072,0.098277
0.082177,2.397873,9.335734,-0.01505,0.126070,0.085494
0.094155,2.402664,9.335734,-0.01824,0.097308,0.071645
0.101341,2.369127,9.283034,-0.03848,0.071742,0.038622
0.182788,2.302054,9.481858,-0.03209,0.063220,0.017317
0.213929,2.268517,9.594446,0.009447,0.040849,0.006664
0.304957,2.203840,9.630378,0.037144,0.037653,0.002403
0.348076,2.177489,9.580073,0.080820,0.024870,-0.02742
0.312143,2.148744,9.568096,0.082950,0.011022,-0.07323
0.304957,2.199048,9.790875,0.072298,0.007826,-0.09027
0.333703,2.196653,9.831598,0.061645,0.002500,-0.10944
0.429522,2.146348,9.747756,0.081885,-0.00602,-0.11157
0.470245,2.127184,9.663914,0.097864,-0.01560,-0.10838
0.479827,2.134371,9.474672,0.112778,-0.02839,-0.10412
0.422335,2.148744,9.433949,0.113843,-0.02732,-0.09773
0.290584,2.232585,9.536954,0.092538,-0.01347,-0.08920
0.166019,2.306845,9.647146,0.077624,-0.01347,-0.09560
0.151646,2.321218,9.656728,0.071232,-0.02306,-0.10305
0.139669,2.318822,9.546536,0.061645,-0.02945,-0.12329
0.144460,2.311636,9.409994,0.060580,-0.03478,-0.13181
0.209138,2.304450,9.321361,0.053123,-0.02519,-0.13714
0.252256,2.294868,9.352502,0.044601,0.011022,-0.14779
0.261838,2.282890,9.326152,0.052058,0.035523,-0.16377
0.285793,2.282890,9.330943,0.059514,0.049371,-0.17656
0.269025,2.287681,9.304593,0.092538,0.106895,-0.21171
0.264234,2.302054,9.259078,0.133018,0.148441,-0.24899
0.290584,2.314032,9.206378,0.145801,0.163354,-0.26284
0.324121,2.321218,9.235124,0.138344,0.181464,-0.28947
0.343285,2.273308,9.326152,0.108517,0.156963,-0.29587
0.357657,2.263726,9.340525,0.092538,0.138853,-0.28415
0.372030,2.275704,9.393225,0.081885,0.109026,-0.25645
0.288189,2.326009,9.386039,0.091472,0.106895,-0.24793
0.216324,2.347568,9.338129,0.108517,0.101569,-0.22875
0.065409,2.436201,9.302197,0.117039,0.072807,-0.20958
-0.19330,2.558370,9.338129,0.120234,0.048306,-0.18934
-0.29151,2.601489,9.383644,0.118104,0.042980,-0.17869
-0.32984,2.623048,9.486649,0.109582,0.020609,-0.16803
-0.34182,2.618257,9.489045,0.110647,0.011022,-0.16271
-0.43045,2.627839,9.532163,0.125561,-0.00815,-0.14566
-0.49752,2.658980,9.529767,0.147931,-0.03584,-0.12329
-0.54064,2.658980,9.462695,0.157519,-0.05182,-0.10625
-0.56460,2.647003,9.424366,0.148997,-0.05608,-0.10518
-0.55501,2.647003,9.438739,0.120234,-0.07845,-0.12649
-0.56220,2.649399,9.443531,0.107451,-0.08804,-0.14566
-0.56939,2.690122,9.453112,0.066971,-0.05821,-0.18082
-0.57178,2.733240,9.393225,0.008382,0.006761,-0.20319
-0.44722,2.752404,9.192006,-0.01505,0.044045,-0.21171
-0.33942,2.776359,9.112955,-0.00972,0.045110,-0.22023
-0.09987,2.860201,8.990785,0.006251,0.020609,-0.23301
0.094155,2.989557,8.823101,0.012643,0.061089,-0.26284
0.170810,3.080585,8.746446,0.009447,0.088786,-0.30226
0.259443,3.195568,8.832683,0.020100,0.110091,-0.42796
0.300166,3.097353,9.144096,0.057384,0.049371,-0.51851
0.321725,3.003929,9.271056,0.074428,-0.00176,-0.50998
0.479827,2.876969,9.376457,0.101060,-0.09017,-0.41944
0.671465,2.639816,9.407598,0.137279,-0.12320,-0.30652
0.714584,2.512856,9.510603,0.162845,-0.12852,-0.26178
0.460663,2.409851,9.879508,0.193738,-0.11467,-0.21064
-0.32505,2.632630,10.11905,0.185216,-0.12959,-0.21597
-0.68677,2.807500,10.15498,0.183085,-0.14876,-0.22769
-0.99339,3.001534,10.07114,0.208651,-0.15835,-0.23088
-0.91434,3.047048,9.980117,0.260849,-0.11787,-0.24367
-0.78977,3.003929,9.865135,0.274698,-0.09337,-0.26710
-0.56939,2.795523,9.541745,0.236348,-0.06035,-0.30758
-0.47836,2.692517,9.405202,0.115973,-0.06887,-0.30652
-0.48075,2.709285,9.359688,0.048862,-0.07952,-0.30226
-0.48075,2.750009,9.208773,-0.06299,-0.08591,-0.27669
-0.33463,2.738031,8.930898,-0.07790,-0.06674,-0.24154
-0.32505,2.733240,8.720096,-0.04807,-0.04650,-0.23195
-0.52866,2.824269,8.396706,0.045666,-0.01880,-0.23515
-0.69874,2.912901,8.327238,0.094668,-0.00815,-0.22449
-0.78738,2.922483,8.420661,0.049927,-0.02519,-0.18508
-0.94308,2.932065,8.768006,0.015839,-0.03797,-0.15632
-0.96225,2.862596,9.213564,-0.03103,-0.05821,-0.10092
-0.92871,2.788336,9.469881,-0.04807,-0.06887,-0.07003
-0.97422,2.793127,9.462695,-0.05127,-0.07632,-0.06044
-1.15388,2.872178,9.182423,-0.05340,-0.07952,-0.04233
-1.21377,2.944042,9.069836,-0.04061,-0.06887,-0.01251
-1.28324,3.008720,9.017135,-0.03848,-0.05076,0.001338
-1.18503,3.030280,9.072232,-0.05446,-0.01667,0.016251
-1.11795,3.018302,9.091395,-0.08855,0.012087,0.010925
-0.97183,3.039861,9.062649,-0.10347,0.022740,0.007729
-0.94069,3.071003,9.038695,-0.11625,0.031262,0.002403
-0.88559,3.094958,8.997971,-0.12371,0.007826,-0.00079
-0.82091,3.094958,8.940480,-0.12051,-0.00389,-0.00292
-0.66042,3.071003,8.882988,-0.08536,-0.02519,0.005599
-0.57178,3.056630,8.928503,-0.06938,-0.02093,0.018382
-0.54543,3.063816,9.036299,-0.04914,-0.00282,0.031165
-0.57418,3.047048,9.213564,-0.04594,-0.00495,0.036491
-0.53346,3.025489,9.364480,-0.02890,-0.05076,0.040752
-0.53585,3.039861,9.477067,-0.01398,-0.07952,0.046079
-0.56939,3.042257,9.522582,0.003055,-0.12426,0.060992
-0.52387,3.018302,9.486649,-0.01824,-0.13385,0.070580
-0.54064,2.975184,9.489045,-0.02677,-0.13065,0.066319
-0.57897,2.934460,9.587259,-0.02890,-0.11041,0.069515
-0.56460,2.958415,9.709428,-0.01398,-0.09230,0.057797
-0.58855,2.953624,9.663914,-0.01611,-0.06461,0.042883
-0.61011,2.869782,9.412389,-0.03422,-0.02200,-0.00185
-0.43524,2.819478,9.211169,-0.04594,-0.00708,-0.03275
-0.37535,2.812291,9.165655,-0.04807,-0.00708,-0.03594
-0.28433,2.764381,9.146492,-0.06405,-0.02626,-0.03381
-0.09748,2.675749,9.017135,-0.11518,-0.01454,-0.03914
-0.01124,2.630235,8.914130,-0.14821,0.000369,-0.04233
0.031872,2.663771,8.959644,-0.18123,0.036588,-0.04553
-0.07352,2.740427,9.057858,-0.14181,0.047241,-0.02209
-0.12622,2.797918,9.105768,-0.11305,0.034457,-0.00931
-0.08071,2.814687,9.021926,-0.06299,-0.00602,-0.01464
-0.04478,2.769172,8.904548,-0.02783,-0.01880,-0.04233
-0.06634,2.773963,8.971621,-0.01718,-0.02519,-0.05299
-0.12622,2.812291,9.369271,-0.01292,-0.06248,-0.06470
-0.21007,2.812291,9.790875,-0.00866,-0.09656,-0.06151
-0.19090,2.773963,9.901067,-0.00333,-0.10083,-0.05299
-0.07113,2.666167,9.855553,0.006251,-0.07845,-0.03807
-0.05675,2.675749,9.766920,-0.00227,-0.04969,-0.02529
-0.10946,2.692517,9.716615,-0.00653,-0.03797,-0.01783
-0.24360,2.761986,9.673497,0.000925,-0.03797,-0.01037
-0.38494,2.788336,9.568096,0.016904,-0.02732,-0.01357
-0.39212,2.802709,9.489045,0.014773,-0.02519,-0.01464
-0.36577,2.812291,9.359688,0.000925,-0.02626,-0.01251
-0.39691,2.826664,9.266265,-0.00333,-0.01454,-0.01037
-0.40410,2.821873,9.321361,0.000925,-0.00282,-0.01037
-0.35140,2.793127,9.402808,0.019034,0.020609,-0.02529
-0.33223,2.750009,9.350107,0.035013,0.023805,-0.04766
-0.34421,2.752404,9.326152,0.035013,0.016348,-0.05405
-0.33223,2.740427,9.280638,0.022230,-0.01454,-0.06364
-0.29630,2.711681,9.354898,0.014773,-0.01134,-0.06683
-0.26516,2.675749,9.369271,0.016904,-0.00069,-0.06470
-0.20767,2.654190,9.407598,0.022230,0.034457,-0.05938
-0.16216,2.635026,9.414785,0.030752,0.030196,-0.04340
-0.19090,2.673353,9.414785,0.037144,0.017413,-0.03701
-0.22204,2.697308,9.386039,0.045666,0.006761,-0.03168
-0.23402,2.738031,9.318965,0.056319,0.001434,-0.04553
-0.26756,2.764381,9.306988,0.061645,0.008891,-0.04872
-0.28912,2.795523,9.309384,0.063776,0.007826,-0.04340
-0.33703,2.821873,9.352502,0.057384,0.006761,-0.03488
-0.36577,2.845828,9.474672,0.055253,0.007826,-0.02848
-0.35140,2.812291,9.467485,0.042470,0.009956,-0.01144
-0.29391,2.754800,9.431553,0.024361,-0.00389,0.007729
-0.26037,2.788336,9.364480,0.016904,-0.01241,0.018382
-0.32505,2.814687,9.306988,0.016904,-0.01347,0.021578
-0.34182,2.819478,9.266265,0.016904,0.002500,0.033296
-0.38494,2.850619,9.254287,0.011578,0.015283,0.029035
-0.40649,2.867387,9.201587,0.001990,0.018478,0.018382
-0.40889,2.860201,9.192006,-0.02144,0.022740,-0.00185
-0.38733,2.809895,9.182423,-0.02890,-0.00495,-0.01570
-0.33942,2.788336,9.213564,-0.02570,-0.01560,-0.01464
-0.32265,2.778754,9.220751,-0.00333,-0.00708,-0.01464
-0.30588,2.738031,9.175237,0.026491,0.023805,-0.01464
-0.17653,2.661376,9.136909,0.027557,0.036588,-0.00718
-0.13820,2.649399,9.117745,-0.00333,0.042980,0.005599
-0.17174,2.649399,9.232728,-0.02783,0.036588,0.009860
-0.26277,2.716472,9.354898,-0.05766,0.023805,0.019447
-0.29630,2.740427,9.345315,-0.03635,0.022740,0.014121
-0.30109,2.750009,9.321361,-0.02144,0.020609,0.013056
-0.35619,2.778754,9.227937,-0.00866,0.018478,0.017317
-0.37775,2.819478,9.184819,0.000925,0.030196,0.018382
-0.38254,2.841037,9.153677,-0.00333,0.024870,0.019447
-0.37775,2.831455,9.182423,-0.01079,0.024870,0.019447
-0.37296,2.781150,9.347711,-0.02464,0.006761,-0.00824
-0.32026,2.735636,9.498626,-0.01185,-0.01454,-0.03381
-0.34421,2.769172,9.472276,0.000925,-0.01560,-0.03381
-0.26277,2.745218,9.433949,0.025426,-0.01347,-0.02635
-0.25318,2.728449,9.400412,0.038209,-0.00389,-0.02422
-0.19330,2.678144,9.402808,0.050992,0.025935,-0.02209
-0.09508,2.656585,9.481858,0.058449,0.023805,-0.03594
-0.20767,2.706890,9.548932,0.060580,0.002500,-0.04446
-0.26995,2.742822,9.539350,0.058449,-0.01134,-0.04340
-0.28433,2.778754,9.508209,0.050992,-0.04011,-0.04766
-0.26277,2.757195,9.424366,0.042470,-0.03797,-0.04659
-0.26037,2.726054,9.417181,0.044601,-0.03371,-0.04233
-0.26995,2.738031,9.474672,0.060580,-0.01667,-0.03168
-0.33223,2.793127,9.460299,0.066971,0.016348,-0.02103
-0.35379,2.807500,9.431553,0.057384,0.023805,-0.02316
-0.36577,2.802709,9.328548,0.025426,-0.00176,-0.02209
-0.37775,2.829059,9.261474,0.009447,-0.02839,-0.00611
-0.39452,2.853014,9.249497,0.008382,-0.03265,0.003468
-0.40649,2.874573,9.225542,0.023295,-0.01454,0.017317
-0.36098,2.876969,9.124932,0.028622,0.011022,0.024774
-0.41847,2.845828,9.132119,0.021165,0.021674,0.025839
-0.45920,2.845828,9.199192,0.006251,0.007826,0.026904
-0.50950,2.879364,9.244706,0.007317,-0.02093,0.024774
-0.49034,2.881760,9.251893,0.005186,-0.02306,0.020512
-0.44961,2.833850,9.208773,-0.00546,-0.01134,0.011990
-0.42087,2.776359,9.132119,-0.03316,-0.00602,0.017317
-0.40649,2.785941,9.163259,-0.03955,-0.00602,0.027969
-0.37056,2.793127,9.273451,-0.03529,0.004630,0.030100
-0.34182,2.754800,9.223147,-0.02357,0.014217,0.036491
-0.31786,2.750009,9.158469,-0.02357,0.020609,0.039687
-0.35379,2.778754,9.088999,-0.03103,0.014217,0.036491
-0.38254,2.841037,9.136909,-0.04275,0.005695,0.035426
-0.36577,2.833850,9.218356,-0.04381,0.002500,0.037557
-0.36098,2.817082,9.223147,-0.02677,-0.00602,0.030100
-0.37535,2.819478,9.290220,-0.00546,0.000369,0.011990
-0.36817,2.826664,9.297407,-0.00333,0.001434,0.004534
-0.30349,2.805105,9.350107,-0.00972,0.011022,0.006664
-0.32984,2.783545,9.393225,-0.00013,0.001434,0.018382
-0.31547,2.785941,9.457903,0.017969,-0.00495,0.025839
-0.22683,2.776359,9.491440,0.022230,-0.00282,0.030100
-0.20288,2.785941,9.417181,0.022230,0.013152,0.033296
-0.26516,2.785941,9.352502,0.027557,0.002500,0.022643
-0.31786,2.795523,9.352502,0.030752,-0.01454,0.018382
-0.35379,2.838641,9.398016,0.023295,-0.03371,0.022643
-0.39931,2.879364,9.546536,0.001990,-0.01773,0.032230
-0.34661,2.843432,9.460299,-0.00546,-0.00815,0.032230
-0.33223,2.833850,9.400412,0.007317,0.001434,0.024774
-0.28912,2.809895,9.378852,0.039274,-0.00921,0.016251
-0.25079,2.817082,9.450716,0.045666,-0.02519,0.011990
-0.29391,2.831455,9.441135,0.039274,-0.03904,0.000272
-0.31307,2.826664,9.290220,0.035013,-0.02945,-0.00185
-0.27474,2.793127,9.263870,0.033948,-0.02200,0.000272
-0.24600,2.771568,9.311779,0.020100,-0.02200,0.005599
-0.23881,2.745218,9.498626,0.011578,-0.01560,0.014121
-0.26037,2.747613,9.539350,0.021165,-0.01347,0.019447
-0.27235,2.733240,9.481858,0.040340,-0.00176,0.027969
-0.27953,2.754800,9.290220,0.023295,0.009956,0.025839
-0.26516,2.826664,9.237520,0.010512,0.011022,0.022643
-0.26995,2.860201,9.218356,0.004121,0.004630,0.017317
-0.30349,2.867387,9.165655,0.011578,0.003565,0.020512
-0.33463,2.874573,9.302197,0.009447,-0.01028,0.009860
-0.31786,2.876969,9.338129,0.003055,-0.01880,0.006664
-0.26995,2.843432,9.223147,-0.00653,-0.00069,0.006664
-0.22444,2.826664,9.168050,-0.00972,0.008891,0.007729
-0.22923,2.824269,9.227937,-0.00759,0.015283,0.009860
-0.24600,2.809895,9.299801,0.008382,0.001434,0.013056
-0.19090,2.817082,9.326152,0.015839,0.003565,0.014121
-0.21246,2.807500,9.278243,0.022230,0.011022,0.018382
-0.24360,2.821873,9.196796,0.025426,0.001434,0.011990
-0.21965,2.860201,9.177633,0.023295,0.002500,0.008795
-0.22444,2.881760,9.227937,0.010512,-0.00176,0.003468
-0.23642,2.869782,9.338129,0.004121,0.000369,0.004534
-0.23642,2.860201,9.352502,-0.00759,0.006761,0.017317
-0.24600,2.845828,9.326152,0.001990,0.000369,0.024774
-0.22444,2.848223,9.326152,0.031818,-0.00602,0.017317
-0.19569,2.819478,9.302197,0.044601,0.000369,0.009860
-0.19569,2.826664,9.266265,0.058449,0.006761,-0.01144
-0.22923,2.848223,9.223147,0.043535,0.019544,-0.00824
-0.28672,2.850619,9.254287,0.033948,0.016348,0.002403
-0.26995,2.853014,9.330943,0.022230,0.007826,0.015186
-0.22204,2.826664,9.457903,0.023295,0.033392,0.009860
-0.16216,2.802709,9.455508,0.029687,0.051502,0.008795
-0.14299,2.802709,9.393225,0.059514,0.097308,0.015186
-0.22683,2.831455,9.299801,0.110647,0.103700,0.029035
-0.33703,2.900924,9.235124,0.138344,0.100504,0.037557
-0.32505,2.934460,9.249497,0.143670,0.109026,0.039687
-0.26037,2.915297,9.232728,0.122365,0.098373,0.043948
-0.27235,2.848223,9.268660,0.104256,0.072807,0.042883
-0.32984,2.848223,9.323757,0.088277,0.044045,0.051405
-0.42326,2.905715,9.477067,0.110647,0.029131,0.076971
-0.49752,2.915297,9.510603,0.102125,0.062154,0.087624
-0.51669,2.898528,9.438739,0.089342,0.123940,0.097211
-0.50471,2.941647,9.256683,0.081885,0.180399,0.102538
-0.61251,2.900924,9.237520,0.079754,0.201704,0.095081
-0.62209,2.905715,9.249497,0.070167,0.210226,0.073776
-0.64844,3.044652,9.302197,0.052058,0.207030,0.065254
-0.63407,3.018302,9.180027,0.017969,0.208095,0.052470
-0.57897,3.013511,9.067440,-0.02144,0.201704,0.039687
-0.43284,3.061421,8.866220,-0.08536,0.180399,0.017317
-0.35619,3.071003,8.811124,-0.07151,0.185725,0.020512
-0.21007,3.030280,8.835079,-0.02996,0.182529,0.024774
-0.13820,3.037466,8.890175,0.078689,0.132462,-0.00079
-0.03999,3.078189,8.914130,0.160714,0.013152,-0.05938
0.003127,3.090167,8.871011,0.166041,-0.05928,-0.08920
0.015104,3.097353,8.906943,0.117039,-0.16048,-0.12223
-0.01843,3.092562,9.038695,0.093603,-0.16900,-0.12329
-0.23162,3.071003,9.436344,0.106386,-0.11254,-0.09453
-0.37775,3.042257,9.707033,0.179889,-0.04650,-0.04872
-0.45440,2.999138,9.994490,0.224630,-0.00602,-0.01144
-0.47596,2.946438,10.22206,0.213978,-0.00282,-0.00079
-0.40170,2.809895,10.37537,0.153258,0.039784,0.022643
-0.45201,2.788336,10.10707,0.112778,0.047241,0.048209
-0.54543,2.831455,9.817225,0.103190,0.055763,0.059927
-0.74665,3.006325,9.285429,0.092538,0.078133,0.084428
-0.83768,3.126099,9.168050,0.074428,0.094112,0.106799
-0.96704,3.296178,9.172842,0.065906,0.089851,0.106799
-1.01016,3.384810,9.165655,0.042470,0.070676,0.101473
-0.93350,3.420742,8.794356,0.005186,0.065350,0.091885
-0.89517,3.430325,8.593135,-0.01398,0.066415,0.091885
-0.92152,3.459070,8.490130,-0.03742,0.071742,0.082298
-0.89757,3.485420,8.657814,-0.04061,0.051502,0.055666
-0.87361,3.509375,8.696141,-0.02890,0.035523,0.041818
-0.84726,3.545307,8.712909,-0.01185,0.008891,0.021578
-0.73707,3.495002,8.777587,-0.01824,-0.03052,-0.00185
-0.66281,3.473443,8.820706,-0.02251,-0.04117,-0.00718
-0.54304,3.435116,8.823101,-0.02357,-0.05289,-0.00505
-0.50471,3.406370,8.820706,-0.00333,-0.04011,-0.01357
-0.47117,3.380019,8.887780,0.000925,-0.04011,-0.02422
-0.36817,3.293782,9.053068,0.003055,-0.07100,-0.04659
-0.31547,3.262641,9.266265,0.006251,-0.09124,-0.06044
-0.32265,3.253059,9.340525,0.015839,-0.13065,-0.07642
-0.38014,3.221918,9.304593,0.035013,-0.13065,-0.08388
-0.37296,3.185986,9.287824,0.057384,-0.12213,-0.08281
-0.43524,3.209940,9.290220,0.068037,-0.10935,-0.08388
-0.38973,3.162031,9.304593,0.057384,-0.08059,-0.08920
-0.32026,3.171613,9.340525,0.045666,-0.05502,-0.09986
-0.32265,3.152449,9.290220,0.052058,-0.06993,-0.10731
-0.32984,3.162031,9.311779,0.078689,-0.10615,-0.11477
-0.38973,3.162031,9.283034,0.076559,-0.11680,-0.11371
-0.39212,3.195568,9.275847,0.060580,-0.10935,-0.10625
-0.42566,3.267432,9.247101,0.023295,-0.07739,-0.09027
-0.43524,3.293782,9.194400,0.046731,-0.06993,-0.08175
-0.40410,3.298573,9.129723,0.097864,-0.07419,-0.07216
-0.41129,3.348878,8.978808,0.121300,-0.07952,-0.06577
-0.46638,3.380019,9.146492,0.155388,-0.07952,-0.06790
-0.49752,3.356065,9.263870,0.182020,-0.07632,-0.10092
-0.49992,3.377624,9.314174,0.190542,-0.06993,-0.12755
-0.50471,3.454279,9.129723,0.194803,-0.07419,-0.16484
-0.54543,3.459070,9.038695,0.193738,-0.07313,-0.17443
-0.54783,3.483025,9.148886,0.167106,-0.08804,-0.14247
-0.57178,3.480630,9.311779,0.139409,-0.21481,-0.11477
-0.58855,3.456675,9.345315,0.136213,-0.28938,-0.10944
-0.57178,3.466257,9.323757,0.128757,-0.37353,-0.09986
-0.43045,3.403974,9.249497,0.106386,-0.38099,-0.09879
-0.35859,3.387206,9.187214,0.080820,-0.36501,-0.10731
-0.23402,3.356065,9.115350,0.065906,-0.32347,-0.10305
-0.31786,3.442302,9.065045,0.037144,-0.20309,-0.08814
-0.36577,3.511771,9.065045,0.015839,-0.14131,-0.08707
-0.58616,3.667477,9.165655,0.017969,-0.15515,-0.08494
-0.54543,3.626754,9.400412,0.028622,-0.18924,-0.07642
-0.51190,3.600404,9.354898,0.052058,-0.24677,-0.07323
-0.38973,3.578844,9.129723,0.052058,-0.23931,-0.07749
-0.25797,3.665081,8.966830,0.045666,-0.20522,-0.08494
-0.21246,3.667477,8.784774,0.044601,-0.12533,-0.10412
-0.21246,3.708200,8.705723,0.049927,-0.07100,-0.11584
-0.12143,3.775274,8.741655,0.048862,-0.04650,-0.11371
-0.16216,3.784855,9.024322,0.026491,-0.03904,-0.06257
-0.23402,3.772878,9.182423,-0.03422,-0.06567,-0.03168
-0.20288,3.720177,9.218356,-0.05553,-0.07952,-0.04020
-0.07352,3.696223,8.899757,-0.06725,-0.07526,-0.05192
-0.03520,3.686641,8.813520,-0.05233,-0.01560,-0.05512
-0.01364,3.748923,8.820706,-0.04061,0.007826,-0.05192
-0.09508,3.768087,8.815915,-0.02570,0.022740,-0.03488
-0.14778,3.782460,8.871011,-0.02464,0.014217,-0.02103
-0.23402,3.914211,8.791960,-0.03103,0.009956,-0.01996
-0.04478,3.787251,8.784774,-0.05553,0.012087,-0.02209
-0.02082,3.693827,8.813520,-0.07577,0.014217,-0.02635
0.003127,3.681850,8.849452,-0.09920,0.009956,-0.05405
0.022291,3.715386,8.873407,-0.09068,0.036588,-0.07003
-0.08071,3.669872,8.974017,-0.08536,0.086655,-0.09240
-0.07592,3.686641,9.000367,-0.09175,0.111156,-0.10731
-0.00885,3.655499,8.954853,-0.08962,0.126070,-0.13395
0.034268,3.624358,8.918921,-0.04275,0.104765,-0.12755
0.058223,3.621963,8.803937,-0.00227,0.048306,-0.12755
0.084573,3.583635,8.820706,0.009447,0.027001,-0.12649
0.082177,3.538121,8.959644,0.023295,-0.01134,-0.11371
0.031872,3.569262,9.007554,0.015839,-0.00602,-0.09666
-0.02322,3.547703,8.976412,-0.01931,0.017413,-0.04979
-0.09748,3.545307,9.017135,-0.09068,0.031262,-0.00718
-0.32505,3.607590,9.297407,-0.13116,0.040849,0.014121
-0.54064,3.638731,9.398016,-0.19614,0.074937,0.078037
-0.57178,3.593217,9.316570,-0.25473,0.110091,0.140887
-0.60532,3.552494,9.017135,-0.27817,0.102634,0.158997
-0.53825,3.598008,8.653022,-0.28989,0.053632,0.160062
-0.49034,3.674663,8.461384,-0.26645,-0.00389,0.104668
-0.26277,3.784855,8.197881,-0.24195,-0.02413,0.057797
-0.03759,3.799228,8.058943,-0.17484,-0.07952,-0.02848
0.022291,3.827974,8.133203,-0.12157,-0.12320,-0.11690
0.151646,3.815997,8.353588,-0.10133,-0.14237,-0.16058
