inOut
0.879872,1.461241,8.739260,0.172725,0.430536,0.285217
1.076301,1.394168,8.672186,0.142898,0.571151,0.239411
0.525341,1.375004,9.774106,0.063003,0.838532,0.014640
0.369635,1.473218,9.704638,-0.02434,0.694721,-0.08762
0.146855,1.506755,9.524977,-0.13939,0.573281,-0.20373
-0.43524,1.760676,9.316570,-0.39825,0.384729,-0.27298
-0.72509,1.576224,9.362084,-0.55697,0.219614,-0.23143
-0.89278,1.444473,9.465089,-0.67096,0.073672,-0.18562
-0.98380,1.420518,9.709428,-0.68481,0.029997,-0.15580
-0.74186,1.525919,10.42328,-0.52076,-0.06694,-0.01625
-0.74665,1.516337,10.56700,-0.41636,-0.08398,0.035945
-0.74905,1.413331,10.52389,-0.29705,-0.10955,0.091339
-0.46159,1.295953,10.13103,-0.08613,-0.13298,0.202127
-0.17653,1.250439,9.690265,0.091765,-0.11594,0.285217
-0.06155,1.228880,9.508209,0.166334,-0.08505,0.320371
0.113319,1.183366,9.098582,0.276056,-0.01367,0.396005
0.419940,1.022868,8.717700,0.294165,0.152502,0.438615
0.628347,1.018078,8.794356,0.268599,0.256898,0.417310
0.578042,1.152224,9.316570,0.178052,0.319748,0.334219
0.168415,1.300744,9.891485,0.060873,0.103500,0.279891
0.122901,1.329490,10.04240,0.028915,-0.07439,0.263912
0.261838,1.267207,9.790875,0.017197,-0.31834,0.251129
0.546900,1.149829,9.299801,0.031045,-0.31195,0.237280
0.705002,1.140247,9.134513,0.039567,-0.22460,0.212779
0.788844,1.322303,9.112955,0.050220,0.004430,0.135015
0.043850,1.597783,10.05198,0.080047,0.032127,0.076426
-0.45440,1.787026,10.77062,0.153551,-0.14577,0.082817
-0.67479,1.851704,10.71553,0.353820,-0.58785,0.153124
0.070200,1.832540,10.58138,0.429454,-0.68479,0.150994
0.010313,1.676834,10.58377,0.541307,-0.80730,0.128623
0.113319,1.367817,10.40411,0.660616,-0.97348,0.106253
0.400776,1.600179,10.31548,0.818275,-1.28027,0.103057
0.800821,1.535501,9.970536,0.937585,-1.47415,0.092404
1.299081,1.899614,9.568096,0.989782,-1.56576,0.064708
1.751826,2.776359,8.631464,1.129332,-1.59772,0.042337
2.266854,2.836246,7.383419,1.520284,-1.33034,0.271369
2.813023,2.915297,5.201138,1.669421,-0.92341,0.378960
2.151871,3.152449,6.501883,1.483000,-0.10635,0.342741
1.909928,2.996743,7.531939,0.875799,0.163155,0.305457
2.326741,2.750009,8.703328,0.597765,-0.04457,0.331023
3.172345,2.850619,8.478153,0.166334,-0.72420,0.343807
3.387938,2.853014,7.563080,0.012936,-1.03633,0.315045
3.150785,3.140472,7.414560,-0.01795,-0.79771,0.207453
2.309973,3.322528,8.233814,-0.04671,-0.60170,0.174430
2.283622,3.094958,9.388435,-0.00943,-0.15109,0.241541
2.678876,2.857805,9.405202,0.083243,0.016148,0.328893
3.476570,2.601489,9.139305,0.211075,-0.07652,0.452464
3.641859,2.663771,8.597927,0.145028,-0.57187,0.391744
2.743554,3.185986,6.604888,0.103483,-0.79984,0.333154
1.620075,3.387206,6.614470,-0.12341,-0.89039,0.304392
2.199780,2.872178,8.648232,-0.55058,-0.41315,0.527032
3.284932,2.321218,9.354898,-0.81370,-0.33432,0.874308
4.520999,1.818167,11.00777,-0.86697,-0.35988,0.928636
4.343734,1.808585,10.92633,-0.80305,-0.43552,0.775238
4.293429,1.904405,10.09270,-0.59426,-0.55163,0.574969
4.477880,2.218212,8.818310,-0.49945,-0.47600,0.482291
5.469609,1.995433,8.152367,-0.38121,-0.01048,0.337415
5.505541,1.698394,8.238605,-0.39079,0.547715,0.142472
4.379666,1.700789,8.650627,-0.45897,0.724548,-0.02370
3.227441,1.796608,9.493836,-0.66244,0.755441,-0.29215
2.777091,1.607365,9.611214,-0.81157,0.661698,-0.33583
2.115939,1.727139,9.560909,-0.68587,0.576477,-0.27084
1.629657,1.923568,9.927417,-0.52715,0.930144,-0.27937
1.176911,1.995433,10.90716,-0.39186,1.147458,-0.24208
1.366154,1.662461,10.58138,0.034241,1.542671,-0.04075
1.500301,1.664857,10.08312,0.526393,1.741875,0.152059
1.526651,1.791817,9.177633,0.679791,1.770637,0.202127
1.658402,1.530710,8.550017,0.665942,1.544801,0.239411
1.483532,1.420518,8.847056,0.328254,1.134675,0.206388
1.354177,1.336676,9.778898,0.130115,0.956776,0.166973
1.737453,1.207320,9.460299,-0.14259,0.498713,0.059381
1.428436,1.439682,10.05677,-0.23846,0.169546,-0.01305
0.755307,1.894823,11.25690,-0.18733,0.210026,-0.05140
0.721770,2.057715,11.42938,0.058742,-0.03178,-0.01838
1.452391,1.976269,10.34183,0.207879,-0.20009,0.046598
1.921905,1.988246,8.756028,0.504022,-0.33219,0.127558
1.998560,2.124789,8.178718,0.597765,-0.11807,0.057251
2.022515,2.280495,8.102063,0.458216,0.120544,-0.03755
1.672775,2.838641,8.034989,0.351690,0.261159,-0.06951
0.736143,3.317737,9.077022,0.150355,0.642523,-0.07164
0.604392,2.960811,9.330943,-0.10317,0.794856,0.159516
0.496595,1.741512,9.941790,-0.26190,0.602043,0.318240
1.344595,1.295953,8.789565,-0.58361,-0.30343,0.506792
1.706312,1.614552,8.542831,-0.69972,-0.41315,0.537685
1.406877,1.854099,8.130808,-0.72742,-0.17879,0.441811
0.755307,2.139162,8.518876,-0.71037,0.577542,0.212779
0.063014,2.165512,9.381248,-0.68055,1.434014,0.101992
-0.68677,1.499569,10.29871,-0.64220,1.676894,0.131819
-0.29391,0.869558,10.75864,-0.66563,1.476625,0.283087
-0.44961,0.768948,10.63168,-0.70398,1.069694,0.279891
0.738539,0.773739,11.01496,-0.70185,0.937601,0.234085
-0.46159,0.831230,9.762129,-0.64220,0.683003,-0.09614
-0.97422,0.845603,9.678287,-0.56869,-0.16388,-0.25593
-1.06765,0.833626,10.50951,-0.56869,-0.02752,-0.14940
-1.99230,0.217988,11.39345,-0.51969,0.316553,0.247933
-1.74796,-0.38806,10.75625,-0.28320,-0.16601,0.654864
-1.22814,-0.74259,10.10707,-0.03500,-0.82754,1.037293
0.333703,-1.70318,8.576367,0.049155,-0.99904,1.202409
1.529047,-2.40026,7.977498,0.103483,-1.04059,1.416527
1.598515,-2.41703,7.905633,0.014001,-0.79664,1.365395
0.865499,-1.98106,9.409994,-0.06589,-0.65390,1.263129
2.319554,-2.40026,8.080503,-0.29066,-0.67414,1.041554
3.308887,-2.67335,8.511690,-0.63367,-0.66881,0.910527
3.340028,-2.66377,8.698536,-0.78814,-0.59318,0.773108
2.350696,-1.78942,9.575282,-0.95964,-0.09783,0.291609
1.229612,-1.05880,10.40411,-0.87336,0.569020,-0.23143
1.941069,0.234756,12.40434,-0.71676,0.812965,-0.35394
2.084797,0.982145,10.65324,0.198292,0.951450,-0.67778
1.208052,2.206235,9.323757,0.357016,0.929079,-0.88976
-0.27474,5.078414,9.426762,0.116266,0.832140,-1.00162
-1.83899,6.542051,9.539350,-0.36416,0.513626,-1.15182
-2.44744,7.387655,10.94789,-0.75405,0.632936,-1.02825
-2.73011,7.950592,12.95769,-0.83714,0.769290,-0.83330
-2.67980,7.816446,13.97098,-0.72209,0.986603,-0.35500
-2.96487,7.394842,16.10535,-0.29599,1.141067,0.049794
-1.04848,6.645057,14.89324,0.010805,0.828944,0.258586
0.288189,5.303589,12.72773,0.795904,0.035323,0.665516
0.566064,4.735860,10.84967,1.293383,-0.39930,0.530228
0.297771,3.748923,9.132119,1.425475,-0.47706,0.416245
1.232007,2.371523,9.450716,1.500044,-0.15748,0.388548
1.756617,1.741512,9.129723,1.574612,0.039584,0.400266
2.058447,0.989332,7.469656,1.603374,-0.07226,0.310783
0.637929,0.383276,5.244256,1.484065,-0.44830,-0.02051
-0.61490,0.249129,4.420212,1.127202,-0.71888,-0.30813
-2.93612,-0.05509,5.090946,0.855559,-0.79664,-0.36565
-2.16957,-0.72583,7.910424,0.259012,-0.75510,-0.13769
0.290584,-1.48998,9.352502,0.024654,-0.40676,0.452464
0.218720,-3.83037,9.433949,0.151420,-0.12553,0.290543
-0.21725,-5.80903,7.575057,0.690443,0.247310,-0.20906
-2.46900,-6.03181,4.734020,1.134658,-0.04776,-0.27830
-2.44744,-4.37893,4.245342,0.788448,0.350641,0.139276
-2.21508,-4.62566,6.406064,-0.66457,1.052650,1.006401
-1.88450,-7.31579,11.08922,-1.53702,0.625479,1.154472
-0.64844,-7.73979,13.01279,-1.73622,0.191917,1.068186
1.672775,-8.96867,14.77826,-1.64141,-0.82647,0.711323
3.689768,-8.84410,12.96248,-1.02036,-1.45711,0.009314
3.433452,-8.51353,11.31439,-0.68800,-1.32501,-0.37204
2.784277,-8.03443,9.994490,-0.21716,-0.56974,-0.84289
1.845250,-7.44275,9.084209,-0.22781,-0.09357,-1.00907
-0.44722,-6.36478,8.202672,-0.42488,-0.10742,-0.84502
-1.09639,-4.97061,8.353588,-0.52182,-0.17453,-0.75447
-0.15018,-4.55859,8.437430,-0.51756,-0.21501,-0.89296
1.775781,-4.00044,8.756028,-0.47282,-0.20009,-1.04636
1.442809,-3.54530,8.257768,-0.56337,-0.06907,-1.12412
0.324121,-1.98345,7.194176,-0.86164,0.016148,-1.09003
0.774471,-0.65875,6.271917,-1.31438,0.244115,-1.21786
1.277521,0.572519,6.861205,-1.47949,0.253702,-1.28924
1.184098,0.895908,7.634944,-1.68935,0.011887,-1.32226
0.812798,1.231275,7.975102,-2.00041,0.182329,-1.34570
1.255962,2.028970,6.549792,-2.26353,0.522148,-1.42239
0.994855,2.773963,6.877973,-2.69815,0.992995,-1.52999
-0.74665,3.586031,10.04479,-2.68644,0.892860,-1.41920
-3.00798,3.418347,13.40565,-2.54902,0.738397,-1.24130
-3.82005,3.377624,14.56985,-1.99402,0.689395,-0.79176
-4.00929,3.674663,16.22992,-1.18868,1.197525,-0.47431
-3.50145,4.515476,17.41568,-0.76257,1.441471,-0.37844
-3.73861,4.836471,17.89477,-0.03606,1.521366,-0.09295
-5.56875,5.291611,18.47687,0.573264,0.906709,0.442876
-6.63953,5.123928,19.26738,0.915214,0.493386,0.745411
-6.37842,4.687951,19.11647,1.726945,0.005496,1.279108
-5.10882,3.461466,17.38693,2.253185,-0.03178,1.640233
-3.40324,2.572743,14.16262,2.318166,0.024670,1.753150
-2.71095,2.270913,13.11340,2.304318,0.012952,1.870329
-1.65933,1.394168,12.42111,2.254251,-0.24484,1.884178
-0.54064,0.824044,11.94201,2.283013,-0.38758,1.841567
0.477431,0.603660,11.63299,2.356516,-0.61874,1.583774
0.520550,-0.12935,9.678287,1.961303,-0.75723,1.520923
-0.62688,-0.32818,7.036075,1.603374,-0.75084,1.561403
-0.62688,-0.55096,6.245567,1.020675,-0.48132,1.608274
0.417544,-0.89830,8.056549,1.106961,-0.48559,1.420788
1.945860,-1.60257,9.862739,1.249707,-0.50902,1.239693
2.767509,-1.82535,9.247101,1.115484,-0.61768,0.776304
1.224821,-2.48650,5.225093,0.091765,-0.57187,0.846611
-2.32048,-2.33080,3.071557,-0.37162,-0.38971,1.053272
-2.36360,-2.56795,4.796302,-0.47388,-0.01580,1.294022
-1.08442,-3.49260,9.493836,-0.00517,0.165285,1.166190
0.863103,-4.11782,10.35381,0.147159,0.125870,0.981900
0.590019,-4.25916,9.539350,-0.13726,-0.11061,0.778434
-1.88690,-4.63764,6.456369,-0.74872,-0.03604,0.969116
-4.40934,-4.73107,7.536729,-0.88721,0.123740,1.080969
-2.15999,-6.06774,8.137994,-0.94153,0.313357,0.778434
0.053432,-6.69296,11.98273,-0.40038,-0.04563,0.180821
1.588933,-7.08822,14.04524,0.253685,-0.20436,-0.39868
0.328912,-6.48456,12.26780,0.525328,-0.04563,-0.54568
-0.61969,-5.94318,11.05808,0.823601,0.318683,-0.65327
-1.57070,-4.81251,9.366875,0.852364,0.493386,-0.75874
-1.39104,-4.18490,9.050672,0.796970,0.473146,-0.83437
-1.26408,-3.61477,8.873407,0.504022,0.303769,-0.93770
-1.43655,-3.05423,8.566785,0.082178,0.136523,-0.96966
-1.96356,-2.12239,7.893656,-0.09572,0.101369,-0.98244
-1.99709,-1.72234,7.709204,-0.24911,0.105630,-1.04849
-1.43895,-1.13785,8.154763,-0.34499,0.142915,-1.14010
-0.64604,0.069468,8.794356,-0.43021,0.106696,-1.13158
-0.82331,0.598869,8.904548,-0.53780,0.009757,-0.98138
-1.03651,0.788112,8.878197,-0.53247,0.018279,-0.88337
-0.85205,0.821648,9.117745,-0.56550,0.375142,-0.95474
0.911013,1.434891,8.233814,-0.64646,0.657437,-1.18165
1.802131,2.297263,8.200277,-0.82542,0.564759,-1.15608
0.982877,3.346483,8.521271,-0.92875,0.449710,-1.00055
-0.98380,3.605195,8.437430,-1.09493,0.278203,-0.57764
-1.77192,3.607590,8.588345,-1.29627,0.738397,-0.60747
-1.28564,2.972788,8.523667,-1.48056,0.850250,-1.10921
2.077611,2.900924,8.698536,-1.61372,0.723483,-1.30095
1.279917,3.621963,9.884299,-1.80333,0.378338,-1.38618
-1.43415,4.922708,11.12755,-1.77031,0.042780,-1.09749
-2.72053,5.267657,11.89171,-1.29094,-0.15322,-0.52012
-4.98665,6.019837,13.76497,-0.83607,-0.18518,-0.21971
-5.58073,6.259385,16.72338,0.292035,-0.09144,0.279891
-5.27650,6.218662,17.75104,1.280599,0.094978,0.739019
-4.12907,5.591046,18.15588,1.581004,0.123740,1.053272
-4.16740,5.071228,17.33184,1.937867,0.032127,1.629580
-4.85250,4.929894,16.21315,2.190335,-0.10529,1.903352
-5.21422,4.738256,15.09925,2.297926,-0.15216,1.877786
-4.09553,3.406370,14.18897,2.433215,-0.23525,1.585904
-1.49883,2.467342,13.19005,2.264903,-0.41528,1.307870
-0.14299,1.954710,12.65826,2.004979,-0.51754,1.325980
1.387713,1.298349,10.78020,1.250772,-0.46748,1.220519
-0.78258,1.425309,8.346402,0.510414,-0.33645,0.958464
-1.14909,1.358236,6.880368,0.303753,-0.30129,0.804001
0.077387,0.148519,5.284980,0.221727,-0.41528,0.512118
0.635533,-0.69948,6.398877,0.206814,-0.78279,0.260716
0.755307,-1.16659,7.752323,0.158877,-0.97135,0.214910
0.163624,-1.99782,9.424366,0.115201,-0.83712,0.460986
-0.60771,-2.30445,9.065045,0.363407,-0.13405,0.905201
-1.73359,-2.33080,8.274537,0.407083,0.280334,1.128906
-3.36731,-2.43380,7.632549,0.219597,0.702178,1.109731
-4.44288,-2.82187,7.359464,-0.42808,0.265420,0.699605
-3.64997,-3.40157,6.925882,-0.75298,-0.07972,0.482291
-1.37427,-4.82209,7.311554,-1.04060,-0.39184,0.187213
-0.79456,-5.82819,7.934379,-0.72103,-0.24271,-0.02903
-1.30480,-6.17793,8.722492,0.029980,0.072607,-0.30813
-1.63538,-6.76962,10.73469,0.406018,0.202569,-0.44342
-1.44374,-6.82471,11.69048,0.803361,0.303769,-0.52225
-0.98141,-6.78639,12.49776,0.755424,0.288856,-0.49455
-0.62927,-6.53726,13.07028,0.605222,0.235593,-0.48496
-1.03411,-5.99109,12.17916,0.133311,0.037454,-0.39868
-2.48817,-4.97540,9.503417,-0.11809,-0.06055,-0.42637
-2.57440,-4.54422,7.575057,-0.61769,-0.12446,-0.60960
-2.81874,-4.52266,6.698312,-1.02889,-0.03817,-0.90574
-2.17915,-3.50218,6.247962,-1.14074,-0.00728,-1.05275
-0.90236,-2.15593,6.324617,-1.24087,-0.01793,-1.13158
-0.31786,-1.66485,6.255148,-1.34101,-0.03711,-1.15288
0.261838,-0.28985,7.325927,-1.51891,0.005496,-1.17951
-0.10706,0.095818,7.802628,-1.65100,0.088586,-1.21680
-0.55262,0.742598,7.912820,-1.98230,0.310161,-1.36274
-0.51429,0.936631,8.104457,-2.21133,0.186590,-1.37020
-0.11425,1.152224,7.651712,-2.17404,0.117348,-1.22106
0.151646,1.616947,7.333114,-2.10800,0.265420,-1.18591
0.448686,2.345173,8.327238,-2.13889,0.575412,-1.08471
-0.52866,2.785941,9.867530,-2.09308,0.545584,-0.91426
-0.55981,2.946438,10.77781,-1.99508,0.412426,-0.79815
-0.63167,3.257850,10.55024,-1.63822,0.192982,-0.56273
-1.82701,4.285511,11.34554,-0.88295,0.167416,-0.41998
-2.81874,4.800538,13.88953,-0.36949,0.201504,-0.31985
-2.99840,4.711905,14.86449,0.606288,0.208961,0.176560
-2.34923,4.172923,16.43114,0.982326,0.175938,0.536619
-2.16957,4.204064,18.42657,1.452107,0.191917,1.157668
-2.86665,4.527454,18.63737,1.618288,0.226005,1.368590
-5.13517,5.284425,17.52347,1.698183,0.003365,1.269521
-5.42502,5.025713,16.36885,1.759968,-0.16814,1.225845
-3.71226,3.197963,14.06440,1.955977,-0.31834,1.199213
-1.05327,1.909196,13.39846,2.042263,-0.29810,1.269521
0.031872,1.317512,13.44637,1.992195,-0.17453,1.492161
0.041454,1.346258,13.32420,1.353037,-0.14044,1.511336
-0.54304,1.013287,11.96597,0.829993,-0.53246,1.145950
-1.05088,1.133060,10.95747,0.789513,-0.74444,0.897744
-1.37906,0.591682,8.442220,1.039850,-0.90850,0.565382
0.558878,-0.67312,7.316346,1.170877,-0.65070,0.842350
2.372255,-0.99172,9.611214,1.085656,-0.43658,1.026641
2.693249,-0.87435,10.49275,0.599896,-0.23312,1.155538
-0.13101,-0.14851,9.419575,0.045959,-0.38119,0.717714
-2.72532,0.153310,6.822877,-0.12874,-0.54311,0.344872
-2.77802,-0.56772,5.747307,-0.10743,-0.70396,-0.27404
-0.46638,-1.99782,5.426313,-0.15324,-0.36521,-0.08229
2.638153,-3.43032,7.218131,-0.31516,-0.00622,0.255390
3.201090,-3.60998,8.061339,-0.55697,0.555172,0.847676
0.307352,-3.24826,8.954853,-0.46856,0.726679,0.684691
-5.19266,-3.03028,6.331804,-0.37162,0.547715,0.348068
-6.46466,-3.60040,6.315035,-0.07228,-0.15855,-0.35287
-4.46923,-5.50241,9.505813,0.437976,-0.30662,-0.75341
-0.22683,-7.89310,12.57202,0.705357,-0.16707,-0.82265
0.863103,-8.48718,13.66675,1.071808,0.207896,-0.83224
0.578042,-8.27398,14.14825,1.175138,0.414557,-0.96007
-0.97662,-7.37567,12.72294,0.989782,0.333597,-1.27539
-1.56591,-6.92293,11.59946,0.766077,0.180199,-1.42346
-1.64735,-5.66291,9.747756,0.179117,-0.24377,-1.54383
-0.68677,-4.70232,8.463780,-0.10211,-0.39717,-1.49483
-0.29391,-3.36325,7.009724,-0.46110,-0.37799,-1.41920
-0.84008,-2.74042,6.406064,-0.76044,-0.19051,-1.52146
-2.21029,-1.64090,5.771262,-1.20465,-0.23951,-1.58751
-2.35162,-0.94381,5.773657,-1.44967,-0.35669,-1.53105
-1.22814,-0.21798,6.468346,-1.72450,-0.49304,-1.29456
-0.63167,0.764157,6.070697,-1.71066,-0.41954,-1.20295
-1.62819,1.255230,6.645612,-1.63928,-0.22779,-1.20082
-2.02584,1.451659,7.086380,-1.62330,0.072607,-1.30735
-1.36469,1.267207,8.607508,-1.69468,0.373012,-1.54490
-0.55981,0.895908,9.225542,-1.78629,0.348510,-1.61201
0.487013,0.946213,9.043485,-1.83210,0.065150,-1.52786
1.057137,1.739117,8.995576,-1.60200,-0.10848,-1.17632
-0.27474,2.704494,9.965744,-1.21211,0.110957,-0.88763
-1.16826,3.078189,10.59575,-0.99373,0.257963,-0.81093
-2.98643,3.461466,12.72773,-0.46110,0.380468,-0.62771
-3.60685,3.356065,13.64040,0.090700,0.325075,-0.24634
-2.82832,3.724968,14.30874,0.342102,0.284595,-0.01199
-2.80916,4.069917,14.91480,0.847037,0.145045,0.450333
-3.90150,4.992177,16.02870,1.331732,0.085390,0.818914
-4.99144,5.626978,15.78196,1.534132,0.118414,0.994683
-5.16871,5.801848,15.64302,1.669421,0.175938,1.340893
-4.51953,5.408990,15.28131,1.525610,0.126936,1.543293
-3.81287,5.207769,14.17220,1.445715,0.059824,1.572056
-3.81766,4.927499,13.22120,1.382865,-0.12553,1.534771
-3.23076,4.165737,11.29523,1.421214,-0.21394,1.509205
-1.90367,2.939251,10.76823,1.407366,-0.30129,1.607209
-1.24012,2.297263,10.90237,1.157029,-0.31408,1.827719
-0.41847,1.731930,11.36230,0.514675,-0.51754,1.887374
-0.70114,1.525919,11.17546,0.192965,-0.70823,1.834110
-1.84139,1.118688,9.733384,-0.18839,-1.13327,1.561403
-1.84857,-0.14612,7.927193,-0.29066,-1.27708,1.221584
-0.51190,-1.24085,7.735554,-0.09785,-1.25044,0.998944
0.091759,-1.79660,8.044570,-0.03287,-1.19079,0.984030
1.390109,-2.46494,9.407598,-0.07441,-0.96282,1.061794
1.811713,-2.32600,9.572886,-0.22887,-0.79238,1.092687
0.733748,-1.71516,9.261474,-0.48560,-0.54950,0.965921
0.271420,-1.33188,8.257768,-0.31196,-0.37586,0.691083
-0.23642,-1.55945,6.212030,-0.09998,-0.21394,0.543011
0.398381,-1.90919,5.720957,0.118397,0.034258,0.408788
1.847645,-2.67574,7.474447,-0.01049,0.150371,0.460986
2.779486,-2.73803,9.259078,-0.06695,0.199374,0.470573
2.434537,-2.60388,9.256683,-0.02860,0.301639,0.291609
0.649906,-2.57034,7.572662,0.215336,0.373012,-0.07271
-0.00645,-2.93446,7.282809,0.297361,0.409230,-0.26552
0.455872,-3.39199,7.622967,0.341037,0.443319,-0.48709
1.871600,-4.05794,9.029112,0.285643,0.539193,-0.55847
2.276436,-4.45319,9.086605,0.266469,0.581803,-0.57231
1.806922,-4.44121,8.655418,0.269664,0.610565,-0.58403
0.209138,-4.05315,7.740345,0.261142,0.588195,-0.60001
-0.50710,-3.61717,7.455283,0.173791,0.513626,-0.79495
-0.78738,-3.64591,7.668481,0.048089,0.482734,-1.19975
-1.08202,-4.11064,7.965520,-0.03713,0.523214,-1.58218
-0.87122,-4.51308,8.013429,-0.10530,0.545584,-1.68125
0.671465,-5.25807,8.025407,-0.52608,0.227070,-1.69936
1.531442,-5.14788,8.008639,-0.84673,0.072607,-1.79417
0.149251,-4.41007,8.001452,-0.96710,0.145045,-1.95290
-0.54543,-3.94535,8.037384,-1.14820,0.252637,-2.14784
-1.92283,-3.01111,7.967916,-1.60732,0.198308,-2.36196
-0.70593,-1.74151,8.435034,-1.81505,0.059824,-2.29485
0.163624,-0.86237,8.638649,-1.90666,-0.14257,-1.81228
0.269025,0.673129,8.288909,-1.63502,0.300574,-1.47140
-1.93241,2.381105,9.273451,-1.34207,0.727744,-1.43198
-3.32179,2.939251,10.04000,-1.21637,0.766094,-1.40215
-4.07637,4.412471,11.75516,-1.04380,0.678742,-1.10282
-2.21987,5.924018,12.32529,-0.91171,0.260094,-0.42957
-2.58638,6.956469,13.41763,-0.73168,0.024670,0.046598
-3.40084,7.660739,13.75299,0.048089,-0.11274,1.003205
-6.21793,8.681214,14.12908,1.080330,0.275007,1.656211
-8.29481,9.567541,15.29808,1.446781,0.483799,1.792565
-8.53675,9.356739,16.10535,1.596983,0.543454,1.744628
-6.94615,7.612830,16.81441,1.137854,0.035323,1.730780
-3.81047,5.174233,15.34838,0.901366,-0.28532,1.763803
-2.57440,3.732155,13.79372,1.003631,-0.70609,1.720127
-1.44613,2.081670,11.59467,1.171943,-0.63792,1.370721
-2.33725,1.322303,10.71792,1.134658,-0.48665,1.088426
-1.85336,1.322303,11.60185,1.210292,-0.20436,0.505727
1.265544,-0.32099,11.31200,1.126136,-0.24484,0.290543
2.523170,-0.96777,10.04958,0.867277,-0.35456,0.397070
3.392729,-1.27918,9.798061,0.070460,-0.42167,0.808262
2.446515,-1.57382,9.671101,-0.31836,-0.20329,1.177908
-1.19221,-1.00370,7.927193,-0.00410,0.244115,1.253542
-2.73969,-1.26481,6.621657,0.305883,0.351706,1.153407
-3.19004,-2.40266,6.549792,0.467803,0.093912,0.906266
-2.19831,-4.19448,9.393225,0.281382,-0.12020,0.813588
0.024686,-5.76831,12.22468,-0.08400,-0.45789,0.631428
0.343285,-6.51570,12.51453,-0.02221,-0.43019,0.448202
-0.49273,-7.27506,10.11426,0.224923,-0.32793,0.293739
-0.73707,-7.52180,9.378852,0.923736,-0.04563,-0.16751
-0.76821,-7.88591,9.680683,1.400974,0.135458,-0.62238
0.336098,-8.02006,11.24493,1.396713,0.181264,-0.75874
1.232007,-7.90747,11.80068,1.027067,0.154633,-0.91959
2.144684,-7.32297,11.32398,0.430519,0.042780,-0.91107
0.601996,-6.55882,8.415870,0.252620,0.003365,-0.93877
-0.11664,-5.82101,6.964210,0.237706,-0.01580,-1.11773
-1.57070,-4.67597,5.273002,0.214271,0.087521,-1.39683
-1.50123,-3.49979,5.670652,0.134376,0.139719,-1.53425
-0.85924,-3.18119,6.751013,-0.16283,-0.11807,-1.55662
-0.17653,-2.97758,7.388210,-0.56017,-0.33432,-1.43305
-0.04478,-2.39308,6.571352,-0.74979,-0.39930,-1.38724
-0.82810,-1.82535,6.382109,-1.06617,-0.35775,-1.34250
-2.34204,0.062282,6.482719,-1.19081,-0.19690,-1.33398
-2.37558,1.061196,6.264730,-1.26644,0.152502,-1.29456
-1.91325,1.588201,6.441996,-1.16737,0.223875,-1.20615
-0.86882,2.788336,6.983374,-1.14607,-0.03178,-0.67138
-1.18982,4.556200,8.494921,-1.16098,-0.16601,-0.29322
-3.46073,4.414866,8.890175,-0.89679,0.122675,0.537685
-3.88713,7.960175,10.61731,-0.76151,0.268616,0.740085
-6.51017,8.427292,10.49514,-0.30770,0.578607,0.878569
-5.52563,8.724332,10.70115,-0.02754,0.596717,0.814653
-3.15171,9.251338,11.47250,0.363407,0.630805,0.886026
-2.97924,8.856083,11.71683,0.204683,0.608435,1.154472
-2.32048,8.731518,12.38996,0.086439,0.472081,1.329175
-1.35750,8.384174,13.14933,0.060873,0.233462,1.634906
-1.32875,7.943406,13.68592,0.621201,0.076868,1.675386
-2.80437,7.028333,13.29306,1.046241,0.073672,1.570990
-3.50145,6.767226,12.88343,1.446781,0.112022,1.384569
-3.63800,6.268967,13.26431,1.754642,0.163155,1.135298
-2.30850,5.006549,15.06811,1.894191,0.106696,0.872177
-0.28193,3.847138,16.31615,1.704574,0.320814,0.515314
0.542109,3.171613,15.84185,1.832406,0.068346,0.463116
1.102651,2.486506,14.83335,1.986869,-0.39184,0.757129
1.251171,1.827749,13.46314,2.094461,-0.64644,0.812523
0.611578,1.398959,10.06156,2.198857,-0.79025,0.691083
0.082177,2.108020,11.09401,1.802579,-0.54311,0.408788
-1.20179,2.697308,11.58748,1.253968,-0.22886,0.282021
-1.06765,2.242167,10.83051,-0.46536,0.057694,0.032750
-0.57418,1.679230,9.733384,-1.78735,-0.38119,0.282021
0.446290,0.749784,6.477928,-1.88110,-0.81901,0.470573
0.930177,0.328180,2.834405,-1.37084,-1.12368,0.627167
0.542109,0.337762,1.301299,-0.81690,-0.90850,0.628232
-0.04478,0.356925,1.344417,-0.91810,-0.59424,0.635689
-2.78041,-0.71864,8.456593,-1.48482,0.050237,0.584556
-2.52170,-1.63611,11.02933,-1.61052,0.325075,0.590948
-1.02453,-3.32252,12.72773,-1.52530,0.506169,0.564316
-0.93590,-5.48325,9.357294,-1.27283,0.580738,0.420506
-1.12993,-6.57798,7.608594,-0.46430,0.270746,-0.07697
-1.73599,-8.00329,10.55024,0.039567,0.006561,-0.30600
-1.06046,-8.00089,12.70138,0.733054,-0.22673,-0.74169
0.027081,-7.98892,13.94942,0.685117,-0.11381,-1.18804
0.566064,-7.85477,14.88845,0.386843,-0.18518,-1.43624
0.297771,-7.58648,14.19136,0.219597,-0.27999,-1.42239
0.458268,-6.39832,10.19810,-0.07228,-0.43445,-1.24556
-0.20527,-5.14069,7.711599,-0.44938,-0.37267,-1.11240
-1.74078,-3.45428,7.357069,-0.71250,-0.33858,-1.06340
-2.16238,-2.45057,7.421747,-1.24087,-0.37373,-0.92172
-1.88211,-1.14264,7.172617,-1.54447,-0.66135,-0.69375
-1.38145,-0.74738,6.350968,-1.59135,-0.76042,-0.65860
-1.26408,-0.53419,6.214426,-1.58815,-0.68692,-0.89615
-1.32396,-0.31141,7.263645,-1.63502,-0.46108,-1.18697
-0.65323,-0.02874,8.528458,-1.68402,-0.35669,-1.21147
0.604392,0.026349,8.710514,-1.73303,-0.40356,-0.91000
1.900346,0.630010,9.213564,-1.78096,-0.34604,-0.35713
1.172120,1.870868,9.218356,-1.82038,-0.17559,-0.22610
0.503782,2.601489,9.699847,-1.74155,0.304835,-0.25380
-1.39343,3.844742,10.63168,-1.35166,0.824683,-0.42637
-0.48555,3.504584,10.76823,-1.08428,1.033475,-0.44129
0.503782,3.269827,11.25930,-0.54419,1.194330,-0.26765
1.445205,3.542912,13.08705,-0.29172,1.143197,-0.15473
0.968505,4.228019,14.75909,-0.10637,0.985538,-0.02796
0.118110,4.486731,15.58314,0.035306,0.512561,0.268173
-1.10837,4.939476,16.66110,0.102418,0.228136,0.357655
-1.67131,4.829284,16.75692,0.460346,-0.36628,0.289478
-2.20310,4.692742,16.37125,1.071808,-0.72953,0.247933
-2.70376,4.546617,15.95683,1.441454,-0.70716,0.303327
-2.34204,4.168132,15.94965,2.213770,-0.36841,0.396005
-1.57549,3.296178,15.90413,2.545068,-0.19583,0.449268
-0.97901,2.666167,15.34359,2.735750,-0.13192,0.538750
-0.60532,2.225399,14.76388,2.741076,-0.10635,0.633558
-0.16695,2.191862,13.31941,2.360777,-0.09889,0.736889
-0.40410,2.067297,12.37559,1.873951,-0.47706,0.747542
-0.46399,1.624134,9.766920,1.731206,-0.66988,0.759259
-0.20048,2.316427,8.241001,1.592722,-0.85630,0.743281
0.048641,2.515252,7.965520,1.476608,-0.77747,0.719845
0.149251,2.143953,7.860119,1.069677,-0.25655,0.737954
0.451081,0.943818,6.518651,0.765012,0.322944,0.732628
0.455872,0.419208,5.435895,0.795904,0.387925,0.670843
0.635533,-0.17007,4.753183,0.885387,-0.03285,0.656994
0.939759,-0.51263,6.406064,0.757555,-0.72633,0.530228
0.158833,-1.01089,8.538040,0.178052,-0.21927,0.398135
-0.32026,-1.53310,8.863824,-0.03180,0.213222,0.384287
-0.79696,-2.85541,6.197657,-0.13939,0.912035,0.338480
-0.59574,-2.89134,5.663465,-0.15324,1.100587,0.385352
-0.13820,-2.81708,6.650403,-0.25444,1.181547,0.512118
-0.84487,-3.32971,8.511690,-0.36203,0.912035,0.454594
-1.49883,-3.69622,9.172842,-0.37481,0.677677,0.364047
-2.17196,-4.45079,10.39932,-0.26190,0.284595,0.025293
-2.09052,-4.69034,11.72402,0.081113,-0.04244,-0.30706
-1.03411,-4.20166,12.51213,0.294165,-0.15216,-0.44022
-0.61490,-3.73934,12.70138,0.632919,-0.17240,-0.62558
-0.81133,-3.02548,11.88452,0.762881,0.055563,-0.67884
-0.82331,-2.70210,11.00298,0.804427,0.427340,-0.67245
-1.31917,-2.05292,9.146492,0.826797,0.504039,-0.61706
-1.40062,-0.90070,8.217045,0.840646,0.471016,-0.42105
-1.58267,0.337762,8.420661,0.711749,0.390056,-0.26978
-1.77671,0.819253,8.600322,0.572199,0.305900,-0.30067
-1.63777,1.236066,8.367960,0.188704,0.008691,-0.58723
-0.47117,1.209716,7.642130,-0.32155,-0.39610,-0.91426
0.475036,1.221693,7.414560,-0.59532,-0.52820,-1.01120
1.145770,2.199048,7.294786,-1.00652,-0.48132,-0.93237
0.815194,3.875884,7.093566,-1.10985,-0.20968,-0.58723
0.503782,4.752629,7.119916,-1.05658,-0.06374,-0.43916
-0.47596,5.844967,8.142786,-0.82223,0.094978,-0.30600
-0.67000,5.636560,9.742965,-0.47921,0.051302,-0.35394
-0.46399,5.272448,10.55263,-0.29599,0.066216,-0.34861
0.225906,4.721487,12.03543,0.033176,0.006561,-0.13449
0.470245,4.347793,12.66544,0.244098,-0.21607,0.101992
-0.01124,4.165737,12.83073,0.296296,-0.36415,0.092404
-0.85205,3.624358,12.76366,0.364473,-0.65709,-0.25593
-0.15018,3.277014,12.05939,0.427323,-0.69225,-0.34648
0.719375,3.267432,11.64497,0.513610,-0.68479,-0.38057
1.373340,3.291387,10.65803,0.701096,-0.56228,-0.26552
1.021205,3.327319,10.52868,0.769273,-0.40249,-0.03329
0.549296,3.504584,10.27715,0.728793,-0.35243,0.068969
-0.60771,3.950143,9.647146,0.619071,-0.33325,0.173364
-0.77300,4.010030,8.648232,0.538111,-0.25442,0.105188
-0.51669,3.976494,8.363169,0.387909,-0.20436,-0.05992
0.326516,3.662686,8.401497,0.269664,-0.23525,-0.11425
1.071510,3.111726,8.377543,-0.05417,-0.29916,-0.11212
0.891849,3.015907,8.241001,-0.38866,-0.31195,-0.06738
0.477431,3.104539,8.142786,-0.48454,-0.34177,-0.02477
0.015104,3.121308,7.685249,-0.46430,-0.42700,0.079621
-0.12143,2.900924,8.178718,-0.15963,-0.51861,0.218106
-0.29151,2.678144,8.842266,0.058742,-0.59211,0.279891
-0.32026,2.479320,10.21966,0.153551,-0.22460,0.253259
-0.50231,2.457760,10.97184,0.038502,0.223875,-0.00986
-0.45680,2.270913,11.35512,-0.01582,0.182329,0.000792
-0.10706,2.155930,11.24253,-0.10211,-0.04776,0.051924
2.446515,2.553579,7.491215,-0.02328,-0.41847,0.113710
0.613974,1.684020,8.542831,0.031045,-0.53246,0.099861
0.168415,2.033761,9.201587,0.029980,-0.37906,-0.11425
0.065409,2.508065,10.43286,-0.11915,0.189786,-0.38270
0.254652,2.218212,11.14432,-0.19692,0.410296,-0.46046
0.870290,1.911591,10.37297,-0.30557,0.521083,-0.49881
2.324345,1.528315,8.367960,-0.31729,0.270746,-0.36246
2.321950,2.067297,7.613385,-0.28427,0.069411,-0.27191
1.881182,2.139162,8.094876,-0.17455,-0.26188,-0.16325
0.671465,2.251749,9.299801,-0.04884,-0.29597,-0.16538
0.094155,2.587116,10.37058,0.003348,-0.23844,-0.16645
0.072596,2.606280,10.69876,0.072591,-0.04989,-0.15154
0.570855,2.405060,10.42328,0.108810,0.137588,-0.09934
0.918200,2.429014,9.757338,0.118397,0.192982,-0.07377
0.891849,2.488901,9.512999,0.166334,0.180199,-0.01199
0.786448,2.570348,9.124932,0.167399,0.023605,0.041272
0.544505,2.577534,9.163259,0.132245,-0.04670,0.027423
0.441499,2.565557,9.323757,0.060873,-0.15855,-0.01199
0.060618,2.601489,9.898672,0.025719,-0.11061,-0.03223
0.312143,2.524834,9.639960,0.031045,-0.04563,-0.04075
0.467850,2.479320,9.493836,0.059807,0.076868,-0.03755
0.506177,2.412246,9.244706,0.107744,0.152502,0.002922
0.580437,2.421828,9.077022,0.136506,0.171677,0.034880
0.510968,2.414642,9.129723,0.135441,0.072607,0.071099
0.259443,2.409851,9.306988,0.081113,-0.03391,0.089209
0.089364,2.515252,9.436344,0.055546,-0.04883,0.084948
0.039059,2.498483,9.455508,0.027849,-0.01474,0.058316
0.072596,2.405060,9.412389,0.022523,0.038519,0.039141
0.237884,2.385896,9.160864,0.024654,0.052367,0.044468
0.357657,2.378710,9.151282,0.008675,0.123740,0.077491
0.472640,2.383500,9.084209,-0.00517,0.179134,0.091339
0.360053,2.431410,9.254287,-0.00410,0.191917,0.095600
0.295375,2.433805,9.242310,-0.00730,0.186590,0.109449
0.326516,2.412246,9.045881,-0.00836,0.164220,0.113710
0.364844,2.357150,9.168050,-0.00410,0.161024,0.113710
0.324121,2.371523,9.232728,0.048089,0.194047,0.086013
0.240279,2.493692,9.366875,0.100287,0.288856,0.051924
0.247465,2.405060,9.311779,0.106679,0.338923,0.035945
0.333703,2.345173,9.369271,0.077917,0.413492,0.009314
0.522946,2.299659,9.326152,0.033176,0.425209,-0.00346
0.585228,2.294868,9.132119,-0.09039,0.408165,-0.03968
0.599601,2.347568,9.031508,-0.25231,0.363424,-0.06738
0.501386,2.496088,8.882988,-0.33327,0.300574,-0.08975
0.453477,2.512856,8.796751,-0.30344,0.211091,-0.07058
0.357657,2.484111,8.703328,-0.19479,0.071542,0.016771
0.360053,2.354755,8.672186,0.009740,-0.07972,0.016771
0.065409,2.402664,9.604027,0.148224,-0.01048,-0.03329
-0.15976,2.445783,10.07114,0.163138,0.068346,-0.03436
-0.34182,2.335591,10.29392,0.119462,0.195113,-0.03862
0.017500,2.426619,10.18133,0.059807,0.256898,-0.05460
-0.03759,2.282890,9.309384,-0.02434,0.328270,-0.29428
-0.07831,2.230190,9.031508,-0.08932,0.063020,-0.00240
0.122901,2.512856,8.744050,-0.28214,0.002300,0.313979
0.489409,2.460156,8.942875,-0.33647,-0.04989,0.233019
0.216324,2.711681,9.582468,-0.35564,-0.13298,0.045533
-1.79827,3.612381,9.251893,-0.38227,-0.15642,0.052990
-0.61730,2.108020,8.389520,-0.39186,-0.18625,0.115840
-0.67958,2.079275,8.693746,-0.37695,-0.19264,0.189343
-0.86643,2.445783,9.139305,-0.32581,-0.05628,0.260716
-1.09400,2.589512,9.237520,-0.24911,0.261159,0.246868
-1.28084,2.716472,9.474672,-0.18946,0.442254,0.231954
-1.18503,2.680540,9.501022,-0.19798,0.349576,0.141407
-0.62688,2.364336,9.352502,-0.13833,0.221744,0.107318
-0.28433,2.055320,9.393225,-0.13833,0.155698,0.126493
-0.28912,1.923568,9.680683,-0.09359,0.140784,0.104122
-0.26756,1.705580,9.944186,-0.01476,0.271811,0.062577
-0.22683,1.676834,10.00407,0.025719,0.365555,0.063642
-0.10466,1.652879,9.843575,0.059807,0.443319,0.111579
0.475036,1.473218,9.759734,0.009740,0.409230,0.133950
0.616369,1.549874,9.616004,-0.02541,0.362359,0.123297
0.472640,1.672043,9.604027,-0.09039,0.344249,0.072164
0.209138,1.827749,9.551327,-0.11489,0.346380,-0.09295
0.319330,1.787026,9.608819,-0.14578,0.386860,-0.16751
0.362448,1.695998,9.604027,-0.12448,0.318683,-0.20160
0.515759,1.523524,9.498626,-0.00091,0.040649,-0.05034
0.570855,1.638506,9.575282,0.047024,-0.09357,0.040207
0.252256,1.645693,9.541745,0.076852,-0.27360,0.148863
-0.96225,2.052924,10.39693,0.073656,-0.36201,0.185082
-1.78150,2.033761,10.44484,0.049155,-0.32686,0.196800
-1.77910,1.985851,10.14780,-0.09039,-0.18838,0.224497
-1.31199,2.227794,9.685474,-0.41529,0.074738,0.218106
-0.84487,2.318822,8.923711,-0.48454,0.245180,0.161647
-0.72749,2.290077,8.447011,-0.40997,0.300574,0.117971
-0.30349,2.433805,7.991870,-0.37162,0.222809,0.084948
0.316934,2.285286,8.564390,-0.29599,0.071542,0.026358
0.170810,2.091252,9.848366,-0.21076,-0.07013,0.045533
-0.11425,1.559456,10.43765,-0.16176,-0.04670,0.063642
-0.13101,1.370213,10.48316,-0.07761,-0.16920,0.209583
-0.55741,1.274394,10.48556,0.082178,-0.15642,0.186148
-0.78258,1.456450,10.06875,0.289904,-0.25229,0.130754
-1.17065,1.825354,9.953767,0.674464,-0.58039,0.039141
-0.39212,1.001309,9.843575,0.643572,-0.97987,-0.04181
0.015104,0.689897,10.96465,0.521067,-1.09066,-0.08762
-0.10227,0.850394,11.34314,0.329319,-1.12794,-0.13343
-0.09269,0.766552,10.63408,0.234511,-0.97348,-0.09188
0.336098,0.960586,9.321361,0.262207,-1.01396,-0.06205
0.566064,1.334281,9.256683,0.310144,-0.82540,-0.03968
0.496595,1.698394,9.393225,0.410279,-0.48985,-0.01944
0.348076,1.858891,10.29871,0.547698,-0.42913,0.005053
0.515759,1.777444,9.886694,0.583917,-0.53565,0.048729
0.755307,1.899614,9.989700,0.505088,-0.69118,0.072164
0.911013,1.748698,10.23164,0.366603,-0.61981,-0.06099
0.587623,1.784631,10.63647,0.298426,-0.64537,-0.06951
0.539714,1.753489,10.26038,0.149290,-0.48985,-0.03862
1.045160,1.887636,9.287824,0.056612,-0.51222,-0.30813
1.440414,2.067297,9.067440,0.009740,-0.58785,-0.44022
1.090674,2.474529,8.928503,-0.33220,-1.09172,-0.54249
2.173430,1.890032,8.583554,-0.41103,-1.01396,-0.65967
2.547125,1.676834,8.607508,-0.48454,-0.82114,-0.68097
2.321950,1.844518,8.413475,-0.49625,-0.48132,-0.76513
1.464369,2.081670,8.664999,-0.34818,-0.29597,-0.74276
1.708707,2.237376,8.478153,-0.23420,-0.11700,-0.64262
1.596120,2.417037,8.676978,0.091765,0.517887,-0.51692
1.536233,2.357150,9.414785,0.365538,0.959972,-0.32304
0.582832,2.371523,9.577677,0.411344,1.015365,-0.21545
0.357657,2.479320,9.448322,0.294165,0.783138,-0.13023
0.273816,2.668562,9.369271,0.168464,0.594586,-0.13130
-0.01124,2.726054,9.342921,-0.11596,0.350641,-0.12171
0.055827,2.687726,9.148886,-0.34499,0.335727,-0.10147
0.395985,2.591907,8.720096,-0.50052,0.343184,-0.08549
0.410358,2.606280,8.514084,-0.54632,0.343184,-0.07377
0.491804,2.766777,8.178718,-0.53460,0.349576,-0.02903
0.542109,2.718867,8.353588,-0.43873,0.371946,0.062577
0.348076,2.635026,8.818310,-0.36949,0.351706,0.086013
0.247465,2.575139,9.256683,-0.19479,0.311226,0.092404
-0.21246,2.438596,10.21008,-0.03819,0.317618,0.088143
-0.33463,2.321218,10.89279,0.032111,0.347445,0.062577
-0.30109,2.136766,11.09162,0.201487,0.412426,-0.03116
-0.24360,1.894823,10.87363,0.337841,0.562628,-0.15793
0.067805,2.155930,10.53826,0.377256,0.643588,-0.23889
0.206742,2.280495,10.54545,0.415605,0.779942,-0.37524
0.245070,2.572743,10.32267,0.415605,0.896056,-0.34115
0.103737,3.207545,9.769315,0.400692,0.974885,-0.23676
-0.05436,3.590821,9.493836,0.411344,0.986603,0.119036
-1.08442,4.544222,9.084209,0.361277,0.761833,0.503596
-2.59596,5.581464,8.686559,0.310144,0.600978,0.638885
-3.43917,5.974323,8.849452,0.152485,0.235593,0.741150
-4.43090,5.974323,9.194400,-0.15111,0.049171,0.772043
-3.85838,5.392221,8.964435,-0.29918,0.048106,0.823175
-3.28346,4.824493,8.916525,-0.37268,0.181264,0.862590
-2.38037,3.454279,8.370356,-0.32155,0.395382,0.916918
-1.80306,2.225399,8.300888,-0.12980,0.315487,1.007466
-1.61382,1.569038,8.688955,0.048089,0.133327,1.011727
-0.90955,0.344948,9.790875,0.110940,0.072607,0.933963
-0.77540,-0.84081,10.74667,0.179117,-0.01048,0.811457
-0.56699,-1.27439,11.29763,0.369799,-0.27253,0.535554
0.793635,-2.24935,11.35512,0.509349,-0.46002,0.174430
1.505092,-2.41703,11.24732,0.513610,-0.47813,-0.02477
2.389023,-2.55837,11.12994,0.406018,-0.43871,-0.42531
2.865723,-2.44817,10.74906,0.162073,-0.38119,-0.66286
3.656231,-2.08167,9.239914,-0.12980,-0.34177,-0.63836
3.883802,-1.45166,7.793046,-0.23633,-0.29810,-0.60001
3.512503,-0.94621,7.297182,-0.38866,-0.22033,-0.55740
1.953046,0.400044,6.822877,-0.48667,-0.18518,-0.62345
1.097860,1.595388,7.072007,-0.48880,-0.16920,-0.70015
1.100256,2.012201,7.390605,-0.50691,-0.22886,-0.67671
1.332617,2.524834,7.843351,-0.53141,-0.28958,-0.48283
1.469160,2.764381,8.394310,-0.52395,-0.30982,-0.39548
1.083487,2.982370,8.720096,-0.47495,-0.36734,-0.25593
-0.04478,3.626754,9.029112,-0.43234,-0.35136,-0.20480
-0.15976,3.990866,9.493836,-0.41423,-0.30662,-0.21119
-0.08311,3.952539,9.726197,-0.38866,-0.29064,-0.26445
0.405567,3.672268,9.831598,-0.40251,-0.33006,-0.28789
1.004437,3.351274,9.699847,-0.43127,-0.37267,-0.29748
1.212843,3.229104,9.759734,-0.46217,-0.41634,-0.29215
1.236798,2.903319,9.896276,-0.48986,-0.43232,-0.22397
1.107442,2.824269,9.860343,-0.39719,-0.38012,-0.10999
0.961318,2.814687,9.893880,-0.32794,-0.34391,-0.09082
0.743330,2.771568,10.05677,-0.20863,-0.31514,-0.19308
0.525341,2.567952,10.36579,-0.11383,-0.37160,-0.34754
0.963714,2.096043,10.73229,-0.08826,-0.42273,-0.40400
1.435623,1.904405,10.74188,-0.05737,-0.52500,-0.43596
2.103961,1.902009,10.90237,-0.04139,-0.57933,-0.41466
1.943464,1.897218,10.81134,-0.04352,-0.55589,-0.40933
1.660798,1.834936,10.66522,-0.11915,-0.36201,-0.39122
1.315849,1.868473,10.31788,-0.09252,-0.30449,-0.50414
1.131397,1.906800,9.798061,-0.00410,-0.37906,-0.57658
1.222425,1.940337,9.536954,0.139702,-0.26934,-0.54142
0.911013,2.575139,9.996886,0.184443,-0.16920,-0.47964
1.174516,1.525919,10.81614,0.186574,-0.00409,-0.37418
0.927781,1.461241,10.54545,0.155681,0.075803,-0.31559
0.084573,1.918777,10.00646,0.210010,0.082195,-0.29535
-0.17413,1.822958,9.735779,0.274991,0.076868,-0.27724
-0.12862,1.703184,9.268660,0.402822,0.063020,-0.25060
0.074991,1.746303,9.297407,0.414540,0.143980,-0.21012
0.060618,1.516337,9.189610,0.337841,0.289921,-0.17391
-0.09987,1.365422,9.043485,-0.07548,0.695786,-0.33156
0.000731,1.590597,8.260164,-0.35138,0.965298,-0.57658
-0.59574,1.751094,7.335509,-0.37481,1.122957,-0.59575
-0.45440,1.945128,6.870787,-0.33327,1.209243,-0.40187
0.237884,2.587116,7.493611,-0.38653,0.741593,-0.15899
-0.58616,2.393082,8.497317,-0.51330,0.447580,-0.14727
-1.44613,2.043342,8.935689,-0.77322,-0.14790,-0.21652
-2.79239,1.772653,9.738174,-0.79027,-0.58679,-0.20160
-1.95397,1.686416,9.972931,-0.69865,-0.69118,-0.16538
-1.36469,1.516337,9.901067,-0.44512,-0.54417,-0.11638
-0.84726,1.200134,10.50951,-0.28640,-0.34710,-0.08016
-0.92392,1.010891,11.22576,-0.10424,-0.11807,-0.00879
-0.24839,1.046823,11.15390,0.096026,0.088586,0.099861
-0.22204,0.895908,10.93591,0.445433,0.360228,0.309718
-0.48075,1.032450,10.98861,0.609483,0.418818,0.380026
-0.55741,1.161806,11.07964,0.606288,0.403904,0.185082
-0.13341,1.027659,10.79218,0.529589,0.440123,0.064708
0.637929,1.068383,10.24601,0.469934,0.147176,0.070034
2.305181,1.557060,9.450716,0.328254,0.107761,-0.09827
1.014019,0.888722,9.108163,0.224923,0.063020,-0.16645
1.402086,1.415727,9.433949,0.047024,0.026801,-0.22184
0.975691,1.444473,8.545226,-0.05204,0.069411,-0.17497
0.800821,1.674439,8.542831,-0.05630,0.063020,-0.11319
0.091759,1.942732,8.672186,-0.04778,0.089651,-0.04288
-0.92152,1.961896,9.115350,-0.01156,0.027866,0.016771
-0.72749,2.151139,9.421971,0.009740,0.010822,0.023162
-0.76103,2.072088,9.649541,0.035306,-0.00728,0.041272
-0.58616,1.954710,9.970536,0.047024,-0.01261,0.031684
-0.53585,1.846913,9.862739,0.043828,-0.05841,0.066838
-0.37056,1.791817,9.805248,0.057677,-0.08824,0.044468
-0.46638,1.595388,9.654333,0.032111,-0.09250,-0.00986
-0.40649,1.454055,9.692660,0.011871,-0.11168,-0.02583
0.216324,1.602574,9.611214,-0.02434,-0.13511,-0.06525
0.163624,1.573829,9.460299,-0.07441,-0.12979,-0.09614
0.139669,1.588201,9.431553,-0.07761,-0.17666,-0.06099
0.419940,1.825354,9.414785,-0.06376,-0.21181,-0.06312
-0.20767,1.583410,9.419575,-0.07974,-0.19796,-0.07271
-0.19569,1.645693,9.616004,-0.09145,-0.18199,-0.08229
0.089364,1.861286,9.496231,-0.09785,-0.15429,-0.10040
0.048641,1.913986,9.441135,-0.09678,-0.11807,-0.03116
0.134878,2.002619,9.481858,-0.04884,-0.04670,0.026358
0.012709,1.973874,9.409994,-0.03393,-0.02433,0.059381
-0.32984,1.806190,9.587259,0.002283,-0.04031,0.111579
-0.10706,1.856495,9.625587,0.026784,-0.03285,0.074295
-0.08550,1.782235,9.687870,0.028915,-0.01474,0.025293
0.142064,1.679230,9.764525,0.026784,0.015083,-0.04288
0.628347,1.648088,9.671101,0.002283,-0.01367,-0.02157
0.719375,1.633716,9.604027,0.005479,0.027866,-0.03649
0.391194,1.475614,9.460299,-0.00410,0.188721,-0.16325
0.487013,1.602574,9.376457,-0.09785,0.043845,-0.17178
0.575646,1.652879,9.393225,-0.14259,-0.03178,-0.01412
1.061928,1.990642,9.345315,-0.00517,-0.07013,-0.07803
-1.09639,0.958191,8.916525,-0.00517,0.035323,-0.08762
-0.70114,1.238461,9.860343,0.029980,0.017213,-0.06844
0.312143,1.813376,9.872322,0.051285,0.006561,-0.02157
-0.22204,1.779840,9.936999,0.054481,0.028931,0.017836
-0.46399,1.832540,9.946581,0.053416,0.103500,0.042337
-0.38254,1.796608,9.517790,0.037437,0.137588,0.044468
-0.15497,1.731930,9.417181,0.024654,0.132262,0.030619
0.024686,1.691207,9.465089,-0.02541,0.078999,0.018901
0.065409,1.674439,9.469881,-0.04778,0.037454,0.024228
-0.05196,1.621738,9.450716,-0.07654,-0.01474,0.038076
-0.09987,1.643297,9.512999,-0.09572,0.018279,0.040207
-0.04238,1.674439,9.414785,-0.09252,0.037454,0.041272
-0.04717,1.662461,9.510603,-0.07867,0.038519,0.043402
-0.00166,1.686416,9.644751,-0.06163,0.035323,0.046598
-0.03759,1.614552,9.826807,-0.01156,0.040649,0.040207
0.046245,1.525919,10.03521,0.067264,0.034258,0.028489
0.120505,1.473218,10.11666,0.108810,0.028931,0.016771
0.125296,1.478009,10.10468,0.167399,0.017213,-0.00346
0.101341,1.561851,9.836389,0.184443,0.042780,-0.01305
-0.00405,1.648088,9.568096,0.183378,0.060889,-0.00772
-0.04957,1.667252,9.441135,0.169530,0.109891,0.010379
-0.06394,1.734326,9.326152,0.159942,0.143980,0.027423
-0.03520,1.796608,9.398016,0.151420,0.150371,0.027423
-0.02322,1.842122,9.383644,0.118397,0.135458,0.026358
-0.09269,1.942732,9.388435,0.080047,0.117348,0.040207
-0.23402,1.995433,9.342921,0.065134,0.123740,0.055120
-0.28193,1.969083,9.316570,0.059807,0.171677,0.086013
-0.27953,1.921173,9.436344,0.065134,0.187656,0.093470
-0.15257,1.810981,9.486649,0.059807,0.196178,0.075360
-0.09029,1.767862,9.539350,0.057677,0.151437,0.030619
-0.21246,1.722348,9.699847,0.042763,0.061955,0.000792
-0.35859,1.724744,9.707033,0.035306,0.031062,-0.00879
-0.45440,1.727139,9.690265,0.047024,0.003365,0.003988
-0.56699,1.775049,9.738174,0.090700,0.025736,0.029554
-0.57657,1.892427,9.687870,0.102418,0.037454,0.045533
-0.54543,1.916382,9.649541,0.118397,0.054498,0.064708
-0.51190,1.969083,9.584864,0.120527,0.052367,0.075360
-0.43764,1.978664,9.522582,0.118397,0.051302,0.077491
-0.37296,1.993037,9.433949,0.109875,0.053432,0.079621
-0.29391,2.019388,9.405202,0.078982,0.035323,0.071099
-0.12383,2.060111,9.311779,0.055546,0.050237,0.044468
0.027081,2.079275,9.311779,0.049155,0.063020,0.028489
0.089364,2.076879,9.309384,0.023588,0.075803,-0.01731
0.118110,2.050529,9.242310,-0.01902,0.058759,-0.05886
0.003127,2.045738,9.249497,-0.04352,0.041715,-0.07164
-0.04717,2.050529,9.297407,-0.08293,0.017213,-0.09082
-0.37056,2.084065,9.577677,-0.07441,0.021475,-0.08016
-0.48555,2.098438,9.695055,-0.05311,0.034258,-0.06525
-0.56460,2.081670,9.740570,0.006544,0.069411,-0.02796
-0.63646,2.074484,9.805248,0.055546,0.076868,-0.00027
-0.55741,2.016992,9.683078,0.060873,0.071542,0.005053
-0.46159,1.981060,9.587259,0.048089,0.047041,-0.01199
-0.29151,1.913986,9.421971,0.015066,0.007626,-0.03862
-0.34661,1.916382,9.398016,-0.02221,-0.04137,-0.05247
-0.38494,1.973874,9.321361,-0.04458,-0.04137,-0.05673
-0.40410,1.990642,9.328548,-0.05843,-0.01900,-0.05886
-0.44003,1.997828,9.474672,-0.04458,0.010822,-0.05353
-0.49513,2.009806,9.568096,-0.03606,0.020409,-0.04714
-0.52627,2.009806,9.582468,-0.02647,0.017213,-0.03755
-0.55022,1.997828,9.618400,-0.02328,0.005496,-0.03329
-0.57418,1.997828,9.685474,-0.01049,-0.03285,-0.02051
-0.55262,2.000224,9.611214,-0.01369,-0.03178,-0.01305
-0.49992,1.997828,9.498626,-0.00943,-0.02113,-0.00346
-0.49513,1.961896,9.479463,-0.01049,-0.01261,0.001857
-0.46638,1.959501,9.455508,-0.01582,0.003365,0.002922
-0.43524,1.947523,9.465089,-0.02647,0.008691,-0.00027
-0.34900,1.935546,9.472276,-0.02967,0.006561,-0.00559
-0.31786,1.921173,9.505813,-0.03393,-0.00196,-0.02477
-0.21725,1.911591,9.524977,-0.03393,-0.00515,-0.03968
-0.21007,1.906800,9.541745,-0.03287,-0.01048,-0.05353
-0.26516,1.916382,9.553723,-0.03073,-0.01474,-0.06312
-0.40410,1.971478,9.572886,-0.02328,0.001235,-0.08123
-0.45680,1.981060,9.575282,-0.01902,-0.00089,-0.07697
-0.48555,1.990642,9.544140,-0.01689,0.000169,-0.07058
-0.56699,1.973874,9.534559,-0.01049,0.018279,-0.05140
-0.55262,1.959501,9.577677,-0.00304,0.015083,-0.02903
-0.51429,1.949919,9.563304,-0.00304,0.007626,-0.02264
