upDown
-0.17892,3.926189,8.164345,0.081679,0.039870,-0.13301
-0.44482,4.084290,8.506898,0.029481,0.016435,-0.13514
-0.63407,4.105849,8.827893,0.001784,-0.00060,-0.11703
-0.75623,4.079499,9.009949,0.011371,-0.01871,-0.08294
-0.71312,4.089081,9.065045,0.116832,0.019630,0.019317
0.010313,3.957330,8.492526,0.147725,0.040936,0.099212
0.122901,4.117827,8.557204,-0.06106,-0.06878,-0.07016
-0.89278,4.072313,8.221837,-0.11539,0.163441,-0.13514
-0.93590,4.156155,6.959419,-0.35720,-0.09328,-0.10531
-1.28084,4.395702,7.155848,-0.97719,-0.62165,0.145018
-1.06046,4.453194,8.286515,-1.35216,-0.80594,0.295221
-0.83049,4.446007,9.041090,-1.50130,-0.82725,0.369789
-0.37535,4.395702,10.10707,-1.61102,-0.75375,0.417726
-0.18851,4.043567,14.89564,-1.66961,-0.22324,0.381507
-0.27474,3.868697,16.75213,-1.61848,0.122961,0.341027
-0.30588,3.698618,19.04460,-1.54178,0.467041,0.295221
-0.80175,3.027884,24.21884,-1.42247,0.768511,0.231305
-1.80545,2.333195,26.04659,-0.80675,1.088090,0.055536
-2.95289,2.139162,23.34688,-0.29435,0.925104,-0.04353
-3.01757,2.136766,21.07836,1.415389,-0.28396,-0.18947
-2.83551,2.278099,16.78567,1.859604,-0.66959,-0.15645
-2.70136,2.258935,14.80221,2.496631,-1.22992,-0.06377
-2.53608,2.088856,10.91674,2.745903,-1.36947,-0.00092
-1.96835,2.000224,7.924797,3.096374,-1.44084,0.133301
-1.71203,2.079275,6.796527,3.274274,-1.33005,0.304808
-1.37427,2.199048,4.441771,3.353103,-1.23951,0.385768
-0.95506,2.376314,1.646248,3.500109,-1.01793,0.548753
-0.39452,2.527229,0.137096,3.440455,-0.84962,0.746892
0.582832,3.068607,-2.48834,3.287057,-0.80062,0.831048
1.426041,3.150053,-3.15189,2.655355,-0.68131,0.909878
1.823690,3.104539,-3.09200,1.910736,-0.46825,0.922661
2.295599,3.181195,-2.80934,1.575178,-0.37345,0.883246
2.448910,3.214731,-2.31587,0.970108,-0.28503,0.749023
2.487238,3.202754,-2.14339,0.460912,-0.30101,0.604147
2.597430,3.142867,-2.48834,0.253186,-0.34468,0.538101
2.705226,3.037466,-2.66561,-0.15480,-0.37877,0.395355
2.683667,2.967997,-2.54104,-0.62352,-0.32977,0.253675
1.905137,2.742822,-2.29191,-0.83657,-0.23177,0.184433
1.196075,2.579930,-1.33612,-1.50343,0.212443,0.037427
0.858313,2.028970,-0.40907,-1.74950,0.347731,0.032101
0.551691,1.379795,0.865322,-1.98706,0.444670,0.048080
0.161228,0.778530,2.376869,-2.50478,0.569306,0.104538
-0.07831,0.469513,3.105094,-3.00971,0.536283,0.102408
-0.89757,0.112587,4.995127,-3.38149,0.633222,0.126909
-1.39343,-0.10061,5.766471,-3.47204,0.772772,0.124778
-1.92762,-0.39046,6.453973,-3.45073,1.281968,0.179107
-1.36708,-1.33907,9.728592,-3.37403,1.538696,0.221717
-0.50710,-2.30684,10.61971,-3.32716,1.714465,0.277111
-0.97422,-2.53202,10.96945,-3.09600,1.826317,0.391094
-3.13974,-2.14155,12.04022,-2.88188,1.878515,0.322917
-3.53499,-2.25654,13.27629,-2.53567,2.081980,0.076842
-3.15171,-2.61346,14.10513,-2.48986,2.110743,0.052341
-1.67849,-3.40637,17.77500,-2.78601,1.767728,0.230240
-1.07962,-3.35127,20.75737,-3.02143,1.476911,0.290960
-1.76713,-2.83385,21.10951,-3.17696,1.018848,0.256871
-2.50733,-1.54987,20.46752,-2.58893,1.036957,0.058732
-2.60794,-1.14264,19.57400,-2.15111,1.173311,-0.02222
-2.05698,-0.78332,20.44356,-1.50343,1.198877,0.009730
-1.62340,-0.76176,21.69640,-1.52899,0.713117,0.087494
0.487013,-0.62042,24.22123,-1.65896,0.252923,0.104538
0.518155,-0.36411,23.21273,-1.70583,-0.23816,0.107734
-0.32505,0.146123,20.01956,-0.67146,-0.87625,-0.08401
-1.28324,0.179660,18.11995,-0.08556,-0.73777,-0.20225
-0.96464,-0.23715,18.32356,0.781557,-0.34042,-0.34287
0.321725,-1.58341,21.34426,0.958391,-0.17744,-0.25978
0.834358,-2.86020,23.24867,0.857191,-0.26266,-0.20332
0.403172,-3.34169,22.91570,0.871039,-0.56093,-0.25765
-1.16826,-3.54530,19.72492,1.563460,-0.78570,-0.48348
-1.23293,-3.60519,16.44072,2.072656,-0.85175,-0.60812
-1.01495,-3.68664,14.90522,3.211423,-0.91673,-0.57190
-0.26756,-3.91181,12.81396,3.347777,-1.03711,-0.49840
-0.06634,-3.77287,11.14671,3.391453,-1.20435,-0.44939
-0.98141,-3.10693,9.012344,3.336059,-1.56335,-0.48774
-1.80306,-2.61825,7.797837,3.382930,-1.72314,-0.68482
-2.47379,-1.62173,6.545001,3.539524,-1.58678,-0.83289
-2.35162,-1.12108,6.075488,3.583200,-1.46428,-0.82437
-1.96595,-0.67073,3.850088,3.557634,-1.27786,-0.62623
-1.39822,0.052700,2.110970,3.572547,-1.25548,-0.51011
-1.26887,0.562937,1.131220,3.570417,-1.19157,-0.33434
-1.41020,1.640902,-0.36355,3.347777,-1.14150,-0.24167
-1.33354,2.678144,-0.61987,3.182661,-1.14257,-0.22995
-1.37187,3.090167,-0.67257,2.690509,-1.06480,-0.15325
-0.41847,3.641127,-1.69065,2.219663,-0.94869,-0.01477
-0.07592,3.782460,-2.19130,2.036437,-0.87838,0.072581
0.249861,3.930979,-2.58656,1.581570,-0.64509,0.339962
0.693024,4.113036,-2.81652,1.375974,-0.55561,0.380442
0.963714,4.371747,-2.64165,1.137355,-0.46932,0.402812
1.083487,4.402889,-2.55542,0.643073,-0.28077,0.401747
1.172120,4.345397,-2.45481,0.176487,-0.07943,0.393225
1.045160,4.151363,-2.53146,-0.02591,0.032413,0.386833
0.994855,3.945352,-2.53146,-0.39662,0.293403,0.370854
1.179307,3.035071,-0.78276,-0.84829,0.469172,0.386833
1.112233,2.754800,0.010136,-1.13272,0.519239,0.406008
1.100256,2.496088,0.793457,-1.73246,0.625765,0.439031
1.148165,1.827749,2.532575,-2.12448,0.830296,0.434770
0.348076,1.540292,3.267987,-2.22248,1.016717,0.429444
-0.61969,1.145038,2.659535,-2.25018,1.334166,0.348484
-0.66521,0.653965,1.940891,-2.16602,1.520587,0.265393
0.142064,-1.00610,2.278654,-2.14152,1.529109,0.276046
0.870290,-1.95950,3.730314,-2.33646,1.459867,0.397486
1.603306,-3.03986,7.819396,-2.89147,1.571719,0.463532
-0.33942,-2.93446,10.43525,-3.34314,1.702747,0.219587
-4.17937,-2.32600,10.28913,-3.31757,1.833774,-0.03288
-5.19985,-2.26133,10.86884,-2.91277,2.132048,-0.48774
-3.59248,-3.33211,15.02020,-2.81051,2.090503,-0.59427
-1.21138,-3.77287,18.86494,-3.08961,1.885972,-0.32156
-0.42805,-3.47104,19.56682,-3.33355,1.635635,0.033166
-2.28934,-2.22779,18.10558,-3.19187,1.540827,0.045949
-5.43940,-0.41441,17.61690,-2.45151,1.437496,-0.22356
-5.53761,-0.13893,18.90087,-1.81981,1.373580,-0.55805
-2.68699,-0.57970,23.30855,-1.97427,1.101938,-0.31091
-0.19809,-0.63240,25.94598,-2.18733,0.847340,-0.03820
-0.32984,-0.31380,26.18792,-2.23739,0.236944,0.327179
-1.02453,0.555750,24.22602,-1.54817,-0.13696,0.198282
-0.24600,1.073173,24.14697,-1.09011,-0.32657,0.051275
-0.23642,1.307930,21.70598,-0.39449,-0.75481,-0.07336
-0.51429,1.221693,21.03285,0.441738,-0.75268,-0.12023
-0.69395,0.876744,20.89152,1.175704,-0.48317,-0.24273
-0.96943,0.594078,21.15741,1.373843,-0.35534,-0.27362
-1.34073,0.237152,21.53830,1.488892,-0.31060,-0.29493
-1.36229,-0.98693,22.54440,1.563460,-0.38303,-0.30558
-1.20898,-2.17749,22.49649,1.640159,-0.51726,-0.29600
-1.37427,-2.59430,21.33708,1.956542,-0.88797,-0.24060
-1.50362,-3.15245,17.15697,2.664943,-1.29596,-0.29280
-1.72640,-3.10214,11.81984,3.129398,-1.43764,-0.33754
-1.79348,-2.82906,9.347711,4.007175,-1.65389,-0.41637
-1.86055,-2.04813,6.487510,4.561112,-1.59850,-0.46537
-1.95876,-1.70079,5.447872,4.672965,-1.40675,-0.46005
-2.15280,-0.95819,3.466811,4.683618,-1.02432,-0.39293
-2.13124,-0.13175,1.720507,4.638876,-0.89330,-0.34074
-1.40301,0.706665,-0.62226,4.417302,-0.80488,-0.17562
-0.80175,1.089942,-1.36007,4.065764,-0.82725,0.062993
-0.06634,1.775049,-1.32654,3.432998,-0.75588,0.290960
0.022291,2.254145,-0.48333,3.004762,-0.75375,0.352745
-0.04957,2.321218,-0.04256,2.165334,-0.68663,0.396421
0.086968,2.433805,-0.10245,1.609266,-0.54389,0.417726
0.970900,2.536811,-0.46177,1.430302,-0.51619,0.444358
1.303871,2.536811,-0.63664,1.129898,-0.53324,0.511469
1.536233,2.670958,-0.83546,0.807123,-0.52045,0.521057
1.579352,2.807500,-1.19718,0.673965,-0.43523,0.481642
1.526651,2.874573,-1.52296,0.474761,-0.11352,0.380442
1.301476,2.845828,-1.99967,0.304319,0.245466,0.282437
0.911013,3.039861,-2.19849,0.159443,0.380755,0.249414
0.853522,2.900924,-1.91103,-0.26772,0.536283,0.205739
1.248776,2.395478,-0.32523,-0.95162,0.595938,0.218522
1.701521,1.806190,2.036711,-1.36920,0.536283,0.241957
1.471555,1.669648,2.786496,-2.10317,0.449997,0.249414
-0.92152,2.103229,2.606834,-2.34499,0.707791,0.098147
-2.95289,2.388291,3.279964,-2.26403,0.990085,-0.03501
-2.57440,2.012201,4.865771,-2.26829,1.582372,-0.17349
-0.11904,0.725829,10.09270,-2.93621,1.477976,0.048080
0.848731,0.764157,12.60316,-3.58176,1.113656,0.341027
-1.21617,1.480405,11.92764,-3.53382,1.050805,0.329309
-2.03542,1.803795,13.00800,-2.73381,1.333100,0.041688
-1.48446,1.834936,16.71380,-2.37268,1.633505,-0.11597
0.077387,1.921173,16.91502,-2.42382,1.554675,-0.04140
0.137273,2.321218,15.79633,-2.03393,1.461997,0.179107
-0.71312,2.841037,15.21184,-1.00702,1.831644,0.158867
-1.19700,3.011116,18.25649,-0.73005,2.031913,0.077907
-1.11556,2.826664,20.17048,-1.03365,1.673985,-0.08614
-0.29630,2.572743,23.41875,-1.62593,0.638548,-0.14260
1.021205,2.857805,23.24867,-1.68878,0.210312,-0.14366
1.090674,3.047048,21.84252,-1.18491,-0.23496,-0.15218
0.966109,3.466257,18.13432,-0.16865,-0.42245,-0.31624
0.805612,3.562076,16.45988,0.333081,-0.48743,-0.43235
0.657092,3.574053,15.24777,0.997805,-0.56732,-0.62516
0.654697,3.499794,14.52434,1.167182,-0.56306,-0.68588
0.882267,3.068607,13.16610,1.263056,-0.51939,-0.71464
0.920595,2.563161,11.60425,1.332298,-0.47891,-0.71784
0.829567,2.357150,11.05089,1.445216,-0.44801,-0.74447
0.254652,2.347568,10.43286,1.491022,-0.47145,-0.81265
-1.18263,2.481715,10.19810,1.480370,-0.45547,-0.86272
-1.65933,2.577534,9.790875,1.540024,-0.34362,-0.95007
-1.77910,2.838641,8.399102,1.697683,-0.32231,-0.96072
-1.76234,2.924879,7.505589,1.770121,-0.39901,-0.89893
-1.48686,3.207545,6.168911,1.818058,-0.63444,-0.73808
-0.85924,3.293782,5.421522,1.777578,-0.67811,-0.66245
0.259443,3.097353,5.610765,1.579439,-0.67492,-0.48668
0.879872,2.896133,6.164120,1.222576,-0.62911,-0.33434
1.672775,2.488901,7.666085,0.819906,-0.46612,-0.22356
1.457182,2.476924,8.250582,0.664378,-0.34362,-0.22356
0.496595,2.718867,8.231418,0.570635,-0.17744,-0.37482
-0.55022,3.334505,6.952233,0.797536,-0.16785,-0.61557
-0.99578,4.101058,5.493386,0.948803,-0.20620,-0.68588
-0.96704,4.469962,4.971172,1.122441,-0.33297,-0.69760
-0.38973,4.745442,4.731624,0.946673,-0.47039,-0.57936
-0.00645,4.587341,6.128188,0.749599,-0.51726,-0.49307
-0.42087,4.584945,7.764300,0.243599,-0.50234,-0.36950
-0.73947,4.608900,8.181114,-0.11006,-0.36173,-0.41637
-1.02692,4.663996,8.133203,-0.07491,-0.20833,-0.51757
-1.36469,4.802934,7.807419,0.068895,-0.15187,-0.54314
-1.64256,4.975408,7.232504,0.228685,-0.12204,-0.55912
-1.82462,5.466481,6.444391,0.361843,-0.14015,-0.56338
-1.77192,5.665306,6.360549,0.434281,-0.15826,-0.55485
-1.76952,5.715611,6.712685,0.415106,-0.16998,-0.51650
-2.20550,5.947972,7.002538,0.304319,-0.11672,-0.50053
-2.50972,6.082119,7.043261,0.249990,-0.10713,-0.51650
-3.13015,6.429464,7.117521,0.159443,-0.15507,-0.53888
-3.03194,6.467792,7.421747,0.107245,-0.20087,-0.52503
-2.32288,6.213871,7.713995,0.010306,-0.30314,-0.42809
-1.93960,6.077328,7.467261,-0.03976,-0.30847,-0.25232
-1.93481,6.096492,7.366651,0.019893,-0.21685,-0.13514
-2.03782,6.125238,7.354673,0.115767,-0.07730,-0.09360
-1.97314,6.108469,7.426537,0.116832,-0.03682,-0.08188
-1.70964,6.015046,7.716391,0.063569,-0.02724,-0.02968
-1.32157,5.797057,7.666085,0.036938,-0.02937,0.007599
-1.08442,5.763521,7.603803,0.029481,0.007912,0.081103
-1.00536,5.737170,7.654108,0.062504,0.043066,0.118387
-0.99578,5.744357,7.867306,0.060373,0.065437,0.111995
-1.09160,5.768311,8.018220,0.028415,0.077155,0.073646
-1.02453,5.780289,7.905633,0.003914,0.046262,0.068320
-0.77540,5.732379,7.496006,0.018828,0.046262,0.076842
-0.65802,5.691656,7.505589,0.101919,0.079285,0.129040
-0.74905,5.799453,4.760370,0.120028,0.108047,0.160997
-0.72270,6.108469,6.106629,0.091266,0.101656,0.168454
-0.65802,5.710820,6.619261,0.077418,0.247597,0.168454
0.312143,5.011340,7.915215,0.008175,0.507521,0.238762
-0.31068,5.219747,8.300888,-0.08663,0.546936,0.216391
-1.63298,5.725193,8.193091,-0.10367,0.328557,0.086429
-1.16826,5.749148,7.354673,-0.11113,0.110178,0.008665
-0.72509,5.593441,7.301973,-0.18037,-0.31486,0.042753
-0.78738,5.526368,7.555893,-0.25814,-0.41819,0.151410
-1.18263,5.615001,7.725972,-0.24961,-0.11565,0.175911
-1.34073,5.619792,7.378628,-0.19315,0.051588,0.169520
-1.64017,5.727589,6.231194,-0.03017,0.224161,0.158867
-1.72640,5.710820,5.704188,0.040133,0.150658,0.164193
-1.79827,5.655724,5.265816,-0.06639,-0.01978,0.206804
-1.79108,5.591046,5.021477,-0.15054,-0.07198,0.239827
-1.78629,5.464086,4.829839,-0.24535,-0.09861,0.276046
-1.73359,5.365871,4.707669,-0.42112,-0.18063,0.341027
-1.66652,5.155069,4.240551,-0.50741,-0.26159,0.366593
-1.53237,4.831679,3.418902,-0.67572,-0.50660,0.408139
-1.59226,4.637646,2.992506,-0.77159,-0.64615,0.461402
-1.95637,4.549013,2.592462,-0.77266,-0.60461,0.488033
-2.29892,4.354979,2.077434,-0.74709,-0.47891,0.537036
-2.67022,3.914211,0.853344,-0.73644,-0.31166,0.615865
-2.05937,3.006325,0.640147,-0.87066,0.103786,0.845962
-1.39822,2.311636,1.152779,-1.18491,0.702464,1.061145
-0.82331,1.348654,2.487061,-1.33086,0.992216,1.083516
-1.54914,0.711456,2.398428,-1.46827,1.539761,0.932248
-2.30132,0.435976,2.338541,-1.79957,1.862536,0.733044
-3.64758,-0.46232,4.650178,-2.19905,1.760271,0.653149
-3.80568,-1.41812,9.208773,-3.22702,1.290490,0.668063
-3.78172,-1.67204,11.33356,-3.65846,0.971976,0.820396
-3.81047,-2.11520,12.72773,-3.52956,0.951736,0.903486
-2.73490,-2.76198,12.84990,-2.97562,0.849471,1.187912
-2.22227,-3.10693,13.83923,-3.10239,0.642809,1.249697
-0.73947,-3.44709,18.05287,-2.92023,0.673702,1.148497
-0.73947,-2.45776,21.15981,-2.24379,0.836687,0.959945
-1.05327,-2.01459,21.58860,-1.99238,0.821774,0.899225
-1.36708,-1.65048,21.95990,-2.01369,0.223096,0.893899
-1.44853,-1.54987,22.96840,-2.01049,-0.74309,0.959945
-0.59334,-1.99303,27.27307,-1.65363,-1.04563,0.948227
0.472640,-2.44099,29.62064,-0.30075,-1.23951,0.709608
2.868119,-3.07579,31.36694,0.989283,-1.21927,0.243023
3.639463,-3.00632,28.04442,1.309927,-1.24057,0.038492
3.275350,-2.95362,26.03221,1.568786,-1.42806,-0.22143
2.405791,-2.92487,24.34580,2.075852,-1.62513,-0.39187
2.412978,-3.54051,24.35777,2.478522,-1.67520,-0.49840
2.175826,-3.80641,23.50259,3.379734,-1.61554,-0.72530
1.797340,-4.16334,20.02675,3.843124,-1.49197,-0.85739
1.452391,-4.11543,17.99299,4.324624,-1.27572,-0.97457
0.805612,-4.04117,15.72687,5.106527,-0.65574,-1.03209
-0.97422,-3.72257,10.74427,5.348342,-0.38197,-0.96285
-1.65214,-3.36325,8.365565,5.472978,-0.00700,-0.64434
-2.64866,-2.26133,4.717251,5.129963,-0.16679,-0.23954
-2.85946,-1.88045,3.267987,4.801862,-0.40540,-0.07016
-2.38037,-1.29834,0.810226,4.050851,-0.88264,0.121583
-1.50841,-0.44795,-0.76839,3.420215,-1.02858,0.219587
-0.80414,0.201219,-1.68825,3.153899,-0.98491,0.245153
-0.46878,0.527004,-2.23442,2.590374,-0.82086,0.286699
-0.01124,1.192948,-3.25490,1.940564,-0.62804,0.338896
0.161228,1.540292,-3.61661,1.632702,-0.50447,0.352745
0.673861,2.014597,-3.65734,1.062786,-0.26372,0.343158
1.203261,2.328404,-3.22375,0.549329,-0.18703,0.261132
1.627261,2.462551,-2.69915,0.319232,-0.15187,0.204673
1.730267,2.579930,-2.52188,-0.07704,-0.11246,0.067254
1.926696,2.618257,-2.15537,-0.39662,0.011108,-0.07655
1.809318,2.728449,-2.32305,-0.57026,0.153854,-0.13621
1.694334,2.807500,-2.65603,-1.09117,0.399929,-0.21184
1.035578,2.977579,-3.14949,-1.88905,0.394603,-0.24167
0.601996,2.766777,-2.74945,-2.31516,0.287011,-0.25658
0.503782,2.606280,-1.97331,-2.88401,0.129352,-0.29386
0.360053,2.146348,0.352689,-2.96284,0.385016,-0.34926
-0.38014,1.892427,1.516892,-3.00758,0.608721,-0.35245
-0.90236,1.695998,1.593547,-3.29627,0.849471,-0.33754
-1.51800,1.207320,2.101388,-3.60945,0.978367,-0.28960
-2.10249,0.713852,4.104009,-3.65846,1.018848,-0.24806
-2.26778,0.431185,5.232279,-3.62330,1.240422,-0.12981
-2.75406,-0.06946,6.762990,-3.75859,1.546153,-0.04246
-2.46421,-0.87914,8.133203,-3.82570,1.646288,-0.04033
-2.85228,-1.13066,10.01605,-3.46245,1.893429,-0.02648
-3.02236,-1.71995,14.96031,-2.57934,2.066002,-0.16284
-3.04871,-1.08275,16.84555,-2.28427,1.963736,-0.23741
-3.17806,-0.71864,16.23231,-2.47175,1.400212,-0.30771
-4.35664,0.014372,13.87516,-3.26857,0.535218,-0.12449
-5.03935,-0.07665,15.39869,-3.45180,0.289142,0.022513
-5.15433,-0.09342,17.62648,-2.67628,0.374363,0.477381
-3.59248,-0.80967,23.56008,-2.27787,0.361580,0.511469
-2.86186,-0.90549,24.40568,-1.90823,0.252923,0.493360
-2.34923,-0.73301,25.06684,-1.10608,-0.15187,0.449684
-1.89409,-0.26829,26.40830,-0.10367,-0.51300,0.437966
-0.95266,0.098214,26.01545,0.406584,-0.59928,0.406008
-0.32265,0.225174,24.98779,1.206597,-0.69835,0.239827
0.779262,0.378485,21.65328,1.468652,-0.69622,0.015056
0.716979,0.282666,18.78829,1.420715,-0.69942,-0.10744
-0.08071,-0.21319,18.75715,1.470782,-0.74948,-0.14047
-0.29391,-0.56533,19.89260,1.965065,-0.90821,-0.15005
-0.70832,-1.53550,21.80899,2.392235,-1.03604,-0.15325
-0.71072,-2.07688,21.98386,3.410627,-1.13085,-0.16284
-0.95985,-2.75719,19.51651,4.141398,-1.01580,-0.11490
-1.22814,-3.06621,14.85252,4.300123,-0.96573,-0.08401
-1.10358,-3.01590,12.76366,4.327819,-0.97852,-0.05205
-0.93350,-2.52962,9.865135,4.291601,-1.00408,0.012926
-0.91913,-2.06011,8.082899,4.303318,-1.04456,0.040623
-0.76582,-1.90919,7.385814,4.334211,-1.08078,0.116256
-0.94308,-1.54747,5.725748,4.329950,-1.03284,0.188694
-0.53825,-1.12827,3.476393,4.268165,-0.92845,0.211065
-0.62209,-0.66833,2.281050,3.993326,-0.71327,0.293090
-0.31307,0.196428,0.252079,3.490522,-0.63018,0.377246
-0.39452,1.195343,-1.26904,3.182661,-0.64828,0.439031
-0.22683,1.578619,-1.90385,2.435911,-0.71859,0.510404
0.515759,2.093647,-3.22615,1.551742,-0.81127,0.462467
1.263148,2.479320,-4.01426,1.111788,-0.81873,0.412400
1.402086,2.706890,-4.09571,0.704858,-0.79423,0.362332
1.483532,3.071003,-3.68129,0.354386,-0.71859,0.322917
1.526651,3.224313,-3.31239,0.058243,-0.58330,0.298416
1.600911,3.221918,-2.83808,-0.18144,-0.44269,0.278176
1.866809,3.054234,-2.15777,-0.54576,-0.20620,0.200412
2.096775,2.946438,-2.11944,-0.69915,-0.07198,0.136496
2.151871,2.872178,-2.23203,-1.07626,0.235879,-0.06803
1.186493,2.934460,-1.68586,-1.64617,0.374363,-0.21823
0.702606,2.982370,-1.10615,-1.95510,0.354123,-0.24380
0.304957,2.783545,0.470068,-2.39612,0.324296,-0.22462
-0.01124,2.476924,1.770813,-2.41955,0.573567,-0.19586
-0.04957,2.251749,1.794767,-2.32688,0.806860,-0.20438
-0.58855,1.969083,0.807830,-2.29598,1.391690,-0.29813
-1.18263,1.401354,0.848553,-2.65711,1.629244,-0.41424
-1.51800,1.015682,1.171943,-2.91064,1.579176,-0.48029
-2.69657,0.613242,2.053479,-3.36977,1.388494,-0.56551
-4.88604,0.368903,3.541071,-3.72131,1.288359,-0.38441
-5.37472,-0.00239,4.207015,-3.82570,1.254271,-0.20332
-5.06091,-2.19425,6.025183,-4.18044,1.958410,0.247284
-4.10990,-3.78246,9.630378,-4.26459,2.418604,0.111995
-6.30895,-4.01003,13.35055,-4.23370,2.321665,-0.02755
-7.88997,-4.46277,17.48754,-4.25394,1.789033,0.286699
-7.41327,-4.84605,19.92374,-4.13143,1.587698,0.495490
-4.73992,-5.25328,24.40329,-3.41664,1.267054,0.687238
-3.19723,-4.75981,25.19859,-2.58147,0.786620,0.584972
-3.03913,-4.50829,24.92071,-2.41849,0.355188,0.540231
-1.96595,-3.97409,26.25739,-2.13513,-0.42991,0.559406
1.399691,-3.63873,27.47190,-1.35429,-0.70794,0.423052
3.016638,-3.02548,27.20839,-0.83018,-0.76653,0.197216
3.541248,-1.47801,24.82968,0.147725,-0.74735,-0.40465
1.850041,-0.06467,22.49649,0.907258,-0.54282,-0.82543
0.599601,0.570123,21.63172,1.200205,-0.40753,-0.91598
-1.08681,1.051614,20.88433,1.639094,-0.24135,-0.86698
-1.18742,0.483886,21.21730,2.124854,-0.25946,-0.74980
-1.13712,0.093423,21.04722,2.430585,-0.33616,-0.73062
-1.59944,-0.79290,19.47100,2.996240,-0.52258,-0.69547
-1.94918,-1.57862,17.28153,3.395714,-0.73670,-0.62623
-1.89409,-1.86368,16.21554,3.566156,-0.83897,-0.58468
-1.66173,-2.24456,13.37930,3.822884,-0.95402,-0.52716
-1.39343,-2.40985,10.52389,3.897453,-1.05841,-0.50053
-1.27845,-2.37631,9.292615,3.889996,-1.05948,-0.51011
-1.40541,-1.94512,7.119916,3.816493,-0.87199,-0.51224
-1.36708,-1.44207,5.673047,3.617288,-0.65574,-0.47602
-1.37187,-1.12347,5.261025,3.482000,-0.60674,-0.44939
-1.31438,-0.84560,4.992732,3.168812,-0.63976,-0.40359
-1.39583,-0.57251,4.681319,2.831124,-0.68557,-0.36524
-1.37666,-0.03832,4.195037,2.702227,-0.66213,-0.34926
-1.37187,0.335366,4.178268,2.539242,-0.52152,-0.27256
-1.56830,1.097128,3.859670,2.320863,-0.43736,-0.16497
-1.45092,1.806190,3.083535,2.136572,-0.46719,-0.11277
-1.30240,2.050529,2.693072,1.675313,-0.64722,-0.07655
-0.74665,2.395478,2.527784,1.357864,-0.73138,-0.11384
-0.41129,2.941647,2.927829,1.270513,-0.70474,-0.12342
-0.56699,3.274618,2.906270,1.063852,-0.63018,-0.08827
-0.62209,3.904629,2.257095,0.697401,-0.56732,-0.04885
-0.42805,4.510685,1.653434,0.491805,-0.54282,-0.03501
-0.31786,4.721487,1.857050,0.137072,-0.49063,-0.00624
-0.43764,5.186210,2.733795,-0.07597,-0.46719,0.019317
-0.17653,5.521577,3.694382,-0.13456,-0.41606,-0.01264
0.101341,5.768311,4.420212,-0.12604,-0.33297,-0.04140
0.079782,5.979114,4.559150,-0.09195,-0.09435,-0.07336
-0.16216,6.525283,4.551963,-0.09408,0.044131,-0.06909
-0.33223,6.786390,4.587895,-0.16865,0.211378,-0.04246
-0.51190,7.018752,4.657364,-0.33910,0.213508,-0.02329
-0.67958,7.275068,5.069386,-0.42645,0.178355,-0.00305
-0.72509,7.461915,5.697002,-0.57771,0.084611,0.060863
-0.74426,7.538570,5.900618,-0.69915,0.054784,0.165259
-0.76821,7.533779,6.233589,-0.73324,0.157049,0.319722
-0.80175,7.540966,6.468346,-0.71087,0.155984,0.433705
-1.05567,7.581689,6.901928,-0.54363,0.103786,0.657410
-1.37187,7.495451,7.584639,-0.35614,0.063306,0.629713
-0.65562,6.999588,8.461384,-0.29435,0.065437,0.506143
1.095465,6.472582,8.078107,-0.37318,0.278489,0.157802
1.823690,6.165961,7.299577,-0.30181,0.238009,0.035296
2.094379,6.357599,7.994266,-0.23896,0.244401,0.049145
0.554087,6.436650,8.214650,-0.14202,0.244401,0.100277
0.451081,6.709734,8.518876,-0.18037,0.196464,0.081103
0.489409,6.429464,8.415870,-0.24642,0.151723,0.026774
1.174516,6.391136,7.912820,-0.29116,-0.00487,-0.09360
1.426041,6.247407,8.075712,-0.15267,-0.05919,-0.10531
1.078697,6.182729,8.914130,-0.04402,-0.03150,-0.08720
0.546900,6.331249,9.268660,0.164769,0.060110,-0.05631
0.443895,6.348017,9.168050,0.257447,0.122961,-0.06803
0.585228,6.331249,8.533248,0.247860,0.136809,-0.07975
0.774471,6.292922,7.783464,0.177552,0.131483,-0.10425
0.767284,6.314481,7.479238,0.129615,0.052653,-0.10851
0.712188,6.359995,7.373837,0.126420,-0.02191,-0.10212
0.515759,6.362390,7.699622,0.147725,-0.20833,-0.11810
0.448686,6.359995,7.819396,0.167965,-0.19342,-0.12981
0.544505,6.273757,7.433724,0.192466,-0.14441,-0.14579
0.590019,6.266571,7.282809,0.225489,-0.03363,-0.16284
0.592414,6.292922,7.151058,0.224424,0.044131,-0.16390
0.431917,6.340831,6.997747,0.221228,0.085677,-0.16390
0.350471,6.448627,6.854018,0.214837,0.125091,-0.15432
0.273816,6.477373,6.854018,0.195662,0.087807,-0.09999
0.065409,6.532469,6.985769,0.171161,0.049458,-0.06057
-0.28193,6.736085,7.033679,0.095527,-0.02297,-0.02329
-0.26516,6.762435,6.973792,0.061439,0.003651,-0.03607
-0.01364,6.635475,6.774967,0.058243,0.032413,-0.04246
0.192369,6.606729,6.889950,0.008175,-0.01978,-0.03714
0.137273,6.618707,6.949837,-0.08130,-0.19129,-0.01264
-0.01843,6.621102,7.024097,-0.08663,-0.23922,0.010795
-0.09508,6.673802,7.299577,-0.02804,-0.23390,0.056602
-0.07592,6.683384,7.443306,-0.00354,-0.19342,0.052341
0.127692,6.616311,7.366651,-0.01206,-0.18063,0.025709
0.530132,6.520492,7.112730,-0.00780,-0.17424,-0.03714
0.683443,6.410300,7.151058,0.017763,-0.17424,-0.06057
0.585228,6.415091,7.383419,0.020959,-0.16572,-0.05312
0.309748,6.513305,7.270832,0.019893,-0.11459,-0.04459
0.264234,6.537260,7.146266,0.027350,-0.03576,-0.04246
0.357657,6.556424,6.992956,0.032676,-0.01552,-0.03820
0.352867,6.633080,7.048052,0.041199,-0.03895,-0.01903
0.254652,6.633080,7.112730,0.045460,-0.00913,-0.01583
0.173206,6.616311,7.050447,0.059308,0.040936,-0.01796
0.288189,6.611520,6.988165,0.057178,0.045197,-0.01264
0.261838,6.633080,7.050447,0.001784,-0.01019,0.000143
0.240279,6.666616,7.043261,-0.11326,-0.14761,-0.00198
0.266629,6.645057,6.916301,-0.15374,-0.18596,-0.00198
0.309748,6.585170,6.985769,-0.17078,-0.17105,0.013991
0.312143,6.558819,7.067216,-0.13989,-0.13589,0.023578
0.230697,6.532469,7.436120,-0.01845,-0.05067,0.026774
0.283398,6.484560,7.675667,0.058243,-0.01552,0.009730
0.446290,6.419882,7.860119,0.048655,-0.04108,-0.00092
0.508573,6.484560,7.481634,-0.02804,-0.14015,-0.03074
0.530132,6.486955,7.268436,-0.08130,-0.19874,-0.04033
0.544505,6.534865,7.057634,-0.04402,-0.16785,-0.01050
0.434313,6.616311,7.172617,-0.00034,-0.11246,0.009730
0.261838,6.707339,7.299577,0.062504,0.026022,0.026774
0.276211,6.688175,7.227713,0.062504,0.087807,-0.00624
0.549296,6.582774,7.031283,0.048655,0.088872,-0.01370
0.642719,6.520492,6.959419,0.035872,0.068632,-0.00624
0.510968,6.601938,7.062425,0.032676,0.049458,0.024644
0.343285,6.649847,7.184594,0.019893,0.042001,0.033166
0.345680,6.661825,7.115125,-0.00460,0.001521,0.015056
0.455872,6.609125,7.083984,-0.00886,-0.01658,-0.00305
0.618765,6.513305,7.131894,-0.02591,-0.02724,-0.00305
0.558878,6.522887,7.007329,-0.12391,-0.13696,0.002273
0.515759,6.527678,6.892346,-0.23257,-0.31166,0.019317
0.417544,6.589961,6.796527,-0.22192,-0.31912,0.026774
0.360053,6.594752,7.151058,-0.08450,-0.13483,0.035296
0.424731,6.580379,7.402583,0.044394,0.081416,0.029970
0.582832,6.561215,7.527148,0.050786,0.130418,0.026774
0.585228,6.551633,7.299577,-0.04402,0.089938,0.033166
0.491804,6.558819,7.083984,-0.13456,0.004717,0.054471
0.395985,6.628288,7.038470,-0.11965,-0.04215,0.068320
0.451081,6.551633,7.419351,-0.06213,-0.03682,0.071515
0.585228,6.443837,7.967916,0.074222,0.018565,0.064058
0.630742,6.419882,8.142786,0.124289,0.054784,0.058732
0.738539,6.381554,7.982288,0.137072,0.092068,0.037427
0.755307,6.403113,7.781068,0.088070,0.065437,-0.00837
0.860708,6.412695,7.275622,0.069961,0.048392,-0.02755
0.858313,6.441441,7.167826,0.062504,-0.00167,-0.03927
0.745725,6.486955,7.163035,0.115767,0.042001,0.012926
0.326516,6.577983,7.225317,0.134942,0.076089,0.041688
0.154042,6.731294,7.151058,0.122159,0.103786,0.072581
0.170810,6.728899,6.992956,0.059308,0.095264,0.062993
0.427126,6.621102,6.806108,0.025220,0.069698,0.058732
0.458268,6.613915,6.803713,-0.02271,0.024957,0.068320
0.410358,6.628288,6.877973,-0.01099,0.072893,0.090690
0.352867,6.594752,7.095962,-0.00460,0.096329,0.097082
0.539714,6.587565,7.232504,0.035872,0.069698,0.125844
0.582832,6.566006,7.323532,0.055047,0.063306,0.125844
0.544505,6.501328,7.618176,0.071026,0.071828,0.118387
0.678652,6.465396,7.575057,0.062504,0.064371,0.075776
0.793635,6.446232,7.469656,0.022024,0.045197,0.024644
0.937363,6.386345,7.220526,0.002849,0.035609,0.010795
0.882267,6.489351,7.112730,-0.01312,0.017500,0.019317
0.788844,6.518096,7.143871,0.011371,0.011108,0.056602
0.515759,6.585170,7.273227,0.035872,0.001521,0.053406
0.616369,6.544446,7.333114,0.033742,0.007912,0.042753
0.748121,6.510910,7.139080,0.013502,0.040936,0.024644
0.779262,6.537260,6.978583,-0.00993,0.044131,0.018252
0.709793,6.585170,6.870787,-0.05467,0.022826,0.001208
0.719375,6.563611,6.923487,-0.04189,0.029218,0.000143
0.702606,6.585170,7.076797,-0.02378,0.023891,0.003338
0.625951,6.604333,7.258854,-0.02804,0.010043,0.010795
0.542109,6.628288,7.225317,-0.03017,0.020696,0.057667
0.410358,6.676198,7.191781,-0.03443,0.035609,0.068320
0.436708,6.695362,7.182199,-0.05787,0.018565,0.051275
0.582832,6.613915,7.172617,-0.04508,0.030283,0.017187
0.697815,6.561215,7.213340,-0.02804,0.044131,0.001208
0.752911,6.542051,7.278018,-0.00993,0.045197,-0.01157
0.824776,6.479769,7.397792,-0.03549,-0.02617,-0.00624
0.712188,6.527678,7.440910,-0.04721,-0.05067,-0.00411
0.642719,6.551633,7.421747,-0.03869,-0.03150,-0.00731
0.621160,6.606729,7.335509,-0.01525,0.007912,-0.01264
0.697815,6.575588,7.318741,-0.01206,-0.00060,-0.00837
0.752911,6.558819,7.304368,-0.00673,-0.00913,-0.00837
0.652301,6.539656,7.335509,0.012436,-0.00593,-0.01690
0.621160,6.554028,7.407374,0.009241,-0.00593,-0.02542
0.645115,6.549238,7.452888,-0.00247,-0.02297,-0.03501
0.693024,6.518096,7.409769,-0.01952,-0.04961,-0.04246
0.745725,6.494142,7.299577,-0.01206,-0.07091,-0.03288
0.760098,6.496537,7.301973,0.003914,-0.06345,-0.03181
0.659488,6.530074,7.321136,0.042264,-0.01978,-0.04033
0.630742,6.542051,7.431328,0.041199,-0.01871,-0.05631
0.661883,6.520492,7.414560,0.025220,-0.02830,-0.05525
0.810403,6.482164,7.323532,-0.00673,-0.04428,-0.05631
0.724166,6.460605,7.206153,-0.01525,-0.05706,-0.07762
0.716979,6.498932,7.129498,-0.01419,-0.06132,-0.09360
0.827171,6.489351,7.218131,-0.00993,-0.06772,-0.09892
0.994855,6.410300,7.285204,-0.00780,-0.09222,-0.08507
0.999646,6.429464,7.268436,-0.03336,-0.14761,-0.02222
0.925386,6.496537,7.203758,-0.17185,-0.22537,0.048080
0.958923,6.664220,7.055238,-0.34762,-0.36705,0.083233
1.119420,6.714526,6.868391,-0.40727,-0.44162,0.083233
1.603306,6.736085,6.669566,-0.42645,-0.57052,0.042753
2.120730,6.664220,7.270832,-0.31886,-0.61633,-0.04566
2.384232,6.601938,7.728368,-0.22511,-0.60567,-0.09892
2.767509,6.395927,8.566785,-0.02484,-0.56839,-0.20332
2.978311,6.295317,9.050672,0.104049,-0.57159,-0.26723
2.959147,6.312085,9.165655,0.142399,-0.57159,-0.28960
2.765113,6.522887,8.945271,0.226554,-0.54069,-0.32369
2.417769,6.807949,8.370356,0.337342,-0.45973,-0.35458
2.305181,6.958864,8.135599,0.378887,-0.42564,-0.37376
2.166244,7.071452,7.836164,0.432150,-0.36705,-0.44194
2.139894,7.097802,7.488820,0.434281,-0.32018,-0.54846
2.180617,7.047497,7.254063,0.407649,-0.31486,-0.59960
2.331532,6.956469,6.830063,0.288340,-0.36279,-0.69121
2.319554,6.930119,6.422832,0.153051,-0.47358,-0.78495
2.293204,6.841486,6.224007,0.102984,-0.51726,-0.84034
2.151871,6.637870,6.058719,0.046525,-0.48423,-0.95539
2.204571,6.498932,6.116211,0.084874,-0.38303,-0.95539
2.230922,6.436650,6.233589,0.130681,-0.36279,-0.90852
1.792549,6.302503,6.403668,0.225489,-0.40967,-0.76471
0.848731,6.554028,7.107939,0.278752,-0.53963,-0.63155
0.424731,6.635475,7.409769,0.254251,-0.60887,-0.58894
0.012709,6.724108,7.625362,0.206314,-0.66746,-0.55166
0.213929,6.733689,7.239690,0.164769,-0.69196,-0.50479
0.312143,6.683384,6.909114,0.203119,-0.57691,-0.41530
0.218720,6.623497,6.719871,0.369300,-0.30633,-0.37589
0.063014,6.482164,6.691125,0.416171,-0.20727,-0.36630
0.039059,6.268967,6.904323,0.325624,-0.22644,-0.28321
0.276211,6.484560,6.856414,0.219098,-0.30847,-0.19693
0.252256,6.563611,6.648007,0.115767,-0.38303,-0.10851
-0.40889,6.532469,6.101838,0.040133,-0.41925,-0.03607
-0.59574,6.460605,5.953318,-0.01525,-0.41712,0.055536
-0.53825,6.256989,5.948527,-0.03230,-0.41712,0.139692
-0.41847,6.086910,5.986855,-0.03976,-0.44269,0.164193
-0.23642,5.952764,6.310245,-0.07704,-0.51300,0.141823
-0.32026,5.816221,6.310245,-0.17185,-0.67598,0.054471
-0.15257,5.650933,6.271917,-0.28903,-0.90288,-0.02435
0.295375,5.339521,6.082674,-0.30501,-0.94869,-0.04779
0.276211,5.385035,5.919782,-0.27198,-0.92738,-0.07549
-0.06873,5.612606,6.173702,-0.10154,-0.73351,-0.25019
-0.11904,5.670097,6.262335,0.050786,-0.43949,-0.49626
0.688234,5.636560,6.427623,0.055047,-0.32231,-0.58788
1.064324,5.739566,6.444391,0.016698,-0.24348,-0.66032
0.740934,6.139611,5.855103,-0.03336,-0.17318,-0.71571
0.431917,6.427068,5.550878,-0.08024,0.021761,-0.76684
0.180392,6.772017,5.390381,-0.06745,0.217769,-0.71571
-0.01603,7.181644,5.438290,-0.08982,0.276359,-0.63794
-0.34182,7.826028,6.010810,-0.23363,0.256119,-0.37802
-0.94787,8.479993,6.291081,-0.44456,0.104851,-0.02861
-1.24970,8.760264,6.315035,-0.54363,0.027087,0.126909
-1.68808,9.090840,6.398877,-0.68531,-0.12098,0.335701
-1.28084,8.844106,6.681544,-0.71087,-0.27970,0.377246
-0.74905,8.453643,6.870787,-0.67146,-0.35640,0.343158
0.436708,7.476288,7.337905,-0.51486,-0.49382,0.229174
1.782967,6.458209,7.879283,-0.35294,-0.59502,0.119452
2.242899,6.082119,8.161950,-0.29116,-0.61420,0.081103
2.817814,5.667702,8.195487,-0.22618,-0.65681,0.023578
3.169949,5.715611,7.752323,-0.32738,-0.83577,-0.06270
3.253791,5.768311,7.484029,-0.45095,-0.97212,-0.13194
3.526875,5.725193,6.830063,-0.75668,-1.18092,-0.24593
3.867033,5.701238,5.955714,-0.98678,-1.22353,-0.30878
3.917338,5.732379,5.620347,-1.03365,-1.20222,-0.32582
3.725700,5.871317,5.467036,-1.03578,-1.10528,-0.33434
3.493339,5.837780,6.221612,-1.02086,-0.96041,-0.37482
3.375960,5.799453,6.619261,-1.04323,-0.88264,-0.40359
3.265768,5.694052,7.033679,-1.16894,-0.73777,-0.45365
3.155576,5.507205,6.992956,-1.30635,-0.65681,-0.46111
3.014243,5.456899,6.942651,-1.34257,-0.61846,-0.45365
2.657317,5.483250,7.067216,-1.35003,-0.52684,-0.44726
2.429746,5.526368,7.258854,-1.21794,-0.33510,-0.50585
2.147080,5.375453,7.718786,-1.13911,-0.18276,-0.53461
2.266854,5.104764,8.092480,-1.00808,0.116569,-0.54740
2.190198,4.965826,8.571577,-0.86534,0.316839,-0.52503
1.957837,5.056854,8.648232,-0.78438,0.378624,-0.50372
1.488323,5.195792,9.093791,-0.60328,0.508586,-0.46324
1.200866,5.162255,9.584864,-0.44136,0.626830,-0.42702
1.184098,5.152674,9.776502,-0.38916,0.648136,-0.42063
1.308663,5.083205,9.822016,-0.34229,0.607656,-0.45792
1.308663,4.961035,9.661519,-0.31353,0.528826,-0.50479
1.375736,4.810120,9.541745,-0.28051,0.478759,-0.53035
1.442809,4.673578,9.287824,-0.17398,0.415908,-0.54527
1.299081,4.560990,9.273451,-0.07278,0.412713,-0.50479
1.217634,4.443612,9.299801,-0.04189,0.410582,-0.46218
1.035578,4.448403,9.280638,-0.05893,0.362645,-0.35032
0.805612,4.625669,9.069836,-0.12924,0.282750,-0.26084
0.657092,4.687951,8.921317,-0.16652,0.260380,-0.23528
0.575646,4.683160,8.696141,-0.19528,0.229487,-0.21077
0.781657,4.601714,8.648232,-0.12711,0.266771,-0.19480
0.942154,4.563386,8.693746,-0.07171,0.306186,-0.18414
1.073906,4.529849,8.837474,-0.00567,0.275294,-0.14153
1.148165,4.462776,8.981204,-0.15587,0.072893,-0.08614
1.287103,4.295092,9.273451,-0.22192,-0.10287,-0.12449
1.370945,4.295092,9.400412,-0.08237,-0.51939,-0.30878
1.555397,4.412471,9.548932,0.280883,-0.65894,-0.43128
1.960233,4.905939,10.09749,0.578091,-0.59715,-0.47176
2.779486,4.735860,11.15869,0.638811,-0.49595,-0.45578
2.923215,4.853239,11.21378,0.624963,-0.20620,-0.41850
3.112458,5.456899,10.31069,0.550395,-0.02830,-0.43448
2.645339,5.586255,8.739260,0.438542,0.117635,-0.49307
2.343509,5.471272,7.953543,0.279818,0.208182,-0.59107
2.118334,5.047273,6.940255,-0.11752,0.245466,-0.79880
2.197385,4.798143,6.691125,-0.28903,-0.08689,-0.97989
2.250085,4.623273,6.664775,-0.16333,-0.21685,-0.92237
2.005747,4.417262,6.784549,0.223359,-0.16998,-0.66351
1.140979,3.871093,7.673272,0.453456,-0.14655,-0.56551
-0.46878,3.554889,9.735779,0.571700,-0.09435,-0.49520
-1.35510,3.899838,10.26038,0.714445,0.028152,-0.33754
-1.36229,4.184900,9.896276,0.709119,0.079285,-0.29280
-1.09879,4.223228,9.302197,0.466239,0.163441,-0.28747
-1.14909,4.283115,8.686559,0.009241,0.273163,-0.46963
-0.77300,4.189691,7.589430,-0.34975,0.342405,-0.66138
-0.59574,4.177714,6.906719,-0.42964,0.395668,-0.71677
-0.28912,3.923793,5.742516,-0.38490,0.528826,-0.75299
-0.04478,3.923793,5.891036,-0.22298,0.461715,-0.56870
-0.64844,3.978889,6.921092,-0.18463,0.382885,-0.40572
-0.94548,4.184900,7.596617,-0.21446,0.098460,-0.06803
-1.75754,4.711905,8.971621,-0.26666,-0.36599,0.236631
-2.67022,5.478459,9.405202,-0.26666,-0.56732,0.352745
-2.76604,5.768311,9.362084,-0.24961,-0.78144,0.462467
-2.60315,6.055769,9.419575,-0.22618,-0.75801,0.482707
-2.08333,5.789871,9.424366,-0.20913,-0.69303,0.477381
-1.53956,5.464086,9.223147,-0.18037,-0.49169,0.451814
-0.50950,5.004154,8.705723,-0.18250,-0.32444,0.425183
0.134878,4.721487,8.344006,-0.19955,-0.26053,0.414530
0.364844,4.584945,8.209859,-0.26772,-0.22857,0.369789
0.726561,4.493917,8.094876,-0.35294,-0.30527,0.299482
0.872685,4.398098,8.130808,-0.36253,-0.34575,0.266459
0.970900,4.371747,8.193091,-0.30288,-0.35427,0.192955
1.184098,4.225624,8.346402,-0.15800,-0.28823,0.127974
1.282312,4.177714,8.732073,-0.01206,-0.17318,0.070450
1.296685,4.122618,8.938084,0.041199,-0.11033,0.044884
1.404482,4.081894,9.177633,0.077418,-0.04428,0.019317
1.349386,4.096267,9.247101,0.100853,0.021761,-0.00731
1.349386,4.182505,9.055463,0.114702,0.076089,-0.03607
1.370945,4.235205,8.902153,0.097658,0.176224,-0.07336
1.409273,4.271138,8.684164,0.004980,0.194334,-0.09573
1.433227,4.323838,8.341610,-0.04295,0.174094,-0.09999
1.299081,4.448403,8.037384,-0.13030,0.078220,-0.09146
1.229612,4.544222,8.082899,-0.16120,-0.01552,-0.08188
1.049951,4.618482,8.188300,-0.12817,-0.05174,-0.06057
0.946945,4.683160,8.317655,-0.10793,-0.06559,-0.04566
0.894245,4.680764,8.473361,-0.08769,-0.08050,-0.01370
0.791239,4.666391,8.724887,-0.08450,-0.07730,-0.00092
0.721770,4.644832,8.787169,-0.08663,-0.07411,0.026774
0.654697,4.649623,8.770401,-0.10367,-0.09541,0.064058
0.683443,4.630459,8.657814,-0.11219,-0.12204,0.093886
0.716979,4.630459,8.626672,-0.11539,-0.12417,0.102408
0.719375,4.568177,8.588345,-0.10900,-0.14548,0.098147
0.798426,4.541827,8.588345,-0.09941,-0.14655,0.089625
0.875081,4.460380,8.650627,-0.04295,-0.12098,0.080037
0.942154,4.434030,8.674582,0.007110,-0.07943,0.070450
1.138584,4.359770,8.806333,0.027350,-0.03469,0.050210
1.243985,4.328629,8.921317,0.030546,-0.00913,0.036362
1.275126,4.307070,8.892570,0.032676,0.014304,0.008665
1.335013,4.302278,8.768006,0.030546,0.019630,-0.00198
1.414064,4.287906,8.624277,0.027350,0.046262,-0.02222
1.440414,4.273533,8.595531,0.025220,0.068632,-0.03927
1.368549,4.220832,8.590740,0.041199,0.098460,-0.04459
1.351781,4.228019,8.590740,0.051851,0.113374,-0.04353
1.299081,4.266346,8.614695,0.064634,0.120830,-0.03714
1.217634,4.275928,8.679373,0.064634,0.115504,-0.03181
1.107442,4.297488,8.720096,0.066765,0.113374,-0.02861
1.057137,4.285511,8.715305,0.072091,0.110178,-0.01903
1.002041,4.307070,8.688955,0.064634,0.111243,-0.01690
0.982877,4.338211,8.698536,0.062504,0.106982,-0.02009
0.946945,4.338211,8.688955,0.074222,0.106982,-0.02116
0.939759,4.347793,8.641045,0.080613,0.122961,-0.02968
0.982877,4.359770,8.638649,0.081679,0.134679,-0.03181
0.963714,4.362166,8.712909,0.082744,0.162376,-0.03607
0.961318,4.357375,8.727282,0.072091,0.175159,-0.03607
0.975691,4.347793,8.633859,0.073156,0.189007,-0.03927
0.954132,4.352584,8.607508,0.085940,0.204986,-0.04246
0.908618,4.371747,8.535644,0.087005,0.180485,-0.04566
0.846335,4.354979,8.595531,0.085940,0.160245,-0.04885
0.827171,4.364561,8.643441,0.091266,0.110178,-0.05525
0.705002,4.352584,8.720096,0.089135,0.061176,-0.05205
0.673861,4.343002,8.708119,0.084874,0.043066,-0.04992
