leftRight
-0.25797,3.447093,8.746446,-0.45838,0.758121,0.257550
-0.31307,3.396788,8.602718,-0.49247,0.747468,0.298030
-0.23881,3.011116,8.506898,-0.57556,0.672900,0.340641
0.005522,2.800314,8.449407,-0.68848,0.557851,0.374729
0.673861,2.460156,8.310469,-0.93243,0.340538,0.375795
0.934968,2.263726,8.159554,-1.04428,0.273426,0.344902
1.133793,2.038551,8.190695,-1.25946,0.298992,0.257550
1.191284,1.820563,8.497317,-1.32977,0.383148,0.198961
-0.08311,1.834936,9.980117,-1.40647,0.757056,0.078586
-1.08442,2.242167,11.26169,-1.24455,0.600462,0.165938
-0.98860,2.223003,11.27367,-0.85573,0.234011,0.485517
-0.59095,2.076879,11.01975,-0.72896,0.182879,0.573934
0.259443,1.561851,10.83769,-0.44347,0.387409,0.641045
0.791239,1.128270,11.24253,0.036957,0.599397,0.577129
0.891849,1.001309,11.06287,0.292621,0.635616,0.524931
1.121815,1.049219,10.06875,0.604743,0.755990,0.401361
0.899036,1.396563,8.844661,0.455606,0.769839,0.270333
0.532527,1.497173,8.430243,-0.03974,0.512045,0.207483
0.537318,1.521128,8.700932,-0.28049,0.316037,0.189373
0.894245,1.782235,9.881903,-0.49354,-0.02165,0.161677
1.140979,1.930755,10.22445,-0.35186,-0.06852,0.225592
1.311058,1.954710,10.45202,-0.20272,-0.02058,0.266072
1.402086,1.827749,10.80895,0.207400,-0.32951,0.271399
1.224821,1.439682,11.84859,0.399147,-0.52871,0.221331
1.335013,1.135456,11.48447,0.617526,-0.66080,0.026388
1.933882,0.958191,10.18612,0.596221,-0.57984,-0.11209
2.175826,0.979750,8.988389,0.499282,-0.46373,-0.14937
2.357882,1.161806,8.585949,0.365059,-0.35294,-0.17388
2.386628,1.315117,8.492526,0.222313,-0.28796,-0.19518
2.230922,1.264812,8.811124,0.095547,-0.52232,-0.26762
1.564979,1.262416,10.96465,0.274511,-1.18704,-0.44445
1.145770,0.994123,12.33247,0.481172,-1.39158,-0.57548
1.220030,0.939027,12.38038,0.986107,-1.57906,-0.77895
1.212843,1.073173,11.06526,1.373863,-1.21581,-0.88654
1.603306,1.518733,8.940480,1.509152,-0.89942,-0.94832
1.548210,1.799004,8.044570,1.587981,-0.18357,-1.00159
0.568460,2.438596,7.321136,1.458019,-0.02271,-0.94939
-0.29630,2.824269,8.420661,1.382385,-0.18570,-0.89719
-0.34421,2.958415,8.906943,1.240705,-0.58517,-0.76190
-0.51908,3.145262,8.964435,0.979716,-1.03897,-0.61809
-0.84726,3.516562,8.185904,0.763467,-1.25522,-0.53394
-0.67958,3.645918,7.692436,0.342688,-1.40649,-0.34645
-0.37056,4.050754,7.340300,0.193551,-1.12632,-0.13446
-0.06634,4.014821,7.692436,0.192486,-0.88984,-0.06735
0.400776,3.806415,8.202672,0.358667,-0.46799,-0.07374
1.107442,3.672268,9.596841,0.493956,-0.36040,-0.11635
1.315849,3.588426,9.783688,0.567459,-0.11965,-0.22927
1.665589,3.782460,6.894742,0.130701,0.333081,-0.31236
1.085883,3.844742,6.453973,-0.13774,0.301123,-0.34325
0.115714,4.273533,8.461384,-0.41471,0.061439,-0.24525
-0.18372,4.448403,8.995576,-0.56278,-0.13456,-0.09398
0.012709,4.275928,8.712909,-0.66292,0.130681,-0.04817
0.513364,4.156155,8.051757,-0.68635,0.384213,-0.02474
0.652301,4.247183,7.860119,-0.74388,0.612180,-0.00343
0.657092,4.175318,7.575057,-1.17531,1.085157,0.067933
0.194765,3.511771,7.129498,-1.38943,1.106462,0.298030
-1.06525,3.368042,10.70834,-1.15294,0.644138,0.582456
-1.90606,3.071003,11.98034,-1.03576,0.342668,0.735854
-2.07614,2.912901,11.64737,-0.95586,-0.07704,0.968081
-1.61382,2.510461,9.522582,-1.09648,0.133877,1.054368
-0.65323,2.347568,7.725972,-1.19555,0.378887,1.038389
-0.17653,2.268517,7.634944,-1.31379,0.939216,0.794443
0.285793,1.794213,9.043485,-1.12204,1.121376,0.746506
-0.43045,1.092337,10.63168,-0.95267,1.187422,0.712418
-1.11795,0.972563,10.84009,-0.87490,1.064917,0.654894
-1.48686,1.087546,10.90477,-0.98462,0.409780,0.577129
-2.27976,1.188157,11.52999,-0.99741,-0.02910,0.595239
-2.64866,1.363026,11.92285,-0.83229,-0.88771,0.749702
-2.26060,1.547478,12.78522,-0.32203,-1.19450,0.896708
-0.81133,0.955795,12.33966,0.015652,-0.99849,0.857294
0.031872,0.651569,11.67611,0.530175,-0.29862,0.631458
0.750516,0.670733,9.618400,0.443888,0.307514,0.520670
0.398381,1.439682,8.600322,0.278772,0.398062,0.541976
0.031872,1.700789,8.887780,0.172246,0.618571,0.622936
-0.37535,1.559456,9.321361,0.068915,0.801797,0.753963
-0.32984,1.815772,9.405202,-0.05891,0.907258,0.887121
-0.52627,1.746303,9.795666,-0.10365,0.880626,0.963820
-0.55741,1.566642,9.936999,-0.13028,0.838016,1.059694
0.003127,0.996518,9.984909,-0.05891,0.884887,1.022410
0.321725,0.744993,10.03761,-0.04293,0.817776,0.981930
0.819985,0.361716,9.960954,-0.08980,0.580222,0.928666
1.105047,0.301829,9.750152,-0.15905,0.240403,0.913753
1.639239,0.201219,9.572886,-0.18674,0.153051,0.884990
2.154266,0.182056,9.546536,-0.13135,0.137072,0.757159
3.045384,0.016768,9.733384,0.048675,0.136007,0.565411
3.395124,-0.09581,10.00886,0.118983,0.098723,0.461016
3.728096,-0.18684,10.04000,0.098743,0.040133,0.291639
3.979621,-0.16049,9.819621,-0.05252,0.001784,0.184047
4.370084,0.119773,9.232728,-0.13135,-0.02165,0.152089
4.650355,0.344948,9.218356,-0.21337,-0.12498,0.106283
4.801270,0.426394,9.448322,-0.21231,-0.17504,0.063672
5.378581,0.215592,10.12145,-0.17715,-0.31033,-0.10357
6.195439,-0.25392,10.64366,-0.11004,-0.40408,-0.45724
6.552365,-0.47430,10.71553,-0.09833,-0.41047,-0.58826
6.892523,-0.97496,10.68678,-0.10472,-0.43497,-0.72994
6.952410,-1.17857,10.61491,-0.19953,-0.54256,-1.05591
7.009902,-1.35105,10.52628,-0.32842,-0.62991,-1.38508
7.019483,-1.54508,10.45442,-0.32097,-0.64696,-1.54807
6.636207,-1.82056,10.20050,-0.21018,-0.67252,-1.86658
6.042128,-2.18707,10.47119,-0.06530,-0.76520,-2.13077
5.716343,-2.40985,10.76104,-0.01097,-0.87386,-2.23836
4.640773,-2.61107,11.18743,0.002869,-1.09969,-2.36086
3.260977,-2.33319,11.55394,-0.12389,-1.25096,-2.38217
2.650130,-2.17030,11.41980,-0.23681,-1.29677,-2.38643
1.553001,-1.85889,10.66762,-0.47117,-1.31914,-2.39815
1.090674,-1.71995,10.15498,-0.69487,-1.37666,-2.28523
0.678652,-1.57862,9.702242,-0.79181,-1.36175,-2.14674
0.324121,-1.46124,9.347711,-0.93669,-1.10289,-1.80586
-0.66042,-1.09712,9.136909,-0.98569,-0.64483,-1.56831
-1.98991,-0.67552,9.141700,-0.92390,-0.46373,-1.48202
-2.47140,-0.52221,9.060254,-0.67357,-0.29435,-1.30625
-2.67262,-0.45274,8.938084,-0.38382,-0.34549,-1.08574
-2.92175,-0.81925,9.793271,-0.24533,-0.37212,-0.94939
-3.29784,-0.84081,10.58856,-0.05891,-0.43390,-0.68840
-4.21531,-0.75218,11.73600,0.000739,-0.52658,-0.48067
-5.01540,-0.57491,12.02346,0.027370,-0.55108,-0.39971
-5.26213,-0.51023,11.91326,0.144549,-0.45947,-0.27827
-5.40107,-0.48867,11.39824,0.334166,-0.23576,-0.12807
-5.41065,-0.32818,10.88800,0.405539,-0.13563,-0.01622
-5.34837,-0.25871,10.65085,0.434301,0.015632,0.286312
-5.23099,-0.05509,10.15019,0.354406,0.180748,0.658089
-5.37472,0.443163,9.661519,0.340558,0.291536,0.849837
-5.55438,0.735411,9.378852,0.393821,0.559982,1.181134
-5.66697,1.101919,8.784774,0.490760,0.922172,1.430405
-5.48970,1.073173,8.559598,0.529109,1.144812,1.516692
-5.26692,0.785716,8.641045,0.575981,1.553873,1.641328
-4.66086,0.014372,8.746446,0.635636,1.818058,1.714831
-3.82245,-0.64198,8.705723,0.664398,1.875582,1.740397
-3.48948,-0.89351,8.751237,0.650549,1.877713,1.798987
-2.96007,-1.10431,9.242310,0.469455,1.791427,1.855446
-2.55524,-1.16420,9.857948,0.341623,1.759469,1.889534
-2.44505,-1.13785,9.975327,0.068915,1.737098,1.966233
-2.15759,-1.07796,9.716615,-0.11430,1.848951,2.067433
-2.07135,-1.11629,9.326152,-0.14307,1.942694,2.138806
-1.99949,-1.17378,9.180027,-0.12709,2.015132,2.271964
-1.72161,-1.11629,9.254287,-0.14200,1.904345,2.335879
-1.53716,-1.00131,9.831598,-0.16650,1.809536,2.336945
-1.35271,-0.99412,10.38734,-0.20485,1.576243,2.243201
-0.83289,-1.09233,11.24732,-0.29220,1.250273,2.079151
-0.11664,-1.20013,11.52759,-0.34547,1.057460,1.966233
0.901431,-1.28876,11.67611,-0.41790,0.685683,1.736136
1.370945,-1.23846,11.73600,-0.44347,0.514176,1.553976
2.302786,-1.11150,11.64737,-0.39660,0.454521,1.414427
3.117249,-0.80967,11.58987,-0.34973,0.452390,1.351576
3.340028,-0.62042,11.45333,-0.23042,0.587679,1.241854
3.737678,-0.28266,11.29044,-0.01737,0.694205,1.084195
4.120954,-0.11498,11.38865,0.122179,0.660117,0.965951
4.303010,-0.09821,11.42459,0.349080,0.366104,0.670873
4.794084,0.031140,11.63299,0.412996,-0.05893,0.349163
5.462422,-0.01197,12.42590,0.370385,-0.31033,0.189373
5.661247,-0.12696,12.78761,0.166920,-0.78970,-0.14511
5.761857,-0.39285,12.74450,-0.05571,-1.13165,-0.49772
5.845699,-0.54137,12.19833,-0.14307,-1.21687,-0.68201
5.812162,-0.62282,11.78151,-0.22190,-1.24137,-1.07935
5.924749,-0.99172,10.97663,-0.18781,-1.13911,-1.40319
6.032546,-1.19773,10.58138,-0.15585,-1.10182,-1.52463
6.082851,-1.34386,10.47837,-0.12389,-1.19770,-1.74194
5.764253,-1.53310,10.61012,-0.13881,-1.28611,-1.83143
4.988117,-1.61215,10.95747,-0.15691,-1.50769,-1.94115
4.602446,-1.65767,11.19223,-0.12602,-1.57693,-1.97524
3.819124,-1.86847,11.37668,-0.11111,-1.50023,-1.98482
3.342424,-1.91398,11.42698,-0.16650,-1.17426,-2.07644
2.487238,-1.98345,11.35272,-0.31884,-0.81846,-2.27884
2.058447,-2.37631,10.51191,-0.38062,-0.74283,-2.37578
1.998560,-2.60867,10.04000,-0.44986,-0.92499,-2.41945
1.864413,-3.20515,9.206378,-0.55106,-1.18918,-2.29269
1.016414,-3.30096,9.551327,-0.61604,-1.18598,-2.25966
0.216324,-3.15724,10.14301,-0.59687,-1.13485,-2.26392
-1.65214,-2.73324,11.03652,-0.54361,-1.02086,-2.19149
-2.45223,-2.35475,10.74427,-0.53402,-1.02512,-2.09561
-2.65585,-2.33319,10.78499,-0.56278,-1.10928,-1.78668
-2.99601,-2.25414,10.77062,-0.61604,-1.02832,-1.49480
-3.94701,-1.76546,10.75625,-0.50632,-0.83977,-1.33288
-4.88844,-1.16899,10.76343,-0.38595,-0.79609,-1.28282
-5.05133,-1.03245,10.53586,-0.15159,-0.79822,-1.21144
-4.77345,-0.99651,10.74188,-0.02908,-0.73644,-1.07722
-4.46444,-1.00610,11.57550,0.007130,-0.65974,-0.97815
-4.40215,-0.90788,11.81984,0.083829,-0.44882,-0.75764
-4.56505,-0.56533,11.41980,0.195682,-0.26666,-0.50837
-5.07528,-0.07905,10.56461,0.268120,-0.20061,-0.37521
-5.22620,0.167683,10.25799,0.358667,-0.06532,-0.09079
-5.36514,0.711456,9.881903,0.362928,0.075287,0.269268
-5.48012,1.264812,9.953767,0.346949,0.144529,0.494039
-5.51845,1.489987,9.819621,0.341623,0.223359,0.943580
-5.59989,1.779840,9.407598,0.403408,0.409780,1.271681
-5.80111,1.870868,9.153677,0.475846,0.567439,1.398448
-5.86100,1.715162,9.194400,0.646288,0.879561,1.599782
-5.24057,1.123479,9.203983,0.770924,1.103266,1.780877
-4.33987,0.531795,9.122536,0.803947,1.286492,1.969429
-4.02127,0.268293,9.215960,0.782642,1.352538,2.072759
-3.48708,-0.11498,9.290220,0.720857,1.514458,2.245332
-3.22837,-0.31859,9.330943,0.662267,1.714728,2.330553
-3.11578,-0.44795,9.192006,0.644158,1.798883,2.346532
-2.86186,-0.58449,8.974017,0.593025,1.991696,2.391273
-2.42828,-0.88632,8.801542,0.532305,2.058808,2.433884
-1.98991,-1.18576,9.115350,0.466259,2.087570,2.476494
-1.88450,-1.24804,9.323757,0.411930,2.082243,2.507387
-1.80785,-1.17378,9.491440,0.269185,2.026850,2.551063
-1.74557,-1.13306,9.616004,0.073176,1.923519,2.571303
-1.63058,-1.17618,9.929813,-0.04613,1.841494,2.573433
-1.46290,-1.26720,10.13582,-0.30073,1.635898,2.504191
-0.99578,-1.34146,10.22685,-0.42004,1.526176,2.429623
-0.43524,-1.51633,10.41370,-0.62670,1.286492,2.245332
-0.06634,-1.63850,10.53107,-0.70340,0.990348,2.034410
0.920595,-1.83972,10.93591,-0.54787,0.718706,1.770225
1.782967,-2.05052,11.50364,-0.43388,0.599397,1.607239
2.218944,-2.07448,11.91326,-0.24640,0.392736,1.246115
3.174740,-1.92596,12.99842,-0.15265,0.104049,0.902035
4.221564,-1.80140,13.77695,-0.12283,-0.08237,0.736919
4.686287,-1.67923,13.80809,-0.08448,-0.40621,0.442906
5.316298,-1.39656,13.43200,-0.01097,-0.61393,0.164872
5.630105,-1.03724,13.18047,0.036957,-0.63737,0.039171
5.678015,-0.85039,12.93613,0.131766,-0.69383,-0.19838
5.881631,-0.53179,12.45464,0.152006,-0.79503,-0.46150
6.125970,-0.34015,11.86535,0.130701,-0.85681,-0.60211
6.200230,-0.28745,11.64497,0.094482,-0.90688,-0.93660
6.427800,-0.32818,11.26648,0.147745,-0.89197,-1.32649
6.449359,-0.72103,10.81853,0.186094,-0.88877,-1.49800
6.420614,-0.93902,10.64606,0.232966,-1.03684,-1.78136
6.408636,-1.37021,10.54065,0.208465,-1.26055,-1.91665
5.903190,-1.49717,10.73469,0.171181,-1.34364,-1.93263
5.431281,-1.46363,10.82811,0.063589,-1.39158,-1.98909
4.492253,-1.37740,10.95507,-0.02908,-1.29570,-2.20853
3.526875,-1.33188,10.55263,-0.05252,-1.25629,-2.32997
3.320864,-1.41093,10.40411,-0.10472,-1.26268,-2.43010
3.347215,-1.74390,9.913044,-0.20485,-1.39690,-2.33530
3.505316,-2.03615,10.15738,-0.22722,-1.48319,-2.27351
3.186717,-2.07927,10.30111,-0.21657,-1.52793,-2.22877
2.120730,-1.93315,10.62210,-0.26664,-1.34470,-2.39175
1.440414,-2.08406,10.97424,-0.36251,-1.14017,-2.45993
1.483532,-2.36433,11.02454,-0.59580,-0.86320,-2.50680
2.326741,-2.77635,10.48795,-0.73961,-0.98891,-2.48656
2.942379,-3.06381,9.417181,-0.75772,-1.12526,-2.48443
2.678876,-3.04225,9.158469,-0.63522,-1.29890,-2.58563
1.835668,-3.07819,10.28673,-0.46052,-1.32446,-2.76779
1.030787,-3.14286,11.63060,-0.43814,-1.23605,-2.87752
0.810403,-3.20754,11.94201,-0.54361,-0.89836,-3.06074
0.398381,-3.43990,12.05939,-0.62989,-0.74176,-3.04050
-0.46878,-3.43272,10.86404,-0.67250,-0.67891,-2.92758
-0.90955,-3.30336,10.10228,-0.65013,-0.70448,-2.73157
-2.89061,-2.56795,9.359688,-0.41258,-0.74816,-2.17018
-4.17698,-1.89242,9.781293,-0.10898,-0.56174,-1.53741
-5.37232,-1.06359,10.57419,0.017783,-0.36360,-1.27642
-6.32093,-0.30422,11.26888,0.269185,-0.05467,-0.88654
-7.39890,0.699479,11.61383,0.472650,-0.00567,-0.65644
-7.02281,1.125874,10.76104,0.533370,-0.05573,-0.56483
-6.50778,1.137851,10.58856,0.548284,-0.20168,-0.39332
-5.49689,0.970168,10.67480,0.499282,-0.11432,-0.28892
-4.61775,0.859976,10.42088,0.495021,0.011371,-0.26016
-4.32550,0.910281,10.07114,0.492890,0.192466,-0.19305
-3.55415,0.979750,9.026718,0.434301,0.249990,-0.03859
-2.94091,1.121083,8.205068,0.388494,0.235077,0.083912
-2.76844,1.274394,8.200277,0.382103,0.249990,0.331053
-2.75406,1.736721,8.205068,0.491825,0.284079,0.486582
-3.01278,2.302054,8.377543,0.524848,0.324559,0.541976
-3.02715,2.388291,8.540435,0.444953,0.407649,0.732658
-2.67741,2.194257,8.916525,0.258532,0.545068,1.006431
-1.92762,2.009806,9.139305,0.226574,0.564243,1.289791
-1.60902,2.548789,8.705723,0.305404,0.535481,1.352641
-1.59226,2.663771,8.427847,0.483303,0.287274,1.295117
-1.54674,2.395478,8.885384,0.257467,0.977565,1.133197
-1.10597,1.712766,10.20768,0.189290,1.067047,1.111892
-0.62448,1.221693,11.09641,0.140288,0.992479,1.134262
0.875081,0.951004,8.710514,0.046545,0.724032,1.213092
0.568460,1.089942,8.322446,-0.01843,0.617506,1.252506
0.053432,0.804880,9.287824,-0.20059,0.698466,1.279138
-0.54064,0.821648,10.35860,-0.37210,1.046807,1.241854
-0.50471,0.852790,10.15259,-0.42749,1.146942,1.255702
-0.38014,0.771343,9.769315,-0.33162,1.026567,1.414427
0.276211,0.512632,8.851847,-0.18461,0.852929,1.678612
-0.08790,0.601264,9.177633,-0.12815,0.852929,1.820292
-0.62688,0.685106,10.13821,-0.05998,0.927498,1.989669
-1.71203,0.795298,11.46531,0.000739,0.999936,2.009909
-1.98751,0.802484,11.12755,0.031631,0.979696,1.990734
-1.78389,0.572519,10.88560,0.058263,0.944542,1.941732
-0.96464,-0.08144,10.51430,0.079568,0.922172,1.935341
-0.21965,-0.41202,10.51430,0.076372,0.851864,1.993930
0.089364,-0.46951,10.39214,-0.03121,0.770904,2.111109
0.546900,-0.44076,10.35381,-0.17076,0.729359,2.131349
0.633138,-0.34015,10.30111,-0.17822,0.763447,2.068498
0.934968,-0.03832,10.17415,-0.09087,0.932824,1.811770
1.763803,0.093423,9.709428,-0.00778,1.037220,1.488995
3.275350,-0.18684,9.975327,0.009261,1.023372,1.322814
4.015553,-0.47430,10.20050,0.056132,0.912584,1.022410
5.184546,-0.72583,10.69157,0.101939,0.753860,0.757159
5.646874,-0.49825,10.96465,0.124309,0.663312,0.660220
5.675620,-0.34734,11.18983,0.125374,0.524828,0.551563
5.519914,-0.10061,11.51801,0.039088,0.528024,0.448232
5.110287,0.179660,11.43417,0.018848,0.561047,0.355555
4.830016,0.340157,11.29763,0.094482,0.491805,0.151024
4.583281,0.555750,10.67959,0.232966,0.323493,-0.05457
4.964163,0.543773,10.19571,0.283033,0.167965,-0.14618
5.182151,0.543773,10.48316,0.316057,-0.23150,-0.35604
5.242038,0.582100,11.38386,0.203139,-0.59050,-0.61703
5.100705,0.512632,11.51082,0.087025,-0.73537,-0.76723
5.038423,0.488677,11.39584,-0.30179,-0.95695,-1.31371
5.273180,0.328180,10.70594,-0.34440,-1.00382,-1.48308
5.812162,0.486281,9.503417,-0.36997,-1.09224,-1.61944
6.068478,0.618033,9.017135,-0.42110,-1.22326,-1.73662
5.960682,0.577309,9.263870,-0.52230,-1.34364,-1.84101
5.630105,0.658756,9.800457,-0.75240,-1.39584,-1.99335
5.361812,0.759366,10.21966,-0.75027,-1.32020,-2.07218
4.937812,0.845603,10.31069,-0.41471,-0.87279,-2.29162
4.358107,0.426394,11.00538,0.137092,-0.23576,-2.48976
4.149700,0.071864,11.62341,0.384233,-0.04295,-2.52598
3.694559,-0.61563,12.16958,0.665463,-0.07065,-2.40880
2.427351,-0.79769,12.19114,0.627114,-0.33377,-2.09774
1.596120,-0.67552,12.20072,0.520587,-0.40301,-1.97843
-0.05675,-0.50784,11.64258,0.311795,-0.44775,-1.91026
-0.47357,-0.87914,10.34662,0.225509,-0.60222,-1.95606
-0.18132,-1.14264,9.886694,0.205269,-0.70448,-1.96565
0.292980,-1.58820,9.833993,0.097678,-0.83870,-1.94541
-0.01124,-1.72953,9.996886,-0.10046,-0.87918,-1.87191
-0.31307,-1.65288,9.699847,-0.21444,-0.91966,-1.82823
-0.89038,-1.54268,8.760819,-0.42962,-1.11567,-1.75047
-1.09639,-1.22169,8.260164,-0.65120,-1.22966,-1.63009
-1.43176,-0.78811,8.509294,-0.79394,-1.09543,-1.36484
-1.73359,-0.69708,8.437430,-0.80460,-0.96547,-1.20186
-2.75167,-0.45035,8.430243,-0.72150,-0.56600,-0.92489
-3.59248,-0.19403,8.942875,-0.63522,-0.32951,-0.84286
-3.63320,-0.07665,9.354898,-0.41258,0.030546,-0.79706
-3.45115,-0.32099,9.932209,-0.19313,-0.00034,-0.76084
-3.19962,-0.65875,10.40651,-0.00991,-0.19635,-0.69266
-3.40563,-0.67073,10.86165,0.064654,-0.26133,-0.67881
-4.40215,-0.57970,11.52759,0.198878,-0.20487,-0.65857
-4.73752,-0.31380,11.13473,0.278772,0.062504,-0.57122
-4.79022,-0.20601,10.71313,0.303273,0.226554,-0.50304
-4.93155,0.186847,9.649541,0.304339,0.506719,-0.33260
-5.15433,0.768948,8.995576,0.334166,0.509915,-0.23460
-5.23578,1.006100,8.724887,0.368254,0.345864,0.007213
-5.30764,1.535501,9.122536,0.284099,0.252121,0.312944
-5.31483,1.832540,9.625587,0.175442,0.190335,0.589913
-5.23338,2.251749,9.587259,0.127505,0.199923,0.680460
-5.15433,1.909196,9.021926,0.078503,0.393801,0.798704
-4.62493,1.068383,8.485339,0.093416,0.538677,0.858359
-4.18416,0.795298,8.281723,0.134962,0.771969,1.039454
-3.60206,0.586891,8.233814,0.101939,0.898736,1.266355
-3.56613,0.433581,8.406289,-0.04080,1.013784,1.446385
-3.53499,0.412021,8.425452,-0.12709,1.012719,1.499648
-3.24514,0.356925,8.365565,-0.30499,0.907258,1.594456
-2.65345,0.059886,8.451803,-0.45732,0.777296,1.696721
-2.43307,-0.03593,8.609904,-0.50206,0.712315,1.752115
-2.04740,-0.16049,8.760819,-0.56172,0.704858,1.875686
-1.64256,-0.16049,9.060254,-0.56704,0.778361,1.920427
-1.41978,-0.18684,9.184819,-0.56065,1.006327,1.948124
-0.73707,-0.33536,9.184819,-0.57237,1.282231,1.899121
-0.29151,-0.41441,9.242310,-0.56491,1.387692,1.841597
0.551691,-0.62042,9.462695,-0.54467,1.468652,1.669025
1.380527,-0.74020,10.16217,-0.56172,1.304601,1.445319
1.988978,-0.79769,11.09641,-0.53402,1.105397,1.270616
2.199780,-0.82644,11.46052,-0.49993,0.987153,1.210961
2.360277,-0.72822,12.08334,-0.42643,0.745338,1.110826
2.386628,-0.28266,12.57921,-0.39127,0.500327,1.053302
2.520775,-0.03353,12.75647,-0.38488,0.381018,1.021344
2.607012,0.234756,12.63670,-0.36677,0.157312,0.936123
2.858537,0.414417,12.44027,-0.26770,-0.13350,0.796574
3.054966,0.459931,12.33726,-0.20272,-0.28264,0.722005
3.610717,0.512632,12.38996,-0.11111,-0.55002,0.604826
4.228751,0.541377,12.37320,-0.08874,-0.75561,0.449298
4.477880,0.550959,12.06657,-0.09087,-0.78011,0.311879
4.968954,0.500654,11.50124,-0.05891,-0.70342,-0.08546
5.694784,0.117378,10.74427,0.018848,-0.62352,-0.52861
6.116388,-0.12456,10.53107,0.036957,-0.61500,-0.73101
6.540388,-0.49346,10.32506,-0.00671,-0.62459,-1.04846
6.276885,-0.52940,10.23643,-0.09193,-0.68424,-1.23275
5.970263,-0.55575,10.07593,-0.11643,-0.74709,-1.29773
4.952185,-0.57251,9.884299,-0.15372,-0.77585,-1.39147
4.044299,-0.52700,10.27955,-0.17822,-0.68104,-1.41278
3.771214,-0.48867,10.48556,-0.08980,-0.61074,-1.45219
3.292119,-0.55335,10.61491,0.007130,-0.58624,-1.50119
2.892074,-0.77373,11.03412,0.227640,-0.57665,-1.62903
2.817814,-0.94621,11.42698,0.312861,-0.60008,-1.70040
2.793859,-1.28876,11.97315,0.369320,-0.65228,-1.78029
2.487238,-1.54987,11.88212,0.391690,-0.81953,-1.91984
2.209362,-1.62892,11.33356,0.349080,-0.87918,-1.92836
1.469160,-1.60257,10.70834,0.210595,-0.99636,-1.84101
1.061928,-1.49956,10.40890,0.049741,-1.16787,-1.72596
0.774471,-1.29834,10.27715,-0.01843,-1.22539,-1.70786
0.448686,-1.14983,10.21727,-0.13241,-1.24457,-1.77284
0.716979,-1.44926,9.951372,-0.16224,-1.18278,-1.81651
0.875081,-1.64808,9.692660,-0.16331,-0.89836,-1.90493
0.796030,-1.83733,9.402808,-0.16544,-0.70661,-1.94328
0.304957,-2.04094,9.177633,-0.16011,-0.53297,-1.97311
-0.36338,-1.93794,9.649541,-0.12815,-0.43923,-1.98695
-0.74905,-1.69599,10.19571,0.019913,-0.46799,-1.96032
-1.35510,-1.15462,10.70355,0.193551,-0.51380,-1.87617
-1.93960,-0.91746,10.17415,0.257467,-0.47012,-1.81864
-2.12405,-0.74978,9.838785,0.330970,-0.30714,-1.68122
-2.82593,-0.36890,9.338129,0.293686,-0.18037,-1.44260
-3.48948,-0.29224,8.892570,0.240423,-0.15480,-1.32116
-3.23316,-0.20361,8.902153,0.206334,-0.15693,-1.19866
-2.64866,0.265897,9.290220,0.296882,-0.10154,-1.09426
-2.90737,0.263502,9.189610,0.349080,-0.06319,-1.02715
-2.98403,0.304225,8.957248,0.401278,0.051851,-0.88654
-3.04871,0.637196,8.339215,0.395951,0.210575,-0.71290
-3.01278,0.986936,8.008639,0.392756,0.301123,-0.61490
-3.10620,1.080360,7.912820,0.360798,0.521632,-0.39439
-3.26430,1.010891,7.927193,0.256402,0.604723,-0.21755
-3.19962,0.984541,8.451803,0.167985,0.518437,-0.13979
-3.16130,1.159411,8.806333,-0.02802,0.177552,0.035975
-2.61034,1.820563,9.323757,-0.12070,-0.08556,0.212809
-1.70484,2.129580,9.568096,-0.08128,-0.15480,0.283117
-1.18742,2.146348,9.661519,0.079568,-0.21552,0.405622
-0.27714,2.297263,9.112955,0.129635,-0.11645,0.559020
0.573251,2.440992,8.224232,0.073176,-0.04721,0.642110
1.069115,2.457760,7.910424,-0.14520,0.133877,0.783790
2.211758,2.302054,8.003848,-0.35186,0.238272,0.831727
3.105271,1.674439,8.672186,-0.41151,0.262773,0.800835
3.601135,1.324699,9.103372,-0.37210,0.313906,0.599500
4.317383,0.800089,9.738174,-0.28049,0.404453,0.461016
4.202401,0.646778,10.09270,-0.16224,0.497131,0.327858
3.795169,0.653965,10.06396,-0.05145,0.580222,0.218136
3.296910,1.013287,9.934603,0.031631,0.727228,0.066868
2.688458,1.454055,10.15019,-0.02056,0.828428,-0.04178
2.147080,1.940337,10.90956,-0.07915,0.957325,0.014670
2.324345,1.616947,12.98883,-0.10898,1.175704,0.042367
1.986583,1.504360,13.32420,0.355471,0.721902,-0.24738
1.804527,2.012201,12.49537,0.605808,0.485413,-0.31343
1.220030,2.335591,10.24362,0.805013,0.349060,-0.25377
0.951736,2.108020,9.560909,0.770924,0.406584,-0.16003
0.966109,1.892427,9.227937,0.719791,0.438542,-0.07694
1.167329,1.806190,8.995576,0.691029,0.441738,-0.03007
1.941069,1.870868,8.528458,0.736836,0.568504,-0.08652
1.703916,2.072088,7.622967,0.735770,0.769839,-0.22714
1.253566,2.074484,7.364255,0.586634,0.830559,-0.24418
0.527736,2.105625,8.082899,0.123244,0.627094,-0.20477
0.520550,2.028970,8.892570,-0.17822,0.100853,-0.23460
0.465454,1.957105,8.918921,-0.22190,-0.08450,-0.26975
0.261838,1.748698,8.573972,-0.24214,-0.20061,-0.31129
0.146855,1.576224,8.468570,-0.37529,-0.27198,-0.29212
0.108528,1.523524,8.633859,-0.50526,-0.39449,-0.26336
-0.01364,1.020473,9.098582,-0.82484,-0.72472,-0.18985
-0.23402,0.843208,10.12863,-1.10500,-0.81953,-0.10889
-0.24121,0.591682,12.90499,-1.17957,-0.76520,-0.11316
-0.31786,0.277875,13.57094,-0.80460,-0.76307,-0.27721
-0.64604,0.337762,12.76366,-0.05039,-0.73324,-0.33686
-0.31068,0.388067,10.65085,0.269185,-0.66400,-0.33260
-0.40889,-0.35692,9.098582,0.569589,-0.26559,-0.43806
-0.06155,-1.69120,9.268660,0.522718,1.587961,-0.98241
-1.85097,1.707975,13.56375,1.158680,1.874517,-1.25831
-2.84270,1.521128,12.88343,1.655093,1.737098,-1.18481
-3.38887,0.881535,10.16217,2.382668,1.664660,-0.91104
-3.36012,1.370213,7.484029,2.501977,1.487826,-0.83221
-3.26430,1.667252,6.147352,2.431670,1.191683,-0.78534
-2.73011,2.242167,4.336370,2.164289,0.850799,-0.74166
-2.50254,2.603884,4.056099,1.222596,0.214837,-0.68201
-2.60554,3.974098,4.092031,0.161593,-0.25068,-0.64153
-2.91935,5.497622,6.528233,-0.35825,-0.28370,-0.54246
-2.72532,5.011340,9.407598,-1.35321,-0.11645,-0.11742
-2.49296,4.390912,10.38495,-1.75907,-0.23789,0.288443
-1.57070,3.334505,11.37668,-1.72072,-0.23363,0.438645
-1.14191,2.927274,11.44136,-1.31273,-0.11326,0.589913
-0.43284,2.251749,11.38865,-1.06452,-0.01952,0.590978
0.304957,1.712766,10.91195,-0.64800,-0.00034,0.531323
0.621160,1.226484,10.26278,-0.30392,-0.13030,0.368338
0.594810,1.142642,9.980117,-0.06850,-0.14735,0.149959
0.237884,1.185761,9.742965,-0.00032,-0.12178,0.039171
-0.41847,1.485196,9.671101,0.071046,-0.03976,-0.15151
-0.68437,1.660066,9.680683,0.109395,0.026285,-0.24844
-1.04130,1.930755,9.630378,0.128570,0.048655,-0.25590
-1.26408,2.146348,9.577677,0.176507,0.107245,-0.22181
-1.30480,2.215817,9.524977,0.229770,0.159443,-0.16429
-1.31917,2.314032,9.400412,0.251075,0.176487,-0.12807
-1.35990,2.357150,9.172842,0.270250,0.199923,-0.07055
-1.38864,2.385896,9.043485,0.261728,0.196727,-0.03646
-1.49883,2.555975,8.904548,0.234031,0.196727,-0.02687
-1.57309,2.611071,8.942875,0.155202,0.199923,-0.00450
-1.62579,2.615862,9.141700,0.116852,0.210575,0.019996
-1.53716,2.464947,9.139305,0.059328,0.197792,0.088173
-1.52518,2.359546,9.211169,0.000739,0.157312,0.128653
-1.52279,2.302054,9.215960,-0.04400,0.133877,0.132914
-1.39583,2.206235,9.259078,-0.06850,0.109375,0.136110
-1.24252,2.191862,9.383644,-0.12070,0.075287,0.126523
-1.20658,2.143953,9.374062,-0.15159,0.033742,0.110544
-1.16586,2.076879,9.419575,-0.16331,0.023089,0.099891
-1.20419,2.081670,9.453112,-0.17822,0.008175,0.070064
-1.24731,2.016992,9.407598,-0.17609,-0.01845,0.043432
-1.04609,2.088856,9.678287,-0.16757,0.008175,0.032780
-1.02453,1.952314,9.639960,-0.09726,0.061439,0.026388
-1.07962,1.854099,9.627983,-0.08128,0.049721,0.010409
-1.30240,1.976269,9.623191,-0.07169,0.035872,-0.02261
-1.47009,2.223003,9.539350,-0.05571,-0.00993,-0.07587
-1.47727,2.268517,9.477067,-0.03547,-0.02910,-0.06628
-1.39343,2.230190,9.453112,-0.02056,-0.01206,-0.04178
-1.33354,2.105625,9.457903,0.024174,0.048655,-0.00343
-1.34073,2.007410,9.426762,0.051871,0.053982,0.012540
-1.35510,1.937941,9.345315,0.045480,0.047590,0.008279
-1.30001,1.981060,9.321361,0.018848,0.027350,-0.01515
-1.29522,2.000224,9.321361,0.001804,0.040133,-0.03433
-1.30480,2.009806,9.450716,0.001804,0.063569,-0.04817
-1.32157,2.060111,9.620796,0.007130,0.072091,-0.05457
-1.34552,2.112811,9.666310,0.022044,0.051851,-0.07374
-1.37187,2.194257,9.467485,0.032696,0.024154,-0.08439
-1.43415,2.330800,9.227937,0.047610,-0.03656,-0.09398
-1.50602,2.400269,8.993181,0.029501,-0.07171,-0.08013
-1.51321,2.397873,8.911734,0.006065,-0.08130,-0.05776
-1.50362,2.397873,8.916525,-0.06211,-0.06213,0.004018
-1.52279,2.153534,9.103372,-0.11537,0.023089,0.063672
-1.47967,1.981060,9.268660,-0.13028,0.074222,0.093500
-1.41978,1.688812,9.654333,-0.12602,0.198858,0.142502
-1.42936,1.475614,9.925022,-0.06637,0.306449,0.125458
-1.40780,1.413331,9.994490,0.009261,0.305384,0.073260
-1.43415,1.552269,9.901067,0.032696,0.256382,0.033845
-1.66412,1.844518,9.596841,0.049741,0.096592,-0.06522
-1.77431,2.028970,9.493836,0.045480,0.020959,-0.10676
-1.89169,2.282890,9.333338,0.035892,-0.03017,-0.13020
-1.97553,2.376314,9.268660,0.027370,-0.06639,-0.13446
-1.97074,2.275704,9.211169,0.012456,-0.11006,-0.09292
-1.71203,2.189467,9.335734,0.001804,-0.12604,-0.02261
-1.42218,2.074484,9.407598,-0.00352,-0.11219,0.015735
-1.35510,2.021783,9.426762,-0.01204,-0.07171,0.076455
-1.21377,2.000224,9.503417,-0.01310,-0.06000,0.096695
-1.16826,1.995433,9.498626,-0.00884,-0.04615,0.094565
-1.19940,1.983455,9.465089,0.010326,-0.01739,0.082847
-1.37187,2.067297,9.405202,0.047610,0.010306,0.065803
-1.51800,2.091252,9.450716,0.064654,0.028415,0.056215
-1.47488,2.175094,9.546536,0.088090,0.051851,0.041302
-1.56830,2.170303,9.407598,0.082764,0.072091,0.049824
-1.50362,2.021783,9.180027,0.083829,0.057178,0.050889
-1.43655,2.136766,9.242310,0.087025,-0.00354,0.050889
