leftRight
0.781657,3.255455,7.807419,-0.12874,-0.18370,0.018112
0.585228,3.389601,8.171531,-0.24805,0.090071,-0.10971
0.245070,3.506980,8.595531,-0.26296,0.195532,-0.13954
-0.04238,3.672268,9.019531,-0.23953,0.287145,-0.13954
-0.58855,3.686641,9.577677,-0.04565,0.391540,-0.00638
-0.49752,3.286596,9.009949,-0.01369,0.360648,0.028765
-0.80175,3.291387,8.971621,-0.03606,0.326559,-0.00851
-1.01734,3.456675,8.868616,-0.06589,0.321233,0.003199
-1.18982,3.430325,8.952457,-0.08719,0.325494,0.040483
-1.31199,3.358460,9.048276,-0.08613,0.313776,0.071375
-1.28084,3.248268,9.235124,-0.04671,0.273296,0.141683
-1.05088,3.248268,9.033904,-0.00943,0.226425,0.174706
-0.95985,3.224313,8.918921,-0.02328,0.225359,0.186424
-0.80894,3.212336,8.942875,-0.07335,0.214707,0.190685
-0.75863,3.250664,8.985994,-0.09785,0.189140,0.181098
-0.81373,3.288991,8.918921,-0.14578,0.149726,0.175771
-0.83049,3.389601,8.938084,-0.16496,0.192336,0.211990
-0.86164,3.454279,9.132119,-0.12448,0.320168,0.241818
-0.97662,3.497398,9.318965,-0.08826,0.387279,0.258862
-1.09639,3.590821,9.627983,-0.00730,0.421368,0.327039
-1.02453,3.605195,9.616004,0.010805,0.386214,0.372845
-0.58855,3.430325,9.421971,0.003348,0.334016,0.418651
-0.03040,3.171613,9.326152,-0.02860,0.270100,0.448479
0.175601,3.051839,9.493836,-0.09145,0.191271,0.459131
0.063014,3.109330,9.671101,-0.11063,0.197662,0.396281
-0.33223,3.317737,9.922626,-0.10317,0.199793,0.353670
-0.46159,3.286596,9.831598,-0.05843,0.160378,0.320647
-0.14778,2.963206,10.22924,-0.00943,0.104985,0.370715
-0.03999,2.829059,10.58377,0.071525,-0.11232,0.441022
0.223511,2.620653,10.56940,0.134376,-0.29129,0.451675
0.503782,2.429014,10.23403,0.203618,-0.51286,0.438891
1.485928,2.258935,9.144096,0.254751,-0.71526,0.409064
2.003351,2.273308,8.564390,0.279252,-0.91234,0.325973
1.950651,2.400269,8.564390,0.247294,-0.90488,0.151270
1.730267,2.390687,8.947667,0.243033,-0.87825,0.050070
1.656007,2.254145,9.050672,0.294165,-0.93790,-0.14380
1.624866,2.522438,8.935689,0.418801,-1.08491,-0.38562
1.342199,3.485420,8.514084,0.518936,-1.06254,-0.49747
1.052346,4.223228,7.922401,0.760751,-0.78024,-0.59015
1.069115,4.247183,7.685249,0.888582,-0.47238,-0.50067
1.097860,3.986076,7.498402,0.829993,-0.43190,-0.45166
0.970900,4.273533,7.828978,0.608418,-0.48410,-0.43781
1.006832,4.434030,8.116436,0.393235,-0.56293,-0.43142
0.391194,4.714301,8.269746,0.306949,-0.62258,-0.41757
0.015104,4.867612,8.473361,0.114136,-0.65561,-0.35153
0.163624,4.898753,8.593135,0.009740,-0.67691,-0.16617
0.683443,4.680764,8.504503,-0.00623,-0.65348,-0.06391
1.030787,4.496313,8.684164,0.010805,-0.58104,0.058592
1.179307,4.412471,8.688955,0.060873,-0.36266,0.102268
1.030787,4.489126,9.244706,0.086439,-0.29555,0.100138
0.978086,4.592132,9.251893,0.072591,-0.31153,0.095877
1.002041,4.637646,9.057858,0.077917,-0.53523,0.138487
1.184098,4.601714,8.559598,0.103483,-0.58317,0.177902
1.464369,4.572968,7.747532,0.165269,-0.49369,0.260992
1.517069,4.893962,6.097047,0.151420,-0.34988,0.303603
1.459578,4.309465,7.103148,0.084308,-0.03349,0.316386
1.821295,4.319047,9.139305,-0.29918,0.349995,0.321712
1.828481,4.371747,9.306988,-0.47601,0.249860,0.254601
1.938673,4.175318,8.336819,-0.46430,0.182749,0.223708
2.259667,4.026799,7.697227,-0.50052,0.251991,0.207729
2.159057,3.794437,7.460074,-0.67735,0.462913,0.177902
1.555397,3.926189,8.631464,-0.81477,0.552395,0.159792
1.097860,3.902234,9.527372,-1.09813,1.049873,0.171510
0.336098,3.420742,10.44484,-1.09706,1.088223,0.246079
0.029477,3.164426,10.61252,-1.07576,0.801667,0.431435
0.084573,2.623048,10.24841,-1.06511,0.615246,0.514525
0.307352,2.397873,9.982513,-1.06617,0.166770,0.590159
-0.07352,2.187071,9.316570,-1.07682,0.046395,0.518786
0.403172,2.649399,9.802852,-1.08748,0.231751,0.517721
0.647510,2.807500,10.30829,-1.08002,0.566244,0.511329
0.475036,2.587116,10.29632,-0.87762,0.535351,0.417586
0.230697,1.930755,9.992095,-0.74340,0.526829,0.378171
0.031872,1.142642,10.10707,-0.52076,0.451195,0.348344
0.089364,1.006100,10.30829,-0.42914,0.298863,0.287624
0.556482,1.552269,10.19331,-0.38760,0.215772,0.218382
0.448686,1.741512,9.992095,-0.21076,-0.35733,-0.10971
0.357657,1.892427,9.757338,-0.13300,-0.35094,-0.18428
-0.03280,2.287681,9.491440,-0.05524,-0.24335,-0.21837
-0.36817,2.438596,9.501022,0.075786,0.013372,-0.13421
-0.98860,2.589512,9.759734,0.142898,0.249860,0.096942
-1.35031,2.599093,9.644751,0.151420,0.283949,0.218382
-1.40062,2.575139,9.637564,0.131180,0.289275,0.396281
-1.35271,2.551184,9.639960,0.087504,0.253056,0.480437
-1.24970,2.476924,9.616004,0.053416,0.221098,0.508134
-1.28564,2.280495,9.678287,-0.06376,0.237077,0.559266
-1.39343,2.194257,9.778898,-0.20863,0.303124,0.580571
-1.58028,2.112811,10.17654,-0.26509,0.344669,0.585898
-1.84139,2.026574,10.23403,-0.32581,0.403258,0.617856
-1.87732,1.985851,10.29871,-0.35138,0.285014,0.672184
-1.79587,1.830145,10.75864,-0.36416,0.270100,0.722252
-1.60184,1.636111,11.04850,-0.32049,0.194467,0.836235
-1.24970,1.422914,11.06047,-0.14898,0.132681,0.985372
-0.26037,0.939027,10.75625,0.004414,0.142269,1.070593
0.149251,0.780925,10.55024,0.397496,0.184879,1.185641
0.407963,0.713852,10.40411,0.805492,0.274361,1.199490
0.743330,0.711456,10.09749,0.988717,0.303124,1.177119
1.490719,0.713852,8.487734,1.102700,0.416042,1.124921
2.185408,0.994123,7.311554,0.674465,0.670639,1.067397
2.501611,0.850394,7.177408,0.429454,0.733490,0.985372
3.354401,0.527004,7.455283,0.121593,0.868779,0.654075
3.268164,1.619343,9.033904,-0.16815,0.803797,0.582702
3.258582,1.655275,9.769315,-0.25124,0.629094,0.640226
3.694559,1.298349,10.14061,-0.23313,0.224294,0.647683
4.566513,1.022868,9.563304,-0.18200,0.131616,0.581637
4.806061,0.951004,9.299801,-0.16283,0.152921,0.535830
5.457631,0.847999,8.535644,-0.19265,0.120964,0.476176
6.293653,0.668338,8.363169,-0.36310,0.102854,0.429304
6.741608,0.469513,8.729678,-0.43553,0.108180,0.373910
7.484206,-0.27548,9.992095,-0.43127,0.115637,0.191750
7.891438,-1.23606,10.82332,-0.35990,-0.24548,-0.16937
7.968092,-1.36063,10.71313,-0.29492,-0.35414,-0.41118
7.220704,-1.29116,10.15738,-0.28001,-0.68224,-0.77550
6.914082,-1.52592,9.668705,-0.45151,-0.99862,-1.16113
6.466128,-1.49238,9.649541,-0.53141,-1.07532,-1.36140
5.131846,-1.25762,10.10707,-0.55378,-1.09876,-1.63198
4.005971,-1.10192,10.04240,-0.49945,-1.10941,-1.71720
3.469384,-1.10910,9.857948,-0.49945,-1.08704,-1.72146
2.995079,-1.42051,9.582468,-0.50904,-0.98264,-1.82479
2.710017,-1.50436,9.584864,-0.54419,-0.83670,-1.98351
2.238108,-1.47561,9.570491,-0.74553,-0.83244,-2.08897
1.677566,-1.39656,9.553723,-1.02463,-0.95921,-2.06554
1.088279,-1.29595,9.568096,-1.14287,-1.07639,-2.00162
-0.11425,-1.19534,10.25559,-1.11837,-1.07213,-1.97606
-1.01016,-1.10910,11.11317,-0.95964,-0.99862,-1.89190
-1.39104,-0.86955,11.48447,-0.82116,-1.05615,-1.66500
-2.40672,-0.28985,11.85338,-0.79772,-1.05189,-1.51160
-3.45833,0.119773,11.48208,-0.86484,-0.94110,-1.23783
-3.73861,0.191637,11.01256,-0.91916,-0.83351,-1.13130
-3.70986,0.217988,10.36579,-0.96391,-0.63217,-0.94701
-3.70507,0.249129,10.47837,-0.79133,-0.51925,-0.76379
-3.93264,0.306620,11.40542,-0.59532,-0.48836,-0.68389
-4.08355,0.198824,12.73970,-0.13939,-0.44788,-0.55819
-4.19854,0.112587,13.07986,0.228119,-0.33177,-0.50067
-4.15542,-0.12456,12.65347,0.415605,-0.16026,-0.37923
-4.11949,0.119773,11.44854,0.445433,-0.06971,-0.29187
-4.41413,0.618033,10.18373,0.457151,0.059178,-0.10119
-4.45006,0.869558,9.783688,0.481652,0.152921,0.164053
-4.61056,1.403750,9.606423,0.486978,0.190206,0.328104
-4.88604,1.660066,9.448322,0.485913,0.262644,0.696685
-4.97228,1.569038,9.254287,0.496565,0.432020,1.041831
-4.77106,1.171388,8.966830,0.499761,0.556656,1.185641
-4.13626,0.663547,8.789565,0.521067,0.925238,1.397629
-3.63800,0.407231,8.712909,0.544502,1.052004,1.477523
-2.86905,-0.03114,9.072232,0.555155,1.107398,1.554222
-2.77802,-0.26829,9.297407,0.543437,1.125507,1.623465
-2.71334,-0.46472,9.369271,0.461412,1.155334,1.734252
-2.54566,-0.61324,9.366875,0.387909,1.185162,1.807755
-2.41391,-0.78092,9.151282,0.265403,1.333233,1.963284
-2.37558,-0.85997,9.093791,0.269664,1.587831,2.106029
-1.91325,-0.97496,9.424366,0.339972,1.731642,2.240252
-1.51560,-1.15462,10.28673,0.357016,1.749752,2.288189
-1.20898,-1.51873,10.77302,0.321862,1.723120,2.340387
-0.93829,-1.55466,10.82093,0.165269,1.571853,2.352105
-0.33942,-1.58341,10.79937,0.047024,1.462130,2.361692
0.173206,-1.62173,10.74188,-0.11702,1.283166,2.351040
0.487013,-1.70797,10.83051,-0.04884,1.214989,2.315886
1.461973,-1.77265,11.52759,0.052351,1.187292,2.275406
2.350696,-1.82775,12.46901,0.278186,1.115920,2.119877
2.810627,-1.88045,12.64628,0.360212,1.056265,2.014416
3.677791,-1.81577,12.40913,0.437976,0.907128,1.789646
4.338943,-1.56424,11.81026,0.385778,0.767579,1.626660
4.489858,-1.36542,11.47729,0.225989,0.590745,1.476458
4.868343,-1.03724,10.95747,0.119462,0.495936,1.395498
5.254015,-0.91028,10.71313,0.006544,0.270100,1.193098
5.551055,-0.86476,10.82572,0.104548,0.093267,0.966197
5.979846,-0.91028,11.49406,0.217466,0.025090,0.830908
6.518828,-1.08036,12.04262,0.449694,-0.10806,0.529439
6.732026,-1.11150,12.11448,0.466738,-0.39142,0.177902
7.057811,-1.18336,11.58987,0.390039,-0.56826,-0.00425
7.215912,-1.15222,10.55742,0.178052,-0.86866,-0.34407
7.201539,-1.15941,10.03761,0.039567,-1.01034,-0.63702
7.038647,-1.19534,9.457903,0.017197,-1.00288,-0.77657
6.954805,-1.34625,9.223147,0.001218,-0.89529,-1.05141
6.935641,-1.46124,9.108163,-0.05097,-0.78770,-1.38483
6.856591,-1.80619,8.818310,-0.09145,-0.75361,-1.56486
6.612252,-2.14634,8.823101,-0.20118,-0.76640,-1.92279
6.322399,-2.23977,8.938084,-0.32155,-0.86333,-2.19763
5.512727,-2.30684,9.247101,-0.35884,-0.92512,-2.27220
4.238333,-2.23737,9.709428,-0.38973,-1.06360,-2.30842
3.529271,-2.18946,9.970536,-0.44725,-0.98371,-2.41068
2.767509,-2.33798,9.833993,-0.51010,-0.81859,-2.60137
2.669294,-2.62784,9.623191,-0.53780,-0.79942,-2.67380
2.345905,-2.72605,9.738174,-0.61983,-0.93364,-2.70363
1.229612,-2.68293,10.28913,-0.71037,-1.13711,-2.62800
0.094155,-2.44578,10.75146,-0.75618,-1.16693,-2.60137
-0.28433,-2.51764,10.60773,-0.81264,-1.01034,-2.63332
-0.30588,-2.59909,10.43765,-0.75831,-0.85481,-2.67913
-0.57418,-2.64939,10.70594,-0.71996,-0.85055,-2.65250
-1.72161,-2.31403,11.44854,-0.67948,-0.97093,-2.45116
-2.39474,-2.05532,11.68569,-0.67096,-1.06467,-2.12626
-3.62841,-1.50915,11.70486,-0.66244,-1.02419,-1.96753
-4.16021,-1.10671,11.44615,-0.57615,-0.84629,-1.76087
-4.07158,-1.03245,11.40063,-0.41529,-0.83564,-1.59469
-3.88473,-0.87674,11.86296,-0.34179,-0.90595,-1.46686
-4.57702,-0.44555,12.18395,-0.27361,-0.97519,-1.16219
-4.92197,-0.17247,11.99711,-0.25764,-0.93684,-1.01306
-5.28369,0.138937,11.18264,-0.15750,-0.83457,-0.77124
-5.40586,0.258711,11.03652,0.008675,-0.65880,-0.63915
-5.04893,0.280270,10.90956,0.090700,-0.54802,-0.58376
-4.57223,0.543773,10.48077,0.234511,-0.32857,-0.44953
-4.51474,0.733016,10.22445,0.297361,-0.06971,-0.25246
-4.66326,1.159411,9.604027,0.282447,0.160378,0.025569
-4.74950,1.691207,9.091395,0.248359,0.209380,0.200272
-4.74471,2.098438,9.026718,0.129050,0.207250,0.580571
-4.76627,2.203840,9.024322,0.109875,0.194467,0.936370
-4.46683,1.846913,9.184819,0.163138,0.249860,1.076984
-3.74819,0.831230,9.318965,0.312275,0.584353,1.263405
-3.13255,0.421603,9.172842,0.385778,0.770774,1.350757
-2.22227,0.043118,9.012344,0.431584,0.932694,1.456218
-2.15040,-0.06707,8.957248,0.420932,1.059461,1.584050
-2.18154,-0.13175,8.933294,0.254751,1.112724,1.847170
-1.76473,-0.53898,9.120141,0.141833,1.048808,1.933456
-1.35510,-0.92225,9.247101,-0.00623,1.020046,1.999503
-0.43045,-1.49717,9.843575,0.076852,1.281036,1.931326
0.249861,-1.71037,10.78499,0.174856,1.403541,1.886585
0.201951,-1.62653,11.13713,0.300557,1.518589,1.866345
-0.07352,-1.28397,11.23295,0.228119,1.496219,1.901498
-0.14539,-1.10192,11.07006,0.146094,1.441890,1.927065
-0.11904,-1.02286,11.12515,0.002283,1.315124,1.987785
0.297771,-0.98454,11.53238,0.063003,1.238425,2.006959
1.018810,-1.12347,12.11209,0.270730,1.214989,1.956892
1.711103,-1.01568,11.94201,0.357016,1.241621,1.933456
1.883577,-0.91986,11.61143,0.447563,1.273579,1.900433
2.245295,-0.64917,11.27128,0.462477,1.185162,1.886585
2.580662,-0.42879,10.91674,0.432650,1.118050,1.885519
2.882492,-0.43118,10.68678,0.290970,0.920976,1.823734
3.716118,-0.62522,10.45681,0.138637,0.666378,1.679924
4.528185,-0.72583,10.53347,0.085374,0.534286,1.590441
4.868343,-0.82883,10.72511,0.039567,0.231751,1.380584
5.445654,-0.96298,10.92393,0.034241,-0.02178,1.140900
6.078060,-1.08754,10.96705,0.057677,-0.13150,1.006677
6.288862,-1.11389,10.97903,0.129050,-0.33177,0.735035
6.686511,-1.12347,10.64606,0.215336,-0.38290,0.453805
6.918873,-1.24085,10.17175,0.247294,-0.39781,0.312125
6.940433,-1.37500,9.881903,0.243033,-0.42125,-0.00532
7.093743,-1.57143,9.469881,0.206814,-0.51606,-0.34194
6.971574,-1.60736,9.453112,0.187639,-0.59276,-0.50493
6.844613,-1.61215,9.364480,0.116266,-0.74296,-0.78616
6.612252,-1.70558,8.933294,-0.04245,-0.84309,-1.05034
6.617043,-2.06011,8.456593,-0.12874,-0.84523,-1.21226
6.593088,-2.22539,8.466176,-0.25018,-0.78344,-1.58297
6.262512,-2.46255,8.914130,-0.29279,-0.69822,-1.96114
5.340253,-2.36673,9.625587,-0.30664,-0.68330,-2.11667
4.523395,-2.33080,9.891485,-0.32368,-0.77492,-2.24557
2.868119,-1.99543,10.45921,-0.35031,-0.96240,-2.24237
2.008142,-1.80858,10.48556,-0.35884,-1.01780,-2.22107
1.811713,-1.89721,10.20529,-0.36629,-0.97519,-2.22000
1.818899,-2.01459,10.10947,-0.36842,-0.80155,-2.32546
1.373340,-2.44099,9.951372,-0.39932,-0.70248,-2.39364
0.927781,-2.53681,10.02084,-0.48028,-0.59702,-2.46608
-0.44243,-2.17509,11.03173,-0.48241,-0.67052,-2.38512
-1.57788,-1.73672,11.81984,-0.44832,-0.82072,-2.27539
-2.16478,-1.56185,11.99232,-0.42595,-0.84096,-2.21681
-2.40432,-1.46842,11.97555,-0.35457,-0.83457,-2.08684
-2.70855,-1.30074,12.02825,-0.29279,-0.84309,-1.96114
-2.96007,-1.25762,11.86775,-0.28320,-0.84416,-1.90894
-3.08224,-1.20492,11.79828,-0.29172,-0.88251,-1.82372
-3.62123,-0.95100,11.90368,-0.28640,-0.92725,-1.75555
-4.15542,-0.41441,12.06897,-0.22248,-1.06360,-1.59363
-4.36622,-0.20122,11.98273,-0.10850,-1.16374,-1.40081
-4.59858,0.074259,11.16588,-0.01476,-1.06041,-1.18776
-4.54588,0.340157,10.22445,0.035306,-0.93684,-1.08443
-4.51714,0.433581,9.872322,0.169530,-0.64496,-0.87244
-4.56984,0.704270,9.414785,0.296296,-0.33709,-0.64235
-4.59140,1.032450,8.923711,0.338906,-0.20820,-0.52623
-4.63931,1.152224,8.672186,0.359146,0.053852,-0.28016
-4.68961,1.458846,8.202672,0.270730,0.280753,0.017047
-4.76147,1.885241,8.149971,0.198292,0.342538,0.184293
-4.83813,2.026574,8.312865,0.075786,0.359583,0.567788
-4.85250,1.832540,8.854243,0.108810,0.375562,0.904412
-4.21051,1.094733,9.053068,0.176986,0.450130,1.029047
-3.77933,0.833626,8.890175,0.310144,0.780362,1.231448
-3.32658,0.653965,8.387125,0.334645,1.162791,1.450892
-3.23555,0.694688,8.456593,0.328254,1.315124,1.567005
-3.23555,0.622824,8.696141,0.316536,1.486631,1.818408
-3.26909,0.447954,9.096186,0.261142,1.569722,2.065549
-2.99601,0.222779,9.168050,0.199357,1.577179,2.180597
-2.75167,0.004790,9.172842,0.015066,1.566526,2.332930
-1.98272,-0.46472,9.405202,-0.13939,1.503676,2.402172
-1.54914,-0.79769,9.963349,-0.18520,1.451478,2.433065
-1.34792,-0.93902,10.09510,-0.23313,1.457869,2.478871
-0.74426,-1.10192,10.29632,-0.17881,1.677314,2.506568
-0.43524,-1.21690,10.64127,-0.10424,1.809406,2.525743
-0.36577,-1.24564,10.94789,0.054481,2.010741,2.584332
-0.18372,-1.25283,11.05808,0.035306,2.121529,2.670619
0.307352,-1.49717,10.91674,-0.04991,2.123659,2.691924
0.745725,-1.66964,11.11557,-0.25764,1.935107,2.645052
1.799736,-1.98824,12.00669,-0.36310,1.601680,2.460762
2.997475,-2.05771,13.06309,-0.34712,1.405671,2.321212
3.514898,-2.07208,13.39607,-0.22674,1.046678,2.008025
4.219169,-1.98106,13.68592,-0.08293,0.682357,1.687380
4.794084,-1.86847,13.25952,-0.06589,0.491675,1.509481
5.318694,-1.68881,12.80438,-0.09891,0.209380,1.148357
5.483982,-1.58580,12.38038,-0.06163,-0.00899,0.819191
5.785812,-1.50915,12.44027,-0.01049,-0.08356,0.660466
5.788207,-1.51394,12.41871,0.088570,-0.23483,0.358997
5.833721,-1.54029,12.28456,0.167399,-0.44362,0.045809
5.668433,-1.66006,12.02825,0.250490,-0.62258,-0.25139
5.440863,-1.82295,11.57790,0.280317,-0.69715,-0.39414
5.445654,-1.90440,11.16348,0.278186,-0.76107,-0.72331
5.349835,-2.07927,10.61971,0.257946,-0.79622,-0.90014
5.174965,-2.08646,10.54305,0.219597,-0.89103,-1.21652
4.492253,-1.99782,10.52628,0.195096,-1.02525,-1.47006
3.833497,-1.94033,10.41609,0.170595,-1.08597,-1.56593
3.411893,-1.94273,10.26038,0.091765,-1.19676,-1.70761
2.748345,-1.82535,10.16456,0.008675,-1.23831,-1.84609
2.453701,-1.99303,10.08312,-0.01689,-1.22552,-1.93238
2.259667,-2.05771,10.22924,-0.06802,-1.27879,-2.08258
1.620075,-2.13197,10.31788,-0.17881,-1.34377,-2.15609
1.133793,-2.30445,10.16456,-0.24485,-1.33205,-2.19870
1.119420,-2.47932,10.27476,-0.27788,-1.28518,-2.32333
0.855917,-2.70210,10.63647,-0.27255,-1.19463,-2.47993
0.367239,-2.72605,10.91435,-0.28427,-1.21594,-2.55875
-0.05196,-2.66377,11.02454,-0.30983,-1.26707,-2.61415
-0.53346,-2.51285,11.07485,-0.35457,-1.32885,-2.64717
-1.00057,-2.32361,11.09641,-0.46217,-1.51528,-2.63332
-1.82701,-1.96429,11.17306,-0.50158,-1.61648,-2.58965
-2.04740,-1.84451,11.04610,-0.52395,-1.67720,-2.53212
-2.13363,-1.71755,10.82093,-0.52928,-1.66015,-2.47034
-2.09531,-1.64569,10.46400,-0.51649,-1.45029,-2.39151
-2.10010,-1.53550,10.06875,-0.48134,-1.29157,-2.37873
-2.33965,-1.35344,10.04719,-0.36523,-0.98691,-2.28498
-3.32419,-0.66115,10.21727,-0.26403,-0.76853,-2.03571
-4.39976,0.083841,10.12145,-0.23207,-0.67159,-1.88231
-4.66326,0.445558,10.11426,-0.16389,-0.52352,-1.60108
-4.88604,0.991727,10.20529,-0.08400,-0.40421,-1.36140
-5.17829,1.396563,10.14780,-0.04778,-0.36053,-1.24955
-5.65738,1.937941,10.11905,0.034241,-0.27531,-0.99814
-5.97598,2.215817,10.03281,0.140767,-0.15067,-0.64874
-6.49580,2.733240,9.848366,0.254751,-0.02710,-0.23115
-6.73535,3.066212,9.400412,0.285643,0.018698,0.005329
-6.76889,3.166822,9.088999,0.247294,0.118833,0.497481
-6.30656,3.075794,8.372752,0.175921,0.169966,0.715860
-5.97359,2.831455,8.099667,0.019327,0.266905,1.102551
-5.49449,2.067297,8.102063,-0.06695,0.385149,1.449827
-4.82136,1.394168,8.284119,-0.07228,0.603528,1.694837
-4.34945,0.888722,8.602718,-0.05417,0.736686,1.813081
-4.31352,0.754575,8.811124,-0.00623,0.946543,2.073006
-4.22728,0.455140,9.158469,0.016132,1.124442,2.347844
-3.95899,-0.02635,9.333338,0.007609,1.175574,2.485263
-3.71944,-0.34734,9.283034,-0.06163,1.262926,2.732404
-3.21160,-1.07557,9.132119,-0.10743,1.495154,2.906042
-2.45463,-1.88763,9.359688,-0.08613,1.689031,2.928412
-2.11687,-2.16311,9.750152,0.028915,2.071461,2.922021
-2.06896,-2.29726,10.54065,0.088570,2.242969,2.928412
-2.21029,-2.30684,11.36470,0.167399,2.402758,2.974219
-2.36360,-2.42182,11.64018,0.138637,2.373996,3.067962
-2.13603,-2.85780,11.78630,-0.04778,2.184379,3.078614
-1.43895,-3.22191,12.04741,-0.21822,1.909541,3.011503
-0.99099,-3.31534,12.41152,-0.25124,1.731642,2.948652
0.055827,-3.51416,13.13735,-0.22142,1.383301,2.744122
1.212843,-3.72736,13.35534,-0.17774,1.239490,2.614160
1.737453,-3.69622,13.31222,-0.07761,1.011524,2.320147
2.702831,-3.32492,13.23796,0.042763,0.786753,2.009090
3.342424,-2.86499,13.00800,0.091765,0.667444,1.864214
3.574785,-2.59909,12.76126,0.123723,0.458652,1.612812
3.991598,-2.16072,11.99950,0.091765,0.295667,1.393368
4.523395,-1.86847,11.83661,0.098157,0.209380,1.278319
4.758152,-1.81337,11.87494,0.147159,0.025090,1.024786
5.294739,-1.77984,11.97076,0.217466,-0.20287,0.722252
5.675620,-1.87326,11.65934,0.224923,-0.31579,0.566723
5.788207,-1.91398,11.42219,0.208944,-0.55760,0.246079
5.912772,-1.97387,11.04371,0.157812,-0.76533,-0.06604
6.032546,-2.10323,10.47358,0.118397,-0.82499,-0.23009
6.140343,-2.17269,10.31548,0.043828,-0.90595,-0.60826
6.212207,-2.42422,10.20768,0.051285,-0.96773,-1.00560
5.800185,-2.52962,10.30111,0.081113,-0.99649,-1.18776
5.448050,-2.52483,10.14540,0.071525,-1.02312,-1.48071
4.559327,-2.37152,9.680683,-0.07654,-1.08811,-1.69270
3.646649,-2.01699,9.623191,-0.16176,-1.12113,-1.76513
3.258582,-1.93315,9.824412,-0.30238,-1.21168,-1.87379
2.695644,-2.02657,10.30350,-0.37481,-1.25322,-1.98564
2.333927,-2.37391,10.58617,-0.37481,-1.21168,-2.03358
2.130311,-2.64939,10.78260,-0.29705,-1.05615,-2.14543
2.015329,-3.20035,10.91195,-0.19798,-0.79303,-2.37446
1.629657,-3.34408,11.39584,-0.07121,-0.73763,-2.58858
0.161228,-2.80271,12.33726,-0.02541,-0.84523,-2.62054
-1.00536,-2.46973,12.51932,-0.04671,-1.20848,-2.45436
-2.45702,-1.95231,11.95878,-0.17348,-1.35549,-2.29563
-2.28215,-1.87326,11.50364,-0.19479,-1.30968,-2.31587
-1.57788,-2.05771,11.30960,-0.10743,-1.12006,-2.47460
-1.84139,-1.92596,11.46531,-0.05204,-1.05082,-2.55130
-3.10620,-1.24085,11.46771,-0.00304,-1.08065,-2.55875
-3.93743,-0.84081,11.37668,-0.06056,-1.32246,-2.30948
-5.02258,-0.27068,10.57898,-0.20757,-1.37466,-1.99310
-4.98425,-0.10540,10.03521,-0.26616,-1.32779,-1.87699
-4.53630,0.100609,9.661519,-0.27148,-1.14776,-1.69163
-4.45725,0.342553,9.654333,-0.24698,-1.03697,-1.60108
-4.55067,0.505445,9.618400,-0.18839,-0.85588,-1.40720
-5.08007,0.888722,9.699847,-0.11489,-0.77918,-1.14195
-5.65978,1.363026,9.750152,-0.00091,-0.72592,-0.82131
-5.70290,1.612156,9.474672,0.136506,-0.55973,-0.52623
-5.45856,1.664857,9.132119,0.194031,-0.41486,-0.41118
-4.91958,1.564247,8.415870,0.306949,-0.09954,-0.23222
-4.80459,1.739117,8.152367,0.343167,0.030416,-0.13421
-4.91239,1.966687,7.948752,0.283513,0.269035,0.128900
-5.23099,2.414642,7.668481,0.108810,0.346799,0.472980
-5.49449,2.455365,7.862514,0.022523,0.337212,0.660466
-5.56156,2.213421,7.975102,-0.10104,0.339343,1.006677
-5.41544,1.475614,7.936774,-0.14791,0.408585,1.161140
-5.28369,1.070778,7.850537,-0.19692,0.527894,1.296429
-5.13756,0.752179,7.850537,-0.24911,0.686618,1.417869
-5.21901,0.462327,8.013429,-0.35671,1.007263,1.699098
-5.50407,0.086236,8.993181,-0.38760,1.200075,2.081528
-5.48970,-0.06467,10.44005,-0.33966,1.256534,2.281797
-5.12319,-0.22757,11.24013,-0.09359,1.305537,2.612029
-4.07397,-0.82404,12.05699,0.191900,1.412063,2.776080
-2.71574,-1.46842,11.69288,0.299492,1.523916,2.800581
-2.29174,-1.69360,11.46771,0.465673,1.766796,2.857040
-1.83420,-1.85410,11.03412,0.535980,2.086375,2.936934
-1.37187,-1.87326,10.78020,0.537045,2.242969,2.974219
-1.07004,-1.86847,10.90477,0.540241,2.430455,2.983806
-0.15736,-1.83733,11.58508,0.560481,2.440042,2.941195
0.319330,-1.76307,11.78630,0.567938,2.383583,2.783537
1.097860,-1.73432,11.54915,0.469934,2.261078,2.571549
1.390109,-1.79660,10.93351,0.148224,2.170531,2.410694
1.265544,-2.10562,10.24122,-0.10317,2.143899,2.363823
1.294290,-2.29486,10.61731,-0.49945,1.912737,2.263688
1.763803,-2.43380,12.79959,-0.55484,1.530307,2.118812
2.674085,-2.56316,15.01062,-0.43980,1.263991,2.000568
3.229836,-2.61825,15.91371,-0.04352,0.673835,1.673532
4.061067,-2.60628,15.89694,0.249424,0.183814,1.333713
4.592864,-2.35236,14.17699,0.311210,0.009111,1.168597
4.808456,-2.20144,13.25234,0.326123,-0.23909,0.868193
5.052795,-1.94033,11.91566,0.248359,-0.42764,0.591224
5.380976,-1.60017,11.24493,0.181247,-0.67159,0.321712
5.548659,-1.46124,10.96465,0.145028,-0.80581,0.194946
5.644479,-1.48998,10.66762,0.025719,-1.01247,-0.07456
6.018173,-1.77744,10.15259,-0.03926,-1.09556,-0.24074
6.286467,-1.99543,10.11186,-0.10104,-1.18824,-0.66685
6.554760,-2.44817,10.12624,-0.11383,-1.19783,-1.12065
6.312817,-2.71886,9.891485,-0.13726,-1.17865,-1.33690
6.006196,-2.77875,9.757338,-0.25124,-1.18717,-1.73105
5.074355,-2.75959,9.948976,-0.37055,-1.29157,-2.04849
3.862242,-2.59430,10.54784,-0.40890,-1.37253,-2.16674
3.225045,-2.53681,10.81374,-0.49199,-1.58452,-2.33398
2.147080,-2.44099,11.01017,-0.61343,-1.68998,-2.42027
1.735058,-2.61107,10.81853,-0.67522,-1.61435,-2.60350
1.679962,-2.85061,11.30481,-0.64859,-1.52273,-2.71215
1.323035,-2.90571,11.65695,-0.52502,-1.40023,-2.86981
0.149251,-2.57034,12.40194,-0.36203,-1.42792,-2.82827
-1.11795,-2.24695,12.56244,-0.28533,-1.47586,-2.74305
-1.37187,-2.14395,12.10490,-0.25977,-1.34377,-2.62693
-1.05327,-2.36673,11.00538,-0.28320,-1.26600,-2.63971
-1.02213,-2.28289,11.12036,-0.28427,-1.19570,-2.67806
-1.78150,-1.86128,11.34793,-0.30664,-1.23085,-2.59923
-2.70136,-1.48998,11.34314,-0.34499,-1.27453,-2.44371
-3.31700,-1.36781,10.96226,-0.35884,-1.20741,-2.36914
-3.43438,-1.25523,10.89758,-0.28533,-0.94962,-2.25302
-4.00450,-0.70427,11.47729,-0.06802,-0.79303,-2.07832
-4.77345,0.148519,11.70965,0.031045,-0.76640,-1.95049
-4.94114,0.519818,11.44375,0.120527,-0.80794,-1.64263
-5.39867,0.943818,10.52389,0.069395,-1.10621,-1.24742
-5.13277,0.927049,9.347711,-0.00410,-1.10515,-1.08017
-4.52672,0.986936,8.854243,0.018262,-0.76107,-0.85114
-3.35293,0.989332,9.088999,0.370864,-0.29129,-0.70733
-3.03433,0.919863,9.635169,0.630789,-0.11126,-0.64448
-2.81874,1.065987,9.702242,1.038785,0.073027,-0.49640
-2.67262,1.533105,8.732073,1.102700,0.257317,-0.34194
-2.18394,2.062506,7.582243,1.029197,0.321233,-0.25459
-2.01386,2.333195,7.196572,0.762881,0.454391,-0.04686
-1.66173,2.740427,6.959419,0.459281,0.574766,0.138487
-1.28803,2.864992,7.536729,0.330384,0.553461,0.219447
-1.13232,2.927274,8.166740,0.239837,0.428825,0.400542
-0.78738,2.802709,9.577677,0.344233,0.306319,0.573115
-0.01364,2.522438,9.867530,0.398561,0.318037,0.615725
0.475036,2.287681,9.709428,0.482717,0.468239,0.650879
1.047555,2.028970,9.546536,0.509349,0.534286,0.665793
1.255962,2.005015,9.472276,0.449694,0.558787,0.676445
1.639239,2.045738,8.978808,0.218532,0.478892,0.645553
1.921905,2.072088,8.753633,0.078982,0.404324,0.616790
1.715894,2.040947,9.829202,0.125854,0.359583,0.625313
1.727871,2.026574,10.47598,0.345298,0.251991,0.666858
1.802131,2.100834,10.84009,0.553024,0.167835,0.698816
1.864413,2.213421,10.38734,0.580721,-0.06119,0.706273
2.592639,2.160721,8.075712,0.073656,0.477827,0.519851
3.342424,2.496088,6.470742,-0.14685,0.703663,0.445283
1.641634,1.801399,9.081813,-0.11169,0.721772,0.471915
1.663193,2.143953,10.17894,0.102418,0.526829,0.518786
1.646425,2.532020,11.68569,0.338906,0.162509,0.568854
1.780572,2.249354,11.45573,0.384713,0.017633,0.557136
2.077611,1.930755,10.44005,0.263273,-0.06226,0.431435
2.717204,1.451659,8.020616,-0.05311,0.212576,0.216251
3.035802,1.978664,7.436120,-0.17987,0.391540,0.140618
2.688458,2.220608,8.049362,-0.16709,0.645073,0.134226
1.744640,2.424224,9.956163,0.067264,0.556656,0.247144
1.368549,2.438596,10.82093,0.174856,0.479957,0.307864
1.449996,2.376314,10.63887,0.267534,0.345734,0.347279
1.948255,2.143953,9.738174,0.188704,0.267970,0.285493
2.266854,2.024178,9.096186,0.134376,0.248795,0.237557
2.216549,2.028970,9.074626,0.019327,0.174227,0.164053
2.068029,2.086461,8.997971,-0.03500,0.150791,0.139552
1.945860,2.139162,9.225542,-0.03819,0.095397,0.126769
1.675171,2.112811,9.752547,0.063003,0.082614,0.144879
1.648820,2.122393,9.980117,0.219597,0.112441,0.151270
1.744640,2.055320,9.742965,0.260077,0.118833,0.141683
1.840459,2.050529,9.156073,0.249424,0.132681,0.091615
1.845250,2.050529,8.911734,0.179117,0.147595,0.021308
1.885973,2.103229,8.935689,0.158877,0.139073,-0.01810
1.792549,2.127184,9.098582,0.141833,0.093267,-0.06604
1.478742,2.220608,9.144096,0.101353,0.034677,-0.08308
1.210448,2.323613,8.952457,0.043828,0.027220,-0.11184
1.016414,2.440992,8.976412,0.031045,0.038938,-0.12250
0.808007,2.493692,9.019531,0.042763,0.101789,-0.11504
0.436708,2.584721,9.069836,0.060873,0.245599,-0.11717
0.051036,2.462551,8.971621,0.063003,0.321233,-0.12676
-0.24360,2.378710,8.974017,0.057677,0.411780,-0.13528
-1.03890,2.273308,9.165655,0.029980,0.398997,-0.13315
-1.76234,2.306845,9.287824,0.009740,0.376627,-0.11824
-2.09770,2.433805,9.347711,-0.01476,0.293536,-0.05858
-2.84270,2.776359,9.592050,-0.01582,0.178488,0.057527
-3.42240,3.078189,9.560909,-0.02541,0.111376,0.129965
-3.59488,3.164426,9.457903,-0.06802,-0.03349,0.296146
-3.65237,3.305760,9.093791,-0.10317,-0.05800,0.491089
-3.44396,3.351274,8.729678,-0.10530,0.000589,0.597616
-3.25711,3.348878,8.631464,-0.06802,0.299928,0.892694
-2.45702,3.224313,8.418266,-0.05737,0.436282,0.975784
-2.18873,3.162031,8.420661,-0.04458,0.575831,1.050353
-1.96116,3.097353,8.439825,-0.01795,0.852800,1.193098
-1.55393,2.934460,8.700932,0.006544,0.974240,1.263405
-1.32157,2.831455,8.842266,0.023588,1.163857,1.377389
-0.71791,2.611071,8.909338,-0.00836,1.225642,1.419999
-0.08550,2.472133,9.156073,-0.02541,1.207532,1.429587
0.199556,2.361941,9.208773,-0.04884,1.093549,1.423195
0.867894,2.184676,9.290220,-0.06695,0.924172,1.362475
1.651216,2.203840,9.079418,-0.13407,0.787819,1.260210
2.398605,2.234981,8.684164,-0.19265,0.768644,1.218664
2.604616,2.220608,8.456593,-0.37908,0.874105,1.204816
3.225045,1.942732,8.490130,-0.50478,1.098875,1.149422
3.620299,1.595388,8.868616,-0.51330,1.163857,1.085506
4.406016,0.898304,10.17415,-0.40890,1.200075,0.917195
4.901880,0.376089,11.40782,-0.26296,1.098875,0.755275
5.218083,-0.18205,12.20791,-0.20970,0.972109,0.670054
5.407326,-0.44076,12.44027,-0.15537,0.585418,0.459131
5.896004,-0.96537,12.69659,-0.14898,0.176357,0.167249
6.154716,-1.26002,12.66065,-0.15324,-0.02604,-0.01064
6.655371,-1.81577,12.59118,-0.17881,-0.41166,-0.45060
7.050624,-2.37631,12.27977,-0.22355,-0.69076,-0.97151
6.921268,-2.71407,11.99711,-0.24698,-0.79090,-1.24955
6.686511,-2.84343,11.98513,-0.26296,-0.95388,-1.82053
5.553451,-2.75719,12.17916,-0.20118,-1.09556,-2.24876
3.409497,-2.21821,12.47141,-0.15324,-1.19250,-2.34677
2.214153,-1.95231,12.50974,-0.06056,-1.44923,-2.29777
0.542109,-1.59538,12.03543,-0.02967,-1.54191,-2.20935
0.654697,-1.77504,10.72750,-0.02221,-1.56108,-2.13904
1.057137,-2.04573,10.12624,-0.05097,-1.50462,-2.13478
1.179307,-2.38589,9.956163,-0.17028,-1.27879,-2.35209
0.134878,-2.33798,10.64127,-0.33966,-1.29051,-2.61841
-0.60292,-2.33798,11.04131,-0.45364,-1.45882,-2.70257
-1.53237,-2.34517,10.79458,-0.78707,-2.11076,-2.74837
-1.43176,-2.25414,10.28434,-1.20039,-2.46762,-2.80803
-1.46290,-2.15832,10.55742,-1.32609,-2.41862,-2.88366
-2.40911,-1.60497,11.72642,-1.28242,-2.05323,-3.03067
-3.87036,-0.78092,12.50974,-0.91916,-1.62713,-2.96569
-4.62254,-0.33536,12.53130,-0.69013,-1.47267,-2.83998
-5.32920,0.376089,11.89889,-0.27894,-1.27133,-2.44797
-5.11601,0.812066,10.66043,-0.03287,-1.10089,-2.05062
-4.78782,1.171388,9.685474,0.050220,-0.81966,-1.78324
-5.03935,1.509151,9.503417,0.025719,-0.68650,-1.67778
-5.60468,2.302054,9.548932,-0.10424,-0.55547,-1.41892
-5.93765,2.608675,9.697451,-0.17241,-0.51393,-1.26126
-6.57006,3.042257,10.46640,-0.21929,-0.48410,-1.08550
-6.64193,3.272223,10.72511,-0.21289,-0.47771,-0.88310
-5.93047,3.358460,10.27955,-0.03713,-0.43510,-0.42397
-5.56156,3.391997,10.04000,0.094961,-0.35520,-0.18854
-5.22859,3.454279,9.663914,0.372995,-0.04308,0.229034
-5.16631,3.111726,9.421971,0.597765,0.323364,0.617856
-5.07289,2.728449,9.232728,0.671269,0.463978,0.833039
-4.22728,2.002619,8.772796,0.720271,0.567309,1.055679
-3.66195,1.734326,8.418266,0.745837,0.629094,1.278319
-2.82353,1.322303,7.908029,0.749033,0.665313,1.678858
-2.52170,0.970168,7.817000,0.675530,0.753730,1.932391
-2.51212,0.788112,7.872097,0.610549,0.848539,2.018677
-2.23904,0.222779,7.639735,0.483782,1.111659,2.178467
-1.41260,-0.05749,7.936774,0.446498,1.255469,2.273275
-0.97901,-0.43597,8.753633,0.409214,1.584636,2.490589
-0.72749,-0.80248,8.983598,0.400692,2.133246,2.659966
-0.00885,-1.55466,9.323757,0.428389,2.641377,2.797385
0.336098,-1.81577,9.515395,0.395365,2.755360,2.845322
0.896640,-2.12239,10.56940,0.158877,2.702097,2.816560
1.720685,-2.32600,12.08334,-0.01795,2.612615,2.749448
2.077611,-2.34996,12.79001,-0.36416,2.470935,2.575810
2.609407,-2.23019,13.70508,-0.55058,2.296232,2.360627
3.083712,-1.84930,14.21532,-0.55697,2.187575,2.216816
3.323260,-1.40375,13.89912,-0.44086,1.919128,1.911086
3.546039,-1.15941,13.62364,-0.25124,1.582505,1.592572
4.013158,-0.74259,13.11340,-0.05097,1.258665,1.306016
4.120954,-0.16528,12.82115,0.014001,1.125507,1.180315
4.082626,0.141332,12.75168,0.098157,0.901802,0.904412
4.231146,0.481490,12.75168,0.113071,0.675966,0.649814
4.463508,0.491072,12.91937,0.106679,0.546004,0.560331
5.337857,0.155705,13.21640,0.092831,0.296732,0.463392
6.080456,-0.45274,13.26671,0.090700,0.161444,0.433565
6.420614,-1.05880,12.76605,0.170595,-0.10487,0.321712
6.430195,-1.29355,12.39715,0.370864,-0.30833,0.099072
6.267303,-1.44686,11.70486,0.591374,-0.48943,-0.23861
5.872049,-1.36781,11.13953,0.653159,-0.59702,-0.43781
5.438467,-1.37260,11.00777,0.673399,-0.84629,-0.86499
4.465903,-1.51873,10.90716,0.607353,-1.06573,-1.29855
3.502921,-1.68162,11.02933,0.557285,-1.14243,-1.49456
3.090898,-1.72714,11.06287,0.458216,-1.26920,-1.82053
2.429746,-1.68641,10.92393,0.419866,-1.35016,-2.05915
1.646425,-1.69120,10.72511,0.432650,-1.37892,-2.14224
1.212843,-1.70079,10.71792,0.477391,-1.39597,-2.28498
0.230697,-1.68881,10.78739,0.444368,-1.38318,-2.45649
-0.54064,-1.59538,10.70594,0.402822,-1.39064,-2.55023
-0.97422,-1.45405,10.55742,0.337841,-1.42366,-2.70150
-2.09531,-1.06598,10.24601,0.299492,-1.53765,-2.79418
-3.72184,-0.32578,10.15738,0.267534,-1.60476,-2.84957
-4.54588,0.179660,10.21487,0.167399,-1.73152,-2.97421
-5.90412,1.111501,9.857948,0.023588,-1.85403,-3.00617
-6.55090,1.669648,9.062649,-0.02754,-1.91475,-2.94438
-6.72337,1.954710,8.823101,-0.04565,-2.01488,-2.65782
-6.29698,2.208631,8.344006,-0.06056,-1.87960,-2.27859
-5.62864,2.079275,8.521271,-0.08187,-1.74324,-2.07939
-4.84771,1.885241,8.957248,-0.16922,-1.12752,-1.35501
-3.98534,1.777444,9.980117,-0.18200,-0.87292,-1.12917
-3.98055,2.254145,9.790875,-0.16176,-0.63111,-0.97258
-3.85838,2.496088,9.364480,0.019327,-0.36586,-0.87031
-3.39366,3.092562,8.497317,0.259012,-0.36799,-0.78935
-2.33246,3.945352,8.205068,0.329319,-0.39462,-0.71372
-1.37666,4.788561,8.157158,0.354885,-0.43403,-0.52304
-0.87122,5.095182,7.915215,0.316536,-0.38290,-0.27589
0.767284,5.202979,7.663690,0.267534,-0.35733,0.017047
2.590243,4.283115,8.037384,0.191900,-0.42338,0.199207
3.258582,3.751319,8.403893,-0.11702,-0.61832,0.547548
3.577181,3.499794,8.830288,-0.39719,-0.76000,0.670054
3.397520,3.844742,9.055463,-0.42595,-0.74616,0.610399
3.074130,3.756110,8.954853,-0.28107,-0.49582,0.399477
2.592639,3.090167,8.660209,-0.00304,-0.08356,0.265253
2.075216,3.001534,8.705723,0.166334,0.207250,0.227969
1.665589,3.094958,8.284119,0.469934,0.881562,0.175771
1.239194,2.994347,7.620571,0.604157,1.146812,0.119312
0.427126,2.421828,8.447011,0.736250,1.354539,0.073506
0.216324,2.088856,9.129723,0.367669,1.211793,0.167249
0.319330,2.019388,10.23164,-0.21183,0.724968,0.271645
0.944550,1.722348,9.831598,-0.43447,0.373431,0.344083
1.421250,1.437286,9.371666,-0.56230,-0.36799,0.503872
2.353091,0.699479,8.753633,-0.41849,-0.74402,0.678576
2.628571,0.371298,8.384729,-0.33966,-0.79729,0.747818
3.510107,-0.19642,7.637340,-0.19798,-0.69076,0.785102
3.845474,-0.22757,7.378628,-0.16389,-0.65028,0.673249
3.157972,-0.02874,8.238605,-0.24166,-0.66733,0.540091
2.772300,0.112587,8.777587,-0.53141,-0.72378,0.139552
2.266854,0.471908,8.933294,-0.74659,-0.66413,-0.25352
1.830877,0.867162,7.876887,-0.71250,-0.60661,-0.39947
1.809318,1.039637,7.412165,-0.39719,-0.41805,-0.62317
1.665589,1.240857,7.146266,-0.06163,-0.00686,-0.74035
0.985273,1.676834,7.249272,0.014001,0.274361,-0.77763
0.192369,2.045738,7.194176,0.029980,0.585418,-0.82024
-1.32396,3.126099,6.233589,-0.02221,1.169183,-0.89588
2.700435,3.962121,12.37080,-0.07228,1.447217,-0.87457
1.651216,0.814462,15.79394,-0.31729,1.932977,-0.63169
-3.36012,0.675524,16.69464,-2.22518,3.163356,0.176837
-1.61142,1.616947,15.03218,-2.28803,2.636051,-0.38455
-0.45920,1.099524,13.14933,-1.18974,2.128985,-0.68709
-0.30828,0.859976,12.06178,-0.03500,1.273579,-0.13208
0.209138,1.056405,9.960954,0.717075,0.334016,0.001068
0.700211,1.674439,8.288909,0.926932,-0.09528,-0.01597
0.748121,1.909196,8.051757,0.985521,-0.64389,-0.07349
0.573251,2.019388,8.379938,0.639311,-0.65348,-0.15765
0.601996,2.076879,8.744050,0.402822,-0.60980,-0.18854
0.688234,2.158325,8.823101,0.063003,-0.62578,-0.21837
0.738539,2.337986,8.926107,-0.06908,-0.68437,-0.21837
0.609183,2.445783,9.194400,-0.10850,-0.71207,-0.22157
0.530132,2.395478,9.278243,-0.21609,-0.74402,-0.24181
0.324121,2.268517,9.462695,-0.32155,-0.72911,-0.23861
0.197160,2.151139,9.462695,-0.34499,-0.72272,-0.21198
0.237884,2.014597,9.390830,-0.33433,-0.68757,-0.11824
0.393590,1.813376,9.323757,-0.26403,-0.59702,0.020243
0.616369,1.569038,9.405202,-0.22674,-0.53736,0.101203
0.781657,1.415727,9.386039,-0.17987,-0.40101,0.258862
1.234403,1.192948,9.393225,-0.14152,-0.26253,0.400542
1.459578,1.104315,9.390830,-0.11915,-0.20287,0.458066
1.802131,0.970168,9.491440,-0.09252,-0.11658,0.524112
2.063238,0.843208,9.625587,-0.10956,-0.09421,0.518786
2.242899,0.756970,9.678287,-0.12980,-0.10487,0.495350
2.312368,0.716247,9.656728,-0.16815,-0.16665,0.416521
2.362673,0.740202,9.683078,-0.18413,-0.24016,0.301472
2.259667,0.816857,9.738174,-0.18839,-0.27105,0.234361
2.223735,0.931840,9.623191,-0.18839,-0.31579,0.089485
2.185408,0.998914,9.601632,-0.16070,-0.35840,-0.02449
2.053656,1.085151,9.644751,-0.14472,-0.37651,-0.06391
2.022515,1.101919,9.568096,-0.13087,-0.38610,-0.09373
2.060843,1.188157,9.381248,-0.11809,-0.38610,-0.11504
2.089588,1.224089,9.235124,-0.07228,-0.37651,-0.12356
2.101566,1.250439,9.124932,-0.04139,-0.36799,-0.11184
2.127916,1.248044,9.088999,-0.00304,-0.31046,-0.07882
2.178221,1.226484,9.041090,0.017197,-0.23589,-0.05219
2.250085,1.171388,9.014739,0.021458,-0.20607,-0.03515
2.274040,1.128270,9.026718,0.018262,-0.14215,0.004264
2.326741,1.077965,9.213564,0.007609,-0.08569,0.041548
2.372255,1.003705,9.436344,-0.00091,-0.05586,0.057527
2.396210,0.974959,9.522582,-0.02647,0.013372,0.079898
2.321950,0.962982,9.668705,-0.02860,0.092201,0.091615
2.230922,0.991727,9.711824,0.006544,0.161444,0.089485
2.185408,1.013287,9.661519,0.029980,0.178488,0.075637
2.127916,1.097128,9.455508,0.070460,0.185945,0.041548
2.096775,1.188157,9.273451,0.103483,0.145465,0.013851
2.056052,1.238461,9.201587,0.112005,0.111376,0.001068
1.996165,1.324699,9.194400,0.105614,0.040003,-0.01810
1.974605,1.367817,9.235124,0.077917,-0.00473,-0.02982
1.986583,1.353445,9.249497,0.058742,-0.01538,-0.03301
2.022515,1.286371,9.316570,0.014001,-0.02923,-0.02769
2.075216,1.209716,9.381248,-0.00730,-0.03030,-0.00212
2.106357,1.164202,9.445926,-0.01263,-0.01858,0.013851
2.147080,1.106710,9.445926,-0.01049,0.013372,0.039418
2.194989,1.097128,9.362084,0.006544,0.046395,0.061788
2.180617,1.089942,9.362084,0.018262,0.059178,0.067114
2.130311,1.113897,9.402808,0.045959,0.071961,0.070310
2.108752,1.137851,9.465089,0.055546,0.083679,0.059658
2.065634,1.168993,9.524977,0.051285,0.090071,0.050070
2.029701,1.178575,9.496231,0.041698,0.085810,0.035157
1.981792,1.188157,9.398016,0.038502,0.081549,0.027700
1.984187,1.197738,9.345315,0.042763,0.063439,0.018112
1.979396,1.207320,9.314174,0.057677,0.050656,0.011721
1.921905,1.214507,9.376457,0.069395,0.049591,0.008525
1.902741,1.214507,9.400412,0.069395,0.053852,0.006394
1.931487,1.231275,9.417181,0.052351,0.063439,-0.00532
1.883577,1.286371,9.455508,0.039567,0.061309,-0.01277
1.816504,1.341467,9.462695,0.018262,0.033612,-0.02236
1.804527,1.458846,9.323757,-0.00943,-0.01325,-0.03301
1.838063,1.511546,9.103372,-0.02967,-0.05480,-0.03834
1.866809,1.506755,9.072232,-0.02754,-0.06332,-0.02556
1.957837,1.413331,9.112955,-0.00730,-0.04841,0.028765
2.094379,1.212111,9.235124,0.010805,0.020829,0.107594
2.199780,1.068383,9.417181,0.012936,0.076222,0.152336
2.357882,0.747388,9.841180,0.035306,0.193401,0.227969
2.312368,0.572519,10.09749,0.066199,0.332951,0.275906
2.190198,0.596473,10.13821,0.089635,0.408585,0.276971
1.804527,0.833626,10.07593,0.162073,0.500197,0.197077
1.416459,1.236066,9.673497,0.222793,0.460783,0.033026
1.243985,1.473218,9.421971,0.234511,0.385149,-0.06284
1.018810,1.856495,9.019531,0.205749,0.126290,-0.22796
1.011623,2.043342,8.789565,0.119462,-0.17517,-0.31424
1.105047,2.048133,8.784774,0.063003,-0.28703,-0.32170
1.392504,1.949919,8.842266,-0.04352,-0.41166,-0.26205
1.723080,1.691207,9.283034,-0.13833,-0.41166,-0.14061
1.835668,1.528315,9.429158,-0.17561,-0.38929,-0.07776
2.223735,1.180970,9.613610,-0.23420,-0.29768,0.062853
2.571079,0.943818,9.601632,-0.21929,-0.15600,0.162988
2.645339,0.879140,9.589654,-0.17881,-0.08676,0.204533
2.626176,0.840812,9.517790,-0.12448,-0.01645,0.237557
2.393814,0.936631,9.510603,-0.06376,0.041069,0.256731
2.238108,1.003705,9.508209,0.035306,0.130551,0.234361
1.897950,1.180970,9.510603,0.071525,0.162509,0.199207
1.620075,1.363026,9.445926,0.116266,0.188075,0.106529
1.526651,1.432495,9.386039,0.129050,0.189140,0.010655
1.399691,1.540292,9.316570,0.127984,0.177422,-0.02982
1.368549,1.590597,9.263870,0.116266,0.139073,-0.07989
1.435623,1.564247,9.304593,0.097092,0.087940,-0.09693
1.531442,1.525919,9.328548,0.083243,0.068766,-0.09373
1.735058,1.403750,9.407598,0.049155,0.031481,-0.07030
1.869204,1.281580,9.508209,0.001218,-0.00686,-0.03834
1.931487,1.233671,9.553723,-0.05097,-0.04521,0.005329
2.020119,1.152224,9.560909,-0.07121,-0.06226,0.023439
2.020119,1.121083,9.496231,-0.09039,-0.07610,0.043679
1.993769,1.140247,9.460299,-0.07548,-0.06971,0.049005
1.873995,1.207320,9.421971,-0.06056,-0.06226,0.046874
1.773385,1.291162,9.400412,-0.02541,-0.04095,0.034091
1.725476,1.329490,9.438739,0.007609,-0.00793,0.011721
1.667984,1.401354,9.414785,0.020393,0.008046,0.001068
1.679962,1.410936,9.386039,0.035306,0.030416,-0.01384
1.718289,1.415727,9.359688,0.027849,0.032547,-0.02023
1.756617,1.403750,9.335734,0.020393,0.026155,-0.02130
1.833272,1.355840,9.369271,0.007609,-0.00260,-0.01277
1.933882,1.288767,9.366875,-0.00410,-0.01645,-0.00532
1.967419,1.260021,9.390830,-0.01795,-0.02817,0.002133
1.943464,1.231275,9.460299,-0.03180,-0.03456,0.006394
1.941069,1.219298,9.472276,-0.04778,-0.03989,0.011721
1.881182,1.228880,9.544140,-0.05204,-0.03243,0.007460
1.862018,1.245648,9.556118,-0.05524,-0.02817,0.000003
1.794945,1.291162,9.481858,-0.05097,-0.02710,-0.01171
1.792549,1.310326,9.433949,-0.04671,-0.02710,-0.01597
1.782967,1.315117,9.388435,-0.02221,-0.01006,-0.02130
1.816504,1.329490,9.369271,-0.00304,-0.00367,-0.02130
1.830877,1.334281,9.419575,0.031045,0.012307,-0.01491
1.826086,1.334281,9.501022,0.038502,0.018698,-0.00745
1.890764,1.305535,9.481858,0.034241,0.015502,-0.00106
1.907532,1.281580,9.436344,0.008675,0.001654,0.002133
1.957837,1.228880,9.321361,-0.00091,-0.00580,0.004264
1.950651,1.231275,9.350107,0.005479,-0.01752,0.010655
1.933882,1.252835,9.364480,0.015066,-0.02284,0.015982
1.821295,1.307930,9.436344,0.028915,-0.01858,0.020243
1.778176,1.355840,9.510603,0.027849,-0.00473,0.014917
1.773385,1.377399,9.548932,0.021458,0.016568,0.000003
1.785363,1.370213,9.515395,0.021458,0.025090,-0.00638
1.833272,1.360631,9.441135,0.026784,0.033612,-0.01277
1.857227,1.358236,9.431553,0.029980,0.028286,-0.00638
1.857227,1.343863,9.438739,0.037437,0.022959,0.000003
1.866809,1.336676,9.398016,0.055546,0.012307,0.011721
1.862018,1.348654,9.436344,0.067264,0.009111,0.018112
1.862018,1.370213,9.479463,0.067264,0.011241,0.017047
1.888368,1.377399,9.429158,0.073656,0.011241,0.019178
1.890764,1.382190,9.347711,0.072591,0.005915,0.017047
1.885973,1.379795,9.254287,0.070460,-0.00047,0.017047
1.876391,1.384586,9.242310,0.065134,-0.00580,0.014917
1.780572,1.466032,9.515395,0.071525,-0.00367,0.013851
1.730267,1.475614,9.651937,0.093896,0.022959,0.009590
1.696730,1.458846,9.778898,0.093896,0.036808,0.009590
1.644029,1.456450,9.771711,0.084308,0.047460,0.009590
1.677566,1.442077,9.644751,0.055546,0.009111,0.019178
1.883577,1.466032,9.338129,0.052351,-0.01965,0.028765
1.957837,1.511546,9.213564,0.071525,-0.07504,0.043679
2.060843,1.576224,8.976412,0.124788,-0.12511,0.041548
2.113543,1.604970,8.880593,0.149290,-0.13789,0.047940
2.111148,1.592993,8.890175,0.173791,-0.12298,0.044744
2.115939,1.578619,8.916525,0.174856,-0.10700,0.039418
2.115939,1.557060,8.962039,0.141833,-0.06332,0.030895
2.010538,1.537896,9.165655,0.083243,-0.01965,0.023439
1.835668,1.557060,9.527372,0.055546,0.009111,0.019178
1.782967,1.564247,9.560909,0.033176,0.036808,0.012786
1.747035,1.573829,9.572886,0.012936,0.060243,0.003199
1.723080,1.564247,9.498626,-0.02434,0.092201,-0.02023
1.775781,1.566642,9.321361,-0.04032,0.093267,-0.03195
1.809318,1.576224,9.263870,-0.02754,0.078353,-0.03301
1.778176,1.561851,9.467485,-0.01902,0.070896,-0.02556
1.785363,1.573829,9.601632,-0.00304,0.057048,-0.01064
1.794945,1.595388,9.601632,0.001218,0.059178,-0.00319
1.782967,1.595388,9.520186,-0.00197,0.083679,0.009590
1.766199,1.588201,9.498626,-0.00091,0.101789,0.018112
1.802131,1.626529,9.330943,0.021458,0.074092,0.021308
1.804527,1.640902,9.235124,0.031045,0.063439,0.018112
1.794945,1.631320,9.194400,0.057677,0.044265,0.010655
1.794945,1.621738,9.223147,0.071525,0.037873,0.010655
1.806922,1.607365,9.330943,0.080047,0.027220,0.009590
1.830877,1.588201,9.505813,0.051285,0.020829,0.002133
1.811713,1.592993,9.527372,0.007609,0.003785,0.002133
1.785363,1.595388,9.486649,-0.01582,-0.00580,0.000003
1.806922,1.592993,9.421971,-0.04671,-0.01965,-0.00106
1.806922,1.595388,9.311779,-0.03393,-0.01006,-0.00532
1.794945,1.585806,9.318965,-0.01582,-0.00473,-0.01064
1.782967,1.607365,9.330943,0.017197,0.005915,-0.00958
1.732662,1.619343,9.381248,0.025719,0.008046,-0.00851
1.701521,1.648088,9.448322,0.009740,0.004850,-0.01171
1.737453,1.631320,9.429158,0.001218,0.004850,-0.01384
1.737453,1.631320,9.433949,-0.00836,0.006980,-0.01917
1.792549,1.614552,9.421971,-0.00943,0.010176,-0.02130
1.804527,1.614552,9.393225,-0.00410,-0.00047,-0.01277
1.823690,1.612156,9.362084,0.000153,-0.00686,-0.00532
1.835668,1.595388,9.340525,0.001218,-0.00793,-0.00425
1.821295,1.590597,9.386039,0.010805,-0.00793,0.001068
1.804527,1.588201,9.393225,0.015066,-0.00473,0.000003
1.735058,1.604970,9.409994,0.014001,0.002719,-0.00319
1.701521,1.616947,9.414785,0.008675,0.010176,-0.00745
1.682357,1.631320,9.409994,0.005479,0.014437,-0.00958
1.706312,1.672043,9.431553,0.005479,0.014437,-0.01491
1.739849,1.672043,9.330943,0.007609,0.013372,-0.01810
1.797340,1.636111,9.271056,0.006544,0.012307,-0.01704
1.847645,1.590597,9.306988,0.004414,0.006980,-0.01064
1.835668,1.578619,9.350107,0.012936,0.003785,-0.00212
1.790154,1.576224,9.383644,0.014001,0.006980,0.007460
1.708707,1.583410,9.508209,-0.00517,0.009111,0.008525
1.675171,1.600179,9.536954,-0.02221,0.015502,0.003199
1.641634,1.624134,9.522582,-0.02434,0.016568,-0.00212
1.646425,1.640902,9.445926,-0.02434,0.027220,-0.01064
1.644029,1.636111,9.400412,-0.00836,0.038938,-0.01171
1.687148,1.648088,9.321361,0.004414,0.035742,-0.01064
1.756617,1.643297,9.330943,0.020393,0.021894,-0.00319
1.768594,1.631320,9.350107,0.022523,0.001654,0.004264
1.816504,1.626529,9.347711,0.022523,-0.00473,0.007460
1.794945,1.621738,9.421971,0.012936,-0.01112,0.017047
1.792549,1.612156,9.405202,-0.00517,-0.01006,0.014917
1.785363,1.607365,9.347711,-0.00730,-0.00793,0.012786
1.735058,1.628925,9.338129,-0.00623,-0.00047,0.010655
1.737453,1.633716,9.390830,-0.00623,0.002719,0.001068
1.715894,1.633716,9.455508,-0.00091,0.004850,0.000003
1.703916,1.636111,9.455508,0.006544,0.016568,-0.00532
1.727871,1.624134,9.431553,0.001218,0.021894,-0.00851
1.706312,1.621738,9.371666,-0.00943,0.019763,-0.00425
1.694334,1.616947,9.347711,-0.00836,0.015502,-0.00425
1.708707,1.609761,9.386039,0.002283,0.009111,-0.00319
1.718289,1.621738,9.450716,0.005479,0.012307,-0.00319
1.718289,1.614552,9.460299,0.002283,0.010176,-0.00745
1.718289,1.612156,9.429158,-0.00091,0.005915,-0.00532
1.711103,1.616947,9.412389,-0.00943,0.004850,-0.00212
1.723080,1.619343,9.386039,-0.00730,0.001654,-0.00532
1.727871,1.621738,9.369271,0.002283,0.000589,-0.00319
1.723080,1.636111,9.364480,0.005479,-0.00154,-0.00425
1.703916,1.640902,9.407598,0.006544,-0.00367,-0.00638
1.701521,1.619343,9.386039,0.004414,-0.00580,-0.00425
1.723080,1.612156,9.359688,0.004414,-0.00367,-0.00532
1.723080,1.604970,9.357294,0.005479,0.002719,-0.00425
1.723080,1.600179,9.364480,0.002283,0.008046,-0.00425
1.696730,1.602574,9.441135,0.011871,0.009111,0.001068
1.675171,1.604970,9.474672,0.003348,0.010176,-0.00106
1.682357,1.612156,9.472276,-0.01156,0.002719,-0.00212
1.677566,1.631320,9.448322,-0.01902,0.000589,-0.00425
1.694334,1.645693,9.376457,-0.02115,0.001654,-0.00638
1.718289,1.652879,9.366875,-0.00623,-0.00367,-0.00319
1.737453,1.640902,9.295011,-0.00091,-0.00367,-0.00212
1.780572,1.609761,9.340525,0.010805,-0.00367,-0.00425
1.773385,1.600179,9.400412,0.015066,-0.00686,0.002133
1.751826,1.595388,9.457903,0.012936,-0.00473,0.003199
1.730267,1.595388,9.445926,0.002283,0.001654,0.004264
1.701521,1.597783,9.450716,-0.01263,0.008046,0.004264
1.648820,1.614552,9.405202,-0.01582,0.008046,0.000003
1.644029,1.638506,9.386039,-0.00943,0.002719,-0.00532
1.658402,1.640902,9.369271,0.001218,0.002719,-0.00958
1.646425,1.633716,9.426762,0.004414,0.005915,-0.01064
1.667984,1.640902,9.421971,0.012936,0.009111,-0.00638
1.694334,1.633716,9.407598,0.010805,0.010176,0.001068
1.735058,1.626529,9.376457,0.007609,0.009111,0.005329
1.756617,1.626529,9.357294,0.004414,0.002719,0.008525
1.770990,1.614552,9.388435,0.000153,-0.01112,0.012786
1.780572,1.609761,9.395621,-0.00304,-0.01538,0.012786
1.782967,1.597783,9.407598,-0.01049,-0.01965,0.009590
1.747035,1.600179,9.431553,-0.00943,-0.01325,0.010655
1.735058,1.607365,9.450716,-0.00517,-0.00580,0.009590
1.735058,1.621738,9.433949,0.000153,-0.00047,0.008525
1.713498,1.633716,9.383644,0.003348,0.004850,0.003199
1.699126,1.643297,9.364480,0.002283,0.004850,-0.00106
1.701521,1.655275,9.342921,0.007609,0.003785,0.000003
1.696730,1.648088,9.352502,0.016132,0.003785,-0.00106
1.701521,1.638506,9.376457,0.020393,0.010176,-0.00425
1.713498,1.631320,9.429158,0.020393,0.012307,-0.00425
1.694334,1.626529,9.484253,0.016132,0.018698,-0.00106
1.696730,1.624134,9.460299,0.007609,0.021894,0.002133
1.711103,1.631320,9.381248,0.002283,0.018698,0.003199
1.711103,1.631320,9.347711,-0.00410,0.006980,-0.00212
1.713498,1.628925,9.369271,-0.00304,0.003785,-0.00425
1.699126,1.660066,9.441135,0.004414,-0.00260,-0.00425
1.667984,1.648088,9.467485,0.010805,-0.00473,-0.00425
1.677566,1.645693,9.429158,0.014001,0.002719,-0.00638
1.687148,1.645693,9.333338,0.005479,0.004850,-0.00745
1.701521,1.643297,9.335734,0.002283,0.004850,-0.00745
1.715894,1.645693,9.369271,-0.00197,0.004850,-0.00745
