leftRight
3.205881,2.551184,7.539125,0.005196,0.191124,0.261192
3.093294,2.658980,7.455283,-0.25898,0.426548,0.116316
2.520775,2.697308,9.362084,-0.38362,0.595925,0.024704
1.782967,2.814687,10.37776,-0.04167,0.476615,-0.01044
1.603306,2.900924,9.927417,0.079764,0.435070,-0.00831
1.526651,2.862596,8.727282,0.161790,0.455310,0.002333
1.461973,2.939251,8.020616,0.090417,0.603381,-0.00192
1.373340,2.975184,7.893656,0.038219,0.739735,-0.00086
0.946945,3.099749,8.188300,-0.08108,0.996464,0.027899
0.328912,3.142867,8.969225,-0.13967,1.145601,0.123773
0.118110,3.142867,9.261474,-0.10452,1.213777,0.182363
-0.51908,2.987161,9.148886,0.046741,1.402329,0.332565
-0.30109,3.037466,9.139305,0.100004,1.498203,0.435895
-0.39691,2.965602,9.065045,0.059524,1.363980,0.424177
-0.75384,2.668562,8.820706,-0.14926,1.007116,0.392220
-1.00536,2.450574,9.000367,-0.26324,0.866501,0.377306
-1.46290,2.464947,9.592050,-0.34953,0.731213,0.362392
-1.58747,2.450574,9.814829,-0.36871,0.520291,0.358131
-1.52039,2.234981,9.405202,-0.30266,0.412699,0.374110
-1.35271,1.846913,9.057858,-0.13861,0.171950,0.359196
-1.85815,2.079275,8.475757,-0.10665,0.092055,0.262257
-2.38276,2.371523,8.550017,-0.14820,0.000442,0.153601
-2.63908,2.282890,8.789565,-0.22170,-0.08158,0.102468
-2.76125,2.254145,8.899757,-0.39747,-0.19130,0.121643
-3.06548,2.488901,9.833993,-0.51039,-0.23071,0.182363
-2.73250,2.776359,10.63408,-0.51252,-0.18278,0.205798
-2.72053,2.781150,10.36818,-0.35060,-0.02299,0.281432
-1.39822,2.690122,8.851847,-0.03421,-0.34683,0.395415
-0.83768,2.876969,8.636254,0.096809,-0.67919,0.442287
-0.66521,3.238686,8.612299,0.249141,-0.65682,0.370914
-0.49513,3.626754,8.648232,0.316253,-0.41181,0.314455
0.520550,3.466257,8.550017,0.436628,-0.16147,0.347478
1.893159,2.079275,9.088999,0.610266,0.050510,0.505137
2.159057,1.818167,9.136909,0.868059,0.247583,0.917395
2.333927,2.711681,8.564390,0.751946,-0.25202,0.792759
2.896865,3.317737,8.497317,0.641158,-0.62273,0.602077
2.870514,3.094958,7.790650,0.570851,-0.72713,0.440156
2.185408,2.831455,6.873182,0.657137,-0.43311,0.463592
2.032097,3.123703,7.165431,0.596417,-0.38411,0.425243
1.495510,3.621963,9.215960,0.127701,-0.53431,0.318716
0.855917,3.140472,11.71683,-0.34420,-0.62273,0.331500
1.478742,3.051839,11.83900,-0.41877,-0.53964,0.389024
1.912323,2.917692,11.33595,-0.26538,-0.44590,0.571184
3.081316,2.402664,9.359688,0.009457,-0.63125,0.741626
3.181927,2.570348,9.441135,0.130897,-0.71541,0.778910
2.738763,2.692517,9.592050,0.277903,-0.61527,0.706472
2.060843,2.977579,9.788479,0.349276,-0.13484,0.450809
2.518379,3.471048,7.414560,0.436628,0.071815,0.344283
2.460888,3.221918,6.923487,0.430236,-0.01020,0.208994
2.159057,2.821873,8.906943,0.317318,-0.31913,0.171710
1.344595,3.042257,10.61731,-0.02995,-0.25628,0.102468
0.927781,3.221918,10.63168,-0.40386,-0.14656,-0.04560
0.343285,3.389601,9.810039,-0.26644,0.018552,-0.10738
0.156437,3.578844,9.045881,-0.16737,0.031335,-0.10419
0.271420,3.291387,8.866220,-0.11730,0.060097,-0.00618
0.530132,2.833850,8.207464,-0.23022,0.148514,0.180232
0.712188,2.613466,7.931983,-0.29201,0.295520,0.259062
1.188889,1.698394,8.456593,-0.45606,0.575685,0.332565
-0.56699,2.031365,10.96945,-0.58069,0.708842,0.318716
-2.03063,2.692517,12.62951,-0.85660,1.382089,-0.01364
-3.44636,3.624358,13.86798,-0.79375,1.650535,-0.25972
-3.25711,3.279409,12.70138,-0.69255,1.463049,-0.22669
-1.87971,1.386981,8.672186,-0.45712,0.207103,0.299542
-1.56591,1.171388,7.948752,-0.37510,-0.45762,0.605272
-0.03759,2.007410,8.607508,-0.34953,-0.83365,0.890763
-0.33223,3.497398,9.484253,-0.35699,-0.53431,0.938700
-1.28324,3.830369,10.18852,-0.27922,0.372219,0.875849
-2.85946,3.322528,10.66522,-0.10239,1.179689,0.820456
-1.81743,1.295953,10.48795,-0.00119,1.290476,0.986637
-0.31068,0.344948,10.33464,0.155398,0.724821,1.673732
3.272955,-1.03245,9.005158,0.254468,-0.28930,2.344847
4.310197,-0.18205,8.099667,0.323710,-0.57479,2.420481
3.529271,0.548564,8.478153,0.306666,-0.07838,1.566140
2.501611,2.472133,9.060254,-0.12370,0.444657,0.261192
3.011848,3.049443,8.717700,-0.25792,0.398851,-0.11697
3.098085,2.318822,8.772796,-0.20572,0.735474,-0.08927
2.789068,2.333195,9.271056,0.015849,1.256388,0.346413
2.530356,2.488901,11.28325,0.088287,1.572771,0.463592
3.263373,1.384586,11.29044,0.060590,1.900872,0.494485
3.438243,1.176179,11.17785,0.107461,1.962658,0.578641
3.874220,0.725829,10.53586,0.065916,1.461984,0.604207
3.931711,0.680315,10.43525,0.202270,0.997529,0.403937
4.944999,0.867162,11.69528,0.076569,0.419091,0.133361
4.319779,0.462327,11.09641,-0.10559,0.114425,-0.23628
3.958062,0.632405,10.55503,-0.12583,-0.06773,-0.44614
3.507712,0.776134,10.62450,-0.02036,-0.48744,-0.68902
2.171035,0.924654,10.75864,0.113853,-0.35642,-0.96279
1.526651,0.929445,10.80416,0.154333,-0.28185,-1.07890
1.337408,0.840812,10.70115,0.175638,-0.24137,-1.18117
0.786448,0.725829,10.86884,0.122375,-0.32126,-1.22591
0.240279,0.361716,12.88104,0.084025,-0.36707,-1.26213
-0.43764,0.577309,10.78260,-0.00652,-0.43098,-1.35800
-0.95506,0.960586,10.42088,-0.13435,-1.15430,-1.54762
-1.30001,0.859976,9.956163,-0.18761,-1.43233,-1.67226
-1.50123,0.883931,9.948976,-0.28562,-1.74019,-1.82246
-2.48577,1.271998,10.23882,-0.37403,-1.67202,-1.81820
-3.67393,1.612156,9.886694,-0.38788,-1.56016,-1.82352
-4.10511,1.834936,9.661519,-0.34101,-1.38653,-1.83311
-4.52911,2.060111,9.338129,-0.25259,-1.40570,-1.68717
-4.27759,2.263726,8.401497,-0.20998,-1.49412,-1.54549
-4.19614,2.278099,8.382333,-0.15991,-1.64645,-1.18437
-4.49079,2.028970,9.318965,-0.22596,-1.36096,-0.77530
-4.68722,1.719953,9.752547,-0.31544,-1.08399,-0.62191
-4.62254,1.537896,10.02802,-0.46778,-0.89224,-0.38968
-4.92916,1.298349,9.855553,-0.50719,-0.92740,-0.15852
-4.10032,1.940337,9.091395,-0.51678,-0.95509,-0.12975
-4.10032,2.005015,8.947667,-0.41877,-1.06801,-0.09247
-4.07876,1.633716,9.189610,-0.24514,-0.72287,-0.01897
-3.06787,1.063592,8.006243,-0.19613,-0.48425,0.170645
-2.90498,0.912676,7.167826,0.130897,0.157036,0.538161
-3.42480,1.200134,6.518651,0.462194,0.479811,0.688363
-4.05002,1.564247,6.489905,0.489891,0.670493,0.667058
-4.53390,1.542687,7.828978,0.402539,1.284085,0.628708
-3.92545,0.907886,8.914130,0.088287,1.603664,0.777845
-3.38168,0.998914,8.629068,-0.17483,1.387415,0.886502
-3.12057,0.637196,8.169136,-0.36551,0.719495,0.968527
-2.16478,-0.01197,7.428933,-0.18974,0.467028,1.048422
-2.49056,-0.14851,8.475757,-0.13115,0.485137,1.110207
-1.73119,-0.46951,9.227937,-0.21957,0.584207,1.195428
-1.61861,-0.64917,9.747756,-0.44434,0.683276,1.298759
-1.18023,-0.98214,10.65564,-0.47097,0.888872,1.411677
-1.27605,-0.79769,11.00777,-0.42943,1.032683,1.462810
-1.74796,-0.40004,10.40411,-0.27283,1.229756,1.524595
-0.26995,-0.48388,9.838785,-0.19507,1.166906,1.551226
0.120505,-0.45514,10.45681,-0.22276,0.787672,1.730191
0.525341,-0.58928,11.37189,-0.57963,0.507508,1.926199
1.016414,-0.72103,11.37907,-0.74474,0.441461,1.960288
1.749431,-1.03484,11.90129,-0.77990,0.366893,1.981593
2.199780,-1.31511,12.21509,-0.59348,0.494725,2.039117
3.086107,-1.69599,12.34206,-0.38895,0.807912,2.100902
3.651440,-1.53310,12.00669,-0.29201,0.838805,2.076401
4.295824,-1.16659,11.22816,-0.17909,0.514964,1.916612
4.616818,-1.18815,11.00298,-0.18122,0.343457,1.801563
4.944999,-1.28397,11.49645,-0.24833,0.051575,1.561879
5.220479,-1.28397,12.82594,-0.34634,0.012160,1.372262
5.256411,-1.18815,12.56963,-0.34207,0.054771,1.291302
5.519914,-1.22888,11.54915,-0.10026,0.225213,1.065466
6.257721,-1.16420,10.68917,0.313057,0.290194,0.864131
5.872049,-1.21450,10.86404,0.375908,0.240127,0.618055
5.354626,-1.24085,11.41980,0.304535,0.129339,0.431634
5.059982,-1.46363,11.30960,0.231032,-0.09223,0.095011
5.455236,-1.57862,10.44963,0.407866,0.082468,-0.12230
5.697179,-1.25762,9.450716,0.570851,0.242257,-0.21924
5.460027,-1.08275,9.908253,0.827579,0.358371,-0.43655
4.511417,-1.37021,10.67720,0.681638,0.115491,-0.64534
3.560412,-1.80379,11.33116,0.513327,-0.14123,-0.73589
3.256186,-1.75828,11.39824,0.265120,-0.73139,-0.91592
2.836978,-1.41333,10.87123,0.243815,-1.05949,-1.05760
2.736368,-1.26002,10.52868,0.304535,-1.19158,-1.11193
2.681272,-1.00610,9.730988,0.438758,-1.25550,-1.23337
2.132707,-1.01089,9.948976,0.499478,-1.19371,-1.27917
1.339804,-1.01089,10.09989,0.433432,-1.15110,-1.37505
0.927781,-0.85518,9.975327,0.325840,-1.02860,-1.49116
0.534923,-0.42879,9.489045,0.267251,-1.00197,-1.55934
-0.09987,-0.25152,9.021926,0.228901,-1.08293,-1.56893
-0.43524,-0.20122,8.775192,0.107461,-1.19052,-1.61154
-0.94069,0.033536,8.435034,0.005196,-1.13193,-1.64243
-1.89888,0.344948,8.341610,-0.04274,-1.05736,-1.62538
-2.29413,0.582100,8.528458,-0.17376,-0.94870,-1.57532
-2.85228,0.852790,9.357294,-0.33781,-0.80702,-1.48157
-3.28107,0.907886,9.474672,-0.41771,-0.71434,-1.41659
-3.47510,0.850394,9.359688,-0.51252,-0.62593,-1.28663
-3.72184,0.651569,9.187214,-0.53063,-0.63765,-1.20887
-3.97815,0.507841,9.352502,-0.57430,-0.65895,-1.01499
-3.78652,0.447954,9.570491,-0.60413,-0.57160,-0.85200
-3.34096,0.217988,10.19810,-0.60413,-0.47359,-0.76785
-3.46073,0.383276,10.56221,-0.56578,-0.22113,-0.62510
-3.88233,0.831230,10.66043,-0.47417,0.021748,-0.63788
-6.10055,2.433805,9.970536,-0.27390,0.212430,-0.79235
-6.79045,2.989557,9.608819,-0.13967,0.314695,-0.88290
-7.13779,3.281805,9.323757,0.265120,0.599120,-0.85413
-7.07551,3.061421,8.923711,0.345015,0.656645,-0.69860
-5.88975,2.352359,9.031508,0.386560,0.712038,-0.48342
-5.37951,2.117602,9.168050,0.371647,0.759975,-0.00086
-4.90041,1.945128,8.959644,0.305600,0.787672,0.358131
-4.55067,1.595388,8.137994,0.318383,0.813238,0.460396
-4.26082,1.422914,7.941565,0.388691,0.879285,0.644687
-3.49187,0.924654,8.128413,0.302405,0.881415,0.864131
-3.08224,0.589287,8.370356,0.166051,0.839870,0.971723
-2.33006,0.043118,8.705723,-0.16631,0.697125,1.143230
-1.93960,-0.32818,9.266265,-0.36338,0.589533,1.236974
-1.44374,-0.51023,9.601632,-0.39747,0.601251,1.263605
-1.52518,-0.45035,9.510603,-0.37297,0.780215,1.328586
-1.56830,-0.25631,9.589654,-0.26964,0.971963,1.365871
-1.27366,-0.26589,9.934603,-0.24514,1.051857,1.390372
-0.92152,-0.38088,10.33944,-0.29840,1.148796,1.496898
0.113319,-0.59647,11.34554,-0.46458,1.109382,1.654557
0.764889,-0.68989,11.90608,-0.56258,1.050792,1.725930
0.932572,-0.65636,12.05699,-0.68189,0.911243,1.775997
1.354177,-0.58689,12.17916,-0.67444,0.743996,1.737648
2.048865,-0.63240,12.37799,-0.63822,0.676885,1.726995
3.028616,-0.64198,12.40673,-0.52743,0.602316,1.735517
3.498130,-0.61324,12.23426,-0.37190,0.545857,1.741909
4.379666,-0.54377,11.70725,-0.16418,0.457440,1.697167
4.758152,-0.55575,11.31200,-0.06724,0.389263,1.650296
5.335462,-0.67792,10.25799,0.086156,0.208169,1.517138
5.855281,-0.90070,9.189610,0.194813,0.003638,1.330717
6.137947,-1.15941,9.184819,0.208661,-0.06453,1.225256
6.696094,-1.89482,10.45202,0.049937,-0.17106,1.006877
7.515347,-2.79552,11.62820,-0.31012,-0.29570,0.755474
7.795618,-3.60040,12.04262,-0.45073,-0.40116,0.612729
7.714172,-3.97649,12.41152,-0.56791,-0.64404,0.245213
7.350059,-4.02200,12.62951,-0.56898,-0.74311,0.001268
5.934331,-4.02440,12.62712,-0.43049,-0.80489,-0.82431
5.143824,-3.89504,12.34924,-0.31438,-0.76228,-1.11512
3.656231,-3.54530,11.55873,-0.03634,-0.68665,-1.61899
2.714808,-3.21233,11.02454,0.082960,-0.68558,-1.81500
2.202176,-2.94164,10.90716,0.177769,-0.71967,-2.07812
0.846335,-2.62065,10.91674,0.100004,-0.82087,-2.25389
-0.54304,-2.13197,11.38386,0.030762,-0.87094,-2.32633
-0.93350,-2.02178,11.60904,-0.11837,-0.92207,-2.40303
-0.84247,-1.96189,11.70725,-0.21318,-1.00090,-2.33485
-0.60771,-1.95471,11.06766,-0.22490,-1.05949,-2.25496
-0.72749,-1.88045,10.41370,-0.16631,-1.17134,-2.11008
-1.68089,-1.36302,9.371666,-0.02782,-1.18519,-2.10475
-2.93612,-0.83362,8.600322,0.005196,-1.17241,-2.14097
-3.30742,-0.58689,8.561994,-0.05019,-1.08506,-2.17826
-3.24514,-0.68750,9.493836,-0.18655,-0.94657,-2.06001
-3.29784,-0.58449,10.55263,-0.28029,-0.84857,-1.94177
-3.60685,-0.48628,10.97184,-0.43049,-0.66854,-1.73724
-4.49318,-0.31141,10.70355,-0.38362,-0.56308,-1.67971
-5.36274,0.189242,10.15259,-0.28562,-0.52153,-1.65415
-5.61187,0.400044,10.07354,-0.03847,-0.42353,-1.56573
-5.55677,0.804880,10.20289,0.131962,-0.27972,-1.37824
-5.76997,1.094733,9.972931,0.189487,-0.21474,-1.24082
-5.99275,1.224089,9.493836,0.340754,-0.16573,-1.00434
-6.69942,1.681625,8.106853,0.586830,-0.20089,-0.80726
-7.14977,1.925964,7.230108,0.731706,-0.21260,-0.70287
-7.19049,2.105625,5.780844,0.992695,-0.11354,-0.42909
-6.43831,2.170303,5.972482,1.146093,0.266758,0.022573
-5.73404,1.808585,5.845522,1.164203,0.583141,0.270779
-5.39388,1.681625,5.649093,1.138636,1.198864,0.671319
-5.57833,1.600179,5.498178,0.973521,1.397003,0.901416
-6.17960,1.336676,6.832459,0.786034,1.359719,0.946157
-6.08857,0.929445,7.716391,0.254468,1.259584,1.036704
-4.08355,-0.39764,10.90716,-0.24620,1.292607,1.291302
-3.46313,-0.73541,11.35512,-0.41984,1.341609,1.467071
-2.88102,-0.98454,11.64018,-0.53276,1.406590,1.863349
-2.22945,-1.14983,11.57790,-0.44327,1.431091,1.903829
-1.97314,-1.20492,11.69767,-0.34207,1.469441,1.919808
-1.57788,-1.31272,11.91326,-0.16844,1.539748,1.916612
-0.16695,-1.43249,12.02585,-0.06830,1.615382,1.973071
0.666674,-1.07317,11.42459,0.005196,1.667580,2.033791
0.867894,-0.89111,11.06526,0.236358,1.835891,2.084923
1.093069,-0.45274,10.09749,0.496282,2.233235,2.009289
1.239194,-0.18924,10.15738,0.564459,2.418591,1.967744
1.521860,-0.14851,10.72032,0.391887,2.508073,1.870805
2.403396,-0.34494,12.23905,-0.19400,2.124578,1.800498
3.112458,-0.55814,13.08465,-0.49228,1.855066,1.780258
3.890988,-0.69468,13.73143,-0.87684,1.438548,1.748300
4.602446,-0.76176,14.10752,-0.89282,1.210582,1.641774
5.651665,-0.63001,14.39019,-0.81292,1.096598,1.532052
6.178670,-0.46472,14.32072,-0.62330,0.758910,1.232713
6.391868,-0.44316,14.16262,-0.53489,0.554379,1.062270
6.660161,-0.29224,13.56614,-0.34740,0.160232,0.720321
6.899709,-0.33057,13.08705,-0.19720,-0.17532,0.378371
6.760772,-0.40962,12.90499,-0.08002,-0.46188,-0.00405
6.260117,-0.55335,12.41152,-0.01291,-0.55882,-0.20752
5.565428,-0.61563,11.91806,0.129832,-0.71647,-0.60486
4.415598,-0.53898,11.63778,0.244880,-0.80809,-0.99049
3.799960,-0.57012,11.61862,0.271512,-0.85709,-1.16839
2.939983,-0.75697,11.58987,0.274708,-0.99025,-1.44535
2.575870,-0.85997,11.63778,0.234228,-1.17028,-1.64456
1.907532,-1.07077,11.81745,0.200139,-1.27361,-1.74469
1.248776,-1.20253,12.22468,0.167116,-1.35883,-1.83098
-0.02322,-1.27918,12.72773,0.134093,-1.43020,-1.91833
-0.90475,-1.21929,12.94092,0.122375,-1.50797,-2.08984
-1.94439,-1.03484,13.29306,0.153268,-1.49199,-2.16867
-1.84857,-1.25283,13.13017,0.277903,-1.39824,-2.21767
-1.48686,-1.45884,13.10382,0.407866,-1.37800,-2.08025
-1.53956,-1.63132,13.46793,0.501609,-1.39718,-1.94922
-2.71813,-1.29116,13.05112,0.500544,-1.42914,-1.95455
-3.37928,-0.99891,12.58879,0.496282,-1.58679,-2.11434
-4.08116,-0.63959,11.32877,0.533567,-1.82754,-2.23258
-3.82963,-0.37129,10.18612,0.546350,-1.93088,-2.21128
-3.67393,-0.25871,9.678287,0.522914,-2.07362,-2.04190
-3.65237,0.122169,8.607508,0.434497,-2.08427,-1.87892
-3.78891,0.570123,8.008639,0.390821,-2.03527,-1.82139
-4.04762,0.788112,7.965520,0.278969,-1.85950,-1.74256
-5.02498,1.329490,7.982288,0.085091,-1.68693,-1.66267
-5.52084,1.717557,8.018220,-0.00865,-1.61130,-1.62325
-5.60947,1.775049,8.070921,-0.11943,-1.40144,-1.46666
-5.47293,1.729535,7.951148,-0.11943,-1.08399,-1.18223
-5.25973,1.628925,7.601408,-0.10346,-0.95296,-1.03310
-5.35076,1.719953,7.352278,-0.06830,-0.78572,-0.76146
-6.02629,2.009806,7.139080,-0.02782,-0.61314,-0.56545
-6.51017,2.472133,7.072007,-0.00226,-0.46507,-0.48236
-6.51736,2.455365,6.882764,0.039284,-0.12419,-0.28102
-5.98317,2.163116,6.573747,0.060590,0.023878,-0.14467
-5.20224,1.935546,6.485115,0.074438,0.126143,0.016182
-4.94593,1.827749,6.614470,0.060590,0.186863,0.185558
-5.00102,1.693603,6.803713,-0.00545,0.300847,0.512594
-4.78782,1.322303,7.261250,-0.06724,0.574619,0.795955
-4.47162,1.058801,7.761905,-0.08322,0.724821,0.913133
-3.77214,0.495863,8.614695,-0.17483,0.953853,1.150687
-3.07266,-0.16049,9.412389,-0.34953,1.062510,1.450026
-2.74448,-0.38327,9.601632,-0.40599,1.145601,1.593837
-2.54326,-0.54616,10.03281,-0.43156,1.391676,1.874001
-2.57919,-0.92705,10.54065,-0.41664,1.555727,1.986919
-2.50254,-1.11150,11.02694,-0.39534,1.683559,2.081727
-1.99709,-1.73193,11.67611,-0.38362,1.778367,2.147774
-1.32396,-2.21102,11.74319,-0.41025,1.891285,2.213820
-0.85205,-2.42901,11.75037,-0.50506,1.898742,2.304368
0.261838,-2.98716,12.37559,-0.54554,1.898742,2.377871
1.313453,-2.87936,13.46793,-0.56471,1.891285,2.516355
1.644029,-2.82906,14.11231,-0.62330,1.862523,2.628208
2.494424,-2.69730,14.69681,-0.68935,1.852936,2.666557
3.471780,-2.28289,14.26802,-0.82144,1.830565,2.629273
3.946084,-2.11520,14.04284,-0.80546,1.936026,2.523812
4.925835,-1.88763,13.41283,-0.73409,1.962658,2.462027
6.178670,-1.77984,13.19245,-0.54767,1.754931,2.305433
6.744003,-1.73432,13.21640,-0.44754,1.293672,2.110490
7.568048,-1.75828,13.06070,-0.43262,1.012443,2.009289
8.111822,-2.05052,12.54807,-0.41025,0.536270,1.817542
8.399279,-2.28768,12.33247,-0.35060,0.260367,1.557618
8.849629,-2.69730,12.06897,-0.28242,0.174080,1.404220
8.760996,-2.87217,11.76714,-0.07682,0.060097,1.068662
8.313041,-2.88894,11.71204,0.086156,-0.09223,0.695820
7.144048,-2.72126,11.73839,0.125571,-0.20089,0.475310
5.898399,-2.64939,11.50124,0.162855,-0.47786,-0.04773
5.273180,-2.61107,11.45094,0.167116,-0.60462,-0.35452
3.950875,-2.36673,11.05329,0.154333,-0.86668,-1.00007
2.439328,-2.01938,11.12994,0.185226,-1.09677,-1.55508
1.248776,-1.69120,11.69288,0.275773,-1.16921,-1.97266
0.740934,-1.57862,11.97076,0.339689,-1.16708,-2.13352
-0.10946,-1.53789,12.23905,0.387626,-1.16495,-2.27306
-0.19330,-1.84212,12.32050,0.396148,-1.18093,-2.39237
0.110923,-2.22060,12.40913,0.341819,-1.25337,-2.55216
0.007918,-2.27330,12.26300,0.285360,-1.31196,-2.58625
-0.68437,-2.14874,11.16588,0.285360,-1.32794,-2.56495
-1.14670,-2.18946,10.27236,0.307731,-1.37481,-2.44031
-1.65933,-1.95231,9.805248,0.309861,-1.47494,-2.27733
-2.30611,-1.48519,9.948976,0.356733,-1.56123,-2.26241
-2.73969,-1.30793,10.03761,0.413192,-1.58893,-2.29970
-3.69549,-1.07317,9.740570,0.498413,-1.63154,-2.34870
-4.50276,-0.78332,9.922626,0.449411,-1.62514,-2.33485
-4.99623,-0.44316,10.34662,0.122375,-1.56975,-2.27839
-6.22032,0.416812,11.21618,0.042480,-1.54205,-2.26561
-7.17372,1.192948,11.47729,-0.00971,-1.50903,-2.24217
-7.49711,1.549874,11.24732,-0.06084,-1.34711,-2.13032
-7.40848,1.940337,9.814829,-0.13754,-1.08719,-2.00781
-6.53413,1.837331,8.078107,-0.13541,-0.97640,-1.94070
-5.96880,1.753489,7.325927,-0.00012,-0.81661,-1.74682
-4.91479,1.904405,6.389295,0.119179,-0.80489,-1.60834
-4.43329,2.450574,5.879058,0.261925,-0.81767,-1.44003
-4.36622,2.670958,5.785634,0.428106,-0.81874,-1.24082
-4.04762,2.857805,5.986855,0.744489,-0.71115,-0.79128
-3.72902,2.457760,6.444391,0.860603,-0.58971,-0.57823
-3.64279,2.134371,6.834854,0.930910,-0.43525,-0.39181
-3.03194,1.291162,7.582243,0.953281,-0.25948,-0.23735
-2.54087,0.756970,7.795441,0.903213,0.130404,-0.01577
-2.38756,0.550959,7.749927,0.727445,0.425482,0.162123
-2.16717,0.251524,7.953543,0.561264,0.459571,0.267584
-2.05219,-0.21559,8.274537,0.128767,0.328543,0.518986
-1.83420,-0.51502,8.494921,-0.23981,0.188994,0.766127
-1.10358,-1.02047,9.412389,-0.34847,0.213495,0.892893
-0.27474,-1.34865,10.47598,-0.37297,0.454245,1.148557
0.106132,-1.43010,11.13953,-0.22276,0.933613,1.345631
0.635533,-1.49956,12.48578,-0.15991,1.229756,1.444700
0.836753,-1.40375,12.74689,-0.15352,1.714451,1.637513
1.205657,-1.20971,12.40913,-0.31651,1.983963,1.849500
1.809318,-0.83362,11.96117,-0.46458,2.026574,1.953896
2.415374,-0.44076,12.16958,-0.81079,1.946679,2.091315
2.607012,-0.22996,12.30133,-1.06539,1.735757,2.113685
3.033407,0.076654,12.01867,-1.11652,1.655862,2.091315
3.184322,0.229965,11.01496,-0.96099,1.639883,2.015681
3.313678,0.318598,10.71313,-0.79055,1.637752,1.987984
3.373565,0.383276,11.02215,-0.49760,1.600468,1.963483
3.598740,0.256315,12.24624,-0.36231,1.577032,1.872936
3.284932,0.028745,12.68700,-0.26857,1.518443,1.760018
3.936502,0.112587,13.11340,-0.20892,1.419373,1.695037
4.877925,0.093423,13.62603,-0.10985,1.163710,1.544835
5.919959,-0.94860,13.44877,-0.13648,0.927222,1.368001
6.698489,-1.31511,12.75408,-0.22916,0.837739,1.295563
6.351145,-1.36781,12.50974,-0.46991,0.715234,1.179449
5.213293,-1.44447,12.59118,-0.60519,0.635339,1.159209
4.379666,-0.94142,12.50255,-0.61478,0.574619,1.235908
4.094604,-0.66833,12.29415,-0.51039,0.327478,1.436178
3.831101,-0.21080,11.53238,-0.16524,-0.02192,1.212473
2.674085,-0.27548,10.65324,0.020110,-0.06560,0.960005
2.743554,-0.20122,10.43765,0.347146,0.012160,0.276106
2.530356,-0.17487,10.66043,0.580438,0.028139,-0.28528
2.048865,-0.54137,11.08922,0.675247,-0.08051,-0.49514
1.885973,-0.61803,11.29284,0.845689,-0.30954,-0.84135
1.210448,-0.63719,11.42219,0.918127,-0.49064,-1.10873
0.144460,-0.48628,11.16108,0.878712,-0.53325,-1.21632
-0.83529,-0.37609,10.78499,0.682704,-0.63765,-1.26000
-1.01495,-0.45993,10.80655,0.488826,-0.74630,-1.39209
-1.44134,-0.88153,10.55982,0.392952,-0.89437,-1.56679
-1.66891,-1.13545,10.36099,0.381234,-0.94870,-1.66054
-1.97314,-1.53550,10.24122,0.401474,-1.02114,-1.86826
-1.90127,-1.74869,10.28434,0.404670,-1.18626,-1.98757
-1.65693,-2.00022,10.41370,0.317318,-1.25230,-1.94709
-1.39583,-2.31882,10.62210,0.271512,-1.24911,-1.89277
-1.25689,-2.36194,11.03173,0.193748,-1.33539,-1.80115
-2.46900,-1.46363,11.19941,0.133028,-1.34605,-1.75535
-3.24274,-1.22888,10.20768,-0.01823,-1.33752,-1.63178
-4.54828,-0.36650,9.551327,-0.09067,-1.31515,-1.55934
-4.91958,0.289852,9.750152,-0.15778,-1.19158,-1.52205
-4.98425,0.464722,9.421971,-0.12370,-1.12021,-1.73511
-4.52432,0.893513,8.545226,-0.02995,-1.22887,-1.97692
-4.36143,1.430100,7.989475,-0.04487,-1.56869,-2.02060
-4.45246,1.700789,7.936774,-0.24300,-1.57721,-1.89063
-4.65368,2.088856,7.637340,-0.16631,-1.55484,-1.64562
-4.94832,2.429014,7.210945,-0.04806,-1.53460,-1.51247
-5.09445,2.577534,7.019306,0.199074,-1.31728,-1.26319
-4.90520,2.932065,6.782154,0.409996,-0.93592,-1.07038
-4.41173,3.188381,6.580934,0.487760,-0.77613,-0.98090
-4.37580,3.248268,6.674357,0.593221,-0.56201,-0.80407
-4.56744,3.075794,7.203758,0.602809,-0.39050,-0.60699
-4.70638,2.754800,7.869701,0.582569,-0.31381,-0.47383
-4.72315,2.682935,8.140390,0.519718,-0.11780,-0.17663
-4.51474,2.345173,8.420661,0.397213,0.224148,0.066249
-4.39497,2.206235,8.636254,0.316253,0.459571,0.155731
-4.20093,2.060111,8.863824,0.175638,0.914438,0.338956
-3.95899,1.854099,8.983598,0.086156,1.270236,0.554140
-3.51103,1.492382,9.302197,0.058459,1.411916,0.680906
-3.13255,1.212111,9.702242,-0.00971,1.666514,0.951483
-2.85228,1.068383,9.747756,-0.06617,1.750670,1.084641
-2.21029,0.821648,9.747756,-0.12370,1.778367,1.217799
-1.73838,0.531795,9.913044,-0.17696,1.770910,1.333913
-1.45811,0.313807,10.08312,-0.26324,1.776237,1.545900
-0.29870,-0.14612,10.60054,-0.27390,1.814586,1.752561
0.185183,-0.24913,10.84009,-0.27496,1.836957,1.848435
0.594810,-0.31141,11.14671,-0.33568,1.873176,1.991180
1.045160,-0.48149,11.64737,-0.47630,1.878502,2.105163
1.330222,-0.73780,12.25582,-0.55406,1.844413,2.156296
1.541024,-0.85279,12.56963,-0.75114,1.670776,2.242582
2.218944,-0.94142,13.40804,-0.79907,1.634557,2.231930
3.102876,-0.84560,14.23448,-0.83103,1.607925,2.201037
3.919734,-0.88632,14.39977,-0.85447,1.553596,2.114751
4.190423,-0.91746,14.21053,-0.86831,1.428961,2.041247
4.796479,-0.87195,13.47272,-0.86299,1.333087,2.001833
5.110287,-0.75218,12.95769,-0.79801,1.127491,1.908090
5.388162,-0.40483,11.96597,-0.60200,0.877154,1.756822
5.287552,-0.16289,11.41261,-0.45819,0.739735,1.650296
5.165383,-0.24433,11.26169,-0.15459,0.395655,1.381850
5.158196,-0.30422,11.15629,0.075503,-0.00488,1.062270
5.055191,-0.34015,10.97424,0.159659,-0.36707,0.667058
4.923439,-0.34255,11.06287,0.136223,-0.53218,0.462527
4.415598,-0.33297,11.20181,0.037154,-0.78465,0.123773
3.871824,-0.35932,11.29763,-0.02250,-0.94977,-0.16917
3.282537,-0.12696,11.12515,-0.02569,-0.98599,-0.31724
2.983102,-0.00958,10.96465,0.011588,-0.93272,-0.61445
2.194989,-0.07665,10.70834,0.044611,-0.89544,-0.75400
1.639239,-0.21559,10.61252,0.144746,-0.86348,-1.00860
1.478742,-0.20122,10.72271,0.252337,-0.91035,-1.25041
1.191284,-0.17487,10.91914,0.324775,-0.97640,-1.47199
0.592414,-0.11977,11.12994,0.337558,-1.00942,-1.55827
-0.99099,0.112587,11.23774,0.324775,-1.01049,-1.68610
-1.54914,0.232361,11.01017,0.285360,-0.97533,-1.77772
-2.12645,0.342553,10.37058,0.275773,-0.95296,-1.84376
-2.21748,0.383276,9.901067,0.288556,-0.92846,-1.92685
-2.41391,0.419208,9.810039,0.326906,-0.91887,-2.00462
-2.99601,0.598869,10.01125,0.433432,-0.99983,-2.03232
-4.17698,1.075569,10.42807,0.468586,-1.04777,-1.98225
-4.57702,1.317512,10.23403,0.497348,-1.05203,-1.80328
-4.55067,1.466032,9.455508,0.495217,-0.90929,-1.66906
-4.27759,1.478009,9.158469,0.483499,-0.81661,-1.62645
-3.75298,1.518733,8.631464,0.467520,-0.65895,-1.56147
-3.45833,1.719953,8.336819,0.503739,-0.72606,-1.41979
-3.34096,1.849309,8.078107,0.533567,-0.81874,-1.28983
-3.28346,1.906800,8.042175,0.531436,-0.94870,-0.98516
-2.75167,2.328404,8.207464,0.517588,-0.96468,-0.86479
-2.09770,2.603884,7.663690,0.514392,-0.85283,-0.71245
-1.78150,2.764381,7.182199,0.514392,-0.60675,-0.60273
-1.32157,2.790732,7.026493,0.490956,-0.40329,-0.49407
-0.97901,2.769172,7.213340,0.450476,-0.35748,-0.43975
-0.68916,2.917692,8.046966,0.384430,-0.36600,-0.32044
-0.48794,2.869782,8.276932,0.365255,-0.42140,-0.25972
-0.28433,2.896133,8.363169,0.303470,-0.47573,-0.17663
-0.15736,2.958415,8.842266,0.196943,-0.38411,-0.09886
0.079782,2.984766,9.510603,0.054198,-0.18917,0.011920
0.058223,3.044652,9.723801,-0.01717,-0.09649,0.049205
0.410358,2.817082,9.822016,-0.11304,0.007899,0.108859
2.698040,2.699704,7.704413,-0.14287,-0.04110,0.211125
2.645339,2.452969,8.657814,-0.17163,-0.02938,0.250539
1.708707,1.923568,10.30829,-0.22809,-0.03258,0.317651
1.533838,2.414642,11.35512,-0.24514,-0.07838,0.434830
1.593724,2.400269,11.26648,-0.22596,-0.10608,0.525378
1.775781,2.357150,10.80895,-0.18228,-0.20834,0.697950
2.125520,2.069693,9.594446,-0.22383,0.124013,0.700081
2.499215,1.981060,9.256683,-0.28988,0.481941,0.558401
2.420164,2.016992,9.436344,-0.27283,0.633209,0.371980
2.274040,2.175094,10.13103,-0.06511,0.495790,0.340022
2.118334,2.211026,10.43286,0.000935,0.346653,0.332565
1.505092,2.354755,10.74188,0.051002,0.017486,0.279302
1.081092,2.306845,10.29392,0.021175,-0.11034,0.201537
1.138584,2.352359,9.934603,-0.03847,0.067554,0.059857
1.289499,2.402664,9.639960,-0.04593,0.173015,-0.00405
1.368549,2.448178,9.417181,0.033958,0.437200,-0.08182
1.342199,2.472133,9.129723,0.113853,0.508573,-0.11804
1.291894,2.512856,8.997971,0.254468,0.465962,-0.14786
1.205657,2.551184,9.122536,0.308796,0.180472,-0.10845
1.014019,2.587116,9.345315,0.297078,0.072880,-0.08714
0.779262,2.656585,9.438739,0.259794,-0.00594,-0.08501
0.755307,2.694913,9.342921,0.233162,0.033465,-0.10738
0.951736,2.740427,8.854243,0.228901,0.088859,-0.11910
1.191284,2.773963,8.320051,0.219314,0.217756,-0.13508
1.232007,2.817082,8.190695,0.243815,0.247583,-0.14893
1.397295,2.996743,7.994266,0.253402,0.142122,-0.14999
1.478742,3.123703,8.003848,0.262990,0.089924,-0.14147
1.440414,3.284200,8.540435,0.258729,0.031335,-0.12336
1.529047,3.054234,9.079418,0.194813,0.038792,-0.14360
1.850041,2.781150,9.613610,0.146876,0.062228,-0.15532
1.929092,2.735636,9.817225,0.033958,0.098447,-0.14786
2.147080,2.649399,10.24122,-0.13328,0.110164,-0.11804
2.357882,2.493692,10.66043,-0.20892,0.088859,-0.08927
2.432142,2.393082,10.93112,-0.31757,0.046249,-0.02429
2.515984,2.211026,11.23295,-0.39427,-0.02299,-0.02642
2.547125,2.096043,11.01975,-0.41771,-0.05175,-0.04453
2.523170,2.127184,10.68678,-0.45073,-0.08158,-0.07116
2.482447,2.227794,9.793271,-0.42623,-0.07519,-0.11058
2.607012,2.311636,9.371666,-0.37403,-0.06240,-0.13615
2.618989,2.328404,9.386039,-0.20039,-0.09543,-0.20432
2.583057,2.302054,9.429158,0.002000,-0.22326,-0.30020
2.695644,2.153534,9.692660,0.087221,-0.29783,-0.35026
2.853746,2.119998,9.697451,0.114918,-0.40222,-0.42377
3.110062,1.971478,9.477067,0.029697,-0.42140,-0.49088
3.004661,1.686416,9.275847,-0.00119,-0.40009,-0.52284
2.892074,1.621738,9.086605,-0.01291,-0.35322,-0.55373
2.585453,1.456450,8.583554,0.008392,-0.37239,-0.58036
2.580662,1.236066,7.996662,0.017979,-0.40968,-0.60699
2.547125,1.113897,7.946356,0.011588,-0.43631,-0.69328
2.218944,1.030055,8.466176,0.014783,-0.40435,-0.81365
1.447600,0.958191,8.978808,0.030762,-0.38731,-0.86479
1.061928,0.855185,9.069836,0.038219,-0.32552,-0.91592
0.702606,0.457536,8.945271,-0.05552,-0.22858,-0.96279
0.822380,0.246733,8.988389,-0.13115,-0.15615,-1.00860
0.721770,0.397649,9.136909,-0.22916,-0.08158,-1.10341
0.506177,0.510236,9.316570,-0.28562,-0.19236,-1.14495
-0.27714,0.771343,9.388435,-0.31757,-0.29143,-1.13643
-0.65562,0.895908,9.120141,-0.40386,-0.50449,-1.10341
-0.87361,1.446868,8.617091,-0.48482,-0.63551,-1.16519
-1.22096,2.112811,8.406289,-0.46351,-0.54923,-1.31965
-1.53477,2.294868,8.281723,-0.39747,-0.46507,-1.39529
-1.93960,2.337986,8.008639,-0.16950,-0.30422,-1.49968
-1.40062,2.246958,8.193091,-0.06191,-0.22858,-1.51566
-1.25449,2.340382,8.430243,0.027567,-0.07199,-1.50501
-1.76234,2.452969,9.091395,-0.04913,0.000442,-1.48583
-2.50972,2.321218,9.592050,-0.11517,0.020682,-1.44749
-2.69178,2.177489,9.757338,-0.28348,0.069684,-1.28024
-2.70855,1.887636,10.43046,-0.52743,0.129339,-1.15560
-2.28455,1.494778,10.63168,-0.65207,0.108034,-1.15880
-2.07135,1.370213,10.56940,-0.87364,0.125078,-1.18969
-1.72161,1.298349,10.13103,-1.02065,0.124013,-1.09701
-1.71203,1.595388,9.936999,-1.05154,0.125078,-1.00327
-1.88211,1.870868,9.968140,-0.95886,0.112295,-0.78809
-2.16957,2.369127,9.948976,-0.63396,0.139992,-0.63256
-2.27736,2.584721,9.560909,-0.42303,0.184733,-0.59101
-2.13124,2.553579,9.230333,0.013718,0.336000,-0.56758
-1.40780,2.213421,8.609904,0.407866,0.602316,-0.56225
-0.64844,1.993037,8.619486,0.581504,0.698190,-0.53349
-0.19809,1.890032,8.818310,0.831840,0.752518,-0.38755
0.010313,1.825354,8.854243,0.881908,0.572489,-0.16384
0.142064,1.676834,8.794356,0.810535,0.448918,-0.04986
-0.26756,1.497173,9.005158,0.685899,0.340261,0.040683
-0.42805,1.686416,9.687870,0.516523,0.263562,0.087554
-1.04609,2.857805,11.82463,0.114918,0.073945,0.073706
-0.31068,1.355840,12.35403,-0.07363,-0.06666,0.039617
0.216324,0.637196,12.05220,-0.36231,-0.32446,-0.03175
0.764889,0.364112,11.21858,-0.57111,-0.46614,-0.10525
0.966109,0.704270,10.35141,-0.68296,-0.41820,-0.13082
0.997250,0.927049,9.932209,-0.99402,-0.14762,-0.11697
1.205657,1.384586,9.297407,-1.28164,-0.26800,0.131230
1.291894,1.391772,8.945271,-1.31679,-0.59077,0.269714
1.476346,1.437286,8.863824,-1.19642,-0.77933,0.182363
1.433227,1.466032,8.974017,-0.82144,-0.97107,-0.02855
1.287103,1.236066,9.297407,-0.40812,-0.97001,-0.14254
1.284708,1.123479,9.503417,-0.24087,-0.89224,-0.14041
1.234403,0.857581,9.762129,-0.03102,-0.66747,-0.05412
1.176911,0.740202,9.783688,0.016914,-0.41181,0.043878
1.095465,0.673129,9.793271,-0.02782,-0.30635,0.068379
0.980482,0.610846,9.817225,-0.15672,-0.14123,0.077967
0.726561,0.479095,10.02084,-0.25472,0.005769,0.097142
0.554087,0.388067,10.15259,-0.26431,0.077141,0.103533
0.534923,0.378485,10.14780,-0.22383,0.191124,0.085424
0.561273,0.433581,10.08072,-0.19613,0.237996,0.072640
0.613974,0.529400,9.992095,-0.16631,0.286998,0.066249
0.647510,0.596473,9.939394,-0.13648,0.329609,0.068379
0.712188,0.780925,9.831598,-0.05339,0.380741,0.093946
0.721770,0.833626,9.759734,0.057394,0.378611,0.129099
0.726561,0.838417,9.702242,0.110657,0.378611,0.142948
0.685838,0.780925,9.587259,0.199074,0.362632,0.150405
0.566064,0.689897,9.366875,0.261925,0.346653,0.132295
0.477431,0.855185,9.314174,0.288556,0.348783,0.118447
0.419940,0.970168,9.407598,0.339689,0.400981,0.101403
0.182788,1.152224,9.666310,0.367386,0.441461,0.099272
-0.11904,1.291162,9.810039,0.389756,0.463832,0.095011
-0.21486,1.267207,9.862739,0.400409,0.462767,0.087554
-0.30828,1.425309,9.980117,0.356733,0.389263,0.050270
-0.34182,1.427704,9.915440,0.227836,0.298716,-0.01684
-0.34661,1.379795,9.757338,0.163920,0.276346,-0.05412
-0.29151,1.410936,9.431553,0.080830,0.257171,-0.10951
-0.29151,1.585806,9.139305,0.090417,0.224148,-0.12975
-0.31307,1.624134,9.038695,0.124506,0.230539,-0.11697
-0.34661,1.600179,9.048276,0.211857,0.261432,-0.06477
-0.30828,1.494778,9.232728,0.313057,0.227343,-0.01258
-0.24121,1.406145,9.330943,0.347146,0.204973,0.002333
-0.11664,1.262416,9.558513,0.351407,0.162362,0.012986
-0.07352,1.159411,9.752547,0.257663,0.116556,0.016182
-0.10946,1.113897,9.783688,0.182030,0.096316,0.023638
-0.20527,1.061196,9.783688,0.019044,0.057966,0.049205
-0.27235,1.121083,9.752547,-0.10132,0.031335,0.084358
-0.35379,1.202529,9.786084,-0.13861,0.035596,0.098207
-0.56460,1.042032,9.714220,-0.17696,0.077141,0.101403
-0.73707,0.836021,9.632773,-0.16844,0.100577,0.075836
-0.70114,0.847999,9.644751,-0.15246,0.096316,0.063053
-0.52387,1.022868,9.709428,-0.11730,0.070750,0.052400
-0.33223,1.154620,9.750152,-0.07256,0.072880,0.052400
-0.26037,1.204925,9.740570,-0.04060,0.082468,0.060923
-0.23881,1.209716,9.752547,0.037154,0.147449,0.103533
-0.25797,1.212111,9.833993,0.092548,0.235865,0.172775
-0.28672,1.300744,9.946581,0.109592,0.262497,0.206864
-0.22444,1.451659,9.853157,0.118114,0.271019,0.255866
-0.32984,1.705580,9.697451,0.098939,0.250779,0.268649
-0.37056,1.799004,9.793271,0.085091,0.244388,0.263323
-0.53106,1.806190,9.539350,0.073373,0.252910,0.249474
-0.58136,1.988246,9.359688,0.066981,0.261432,0.231365
-0.70832,2.036156,9.074626,0.103200,0.268889,0.179167
-1.03411,2.012201,8.813520,0.141550,0.265693,0.152535
-1.08202,1.959501,8.722492,0.184160,0.265693,0.131230
-1.12993,1.935546,8.746446,0.254468,0.311499,0.109925
-1.10837,1.782235,9.184819,0.277903,0.293390,0.102468
-1.00297,1.501964,9.484253,0.291752,0.274215,0.095011
-0.92631,1.396563,9.623191,0.292817,0.264628,0.074771
-0.82570,1.212111,9.769315,0.290687,0.248649,0.050270
-0.79935,1.137851,9.829202,0.257663,0.173015,0.002333
-0.71312,0.967773,9.944186,0.207596,0.132535,-0.00831
-0.60771,0.883931,10.00167,0.133028,0.072880,-0.00938
-0.46399,0.792903,10.11186,0.032893,0.003638,-0.00299
-0.42326,0.733016,10.13582,-0.21424,-0.09116,0.012986
-0.47596,0.819253,10.08791,-0.40919,-0.15188,0.038552
-0.55741,0.910281,10.01605,-0.47417,-0.14549,0.084358
-0.80654,1.145038,9.965744,-0.46032,-0.10927,0.105664
-0.95027,1.236066,9.934603,-0.37403,-0.01340,0.132295
-1.11077,1.334281,9.812434,-0.32503,0.032400,0.145078
-1.13232,1.384586,9.716615,-0.24087,0.106969,0.165318
-1.03651,1.372608,9.589654,-0.20785,0.126143,0.157862
-0.97662,1.370213,9.510603,-0.15246,0.130404,0.102468
-0.85684,1.394168,9.347711,-0.10346,0.094185,0.020443
-0.83289,1.437286,9.283034,-0.04167,0.051575,-0.05838
-0.92392,1.537896,9.330943,0.005196,0.050510,-0.08501
-0.96943,1.581015,9.386039,0.129832,0.085663,-0.08821
-0.97901,1.595388,9.345315,0.193748,0.116556,-0.06158
-1.00297,1.614552,9.309384,0.294948,0.175145,0.003398
-1.17784,1.710371,9.201587,0.351407,0.193255,0.055596
-1.41020,1.911591,9.232728,0.353537,0.187929,0.077967
-1.51800,1.957105,9.364480,0.338623,0.178341,0.077967
-1.65454,1.940337,9.692660,0.286426,0.170884,0.054531
-1.65214,1.806190,9.683078,0.255533,0.179407,0.039617
-1.59705,1.789422,9.575282,0.204400,0.200712,0.015116
-1.36469,1.834936,9.342921,0.158594,0.163428,0.011920
-1.14430,1.782235,9.031508,0.106396,0.125078,-0.00086
-1.09400,1.753489,8.873407,0.081895,0.110164,-0.01258
-0.98860,1.667252,8.588345,0.040350,0.126143,-0.01790
-0.42805,1.168993,8.847056,0.026501,0.202842,0.048139
-1.23773,1.892427,8.952457,0.044611,0.231604,0.100337
-1.84857,2.290077,9.366875,0.100004,0.161297,0.197276
-1.92044,1.686416,9.613610,0.124506,0.050510,0.248409
-1.87971,1.621738,9.901067,0.117049,-0.01553,0.248409
-1.55393,1.475614,10.56221,0.041415,-0.13378,0.231365
-1.24731,1.101919,10.83530,-0.08961,-0.24030,0.199407
-0.92392,0.886326,10.74667,-0.16098,-0.26906,0.179167
-0.31307,0.598869,10.43046,-0.30479,-0.27546,0.148274
-0.07831,0.474304,10.25559,-0.48375,-0.36813,-0.14254
0.252256,0.237152,9.651937,-0.57004,-0.47679,-0.21711
0.410358,0.179660,9.330943,-0.76818,-0.57373,0.048139
0.592414,0.177265,9.079418,-0.89708,-0.84963,0.276106
0.637929,0.404835,9.192006,-0.93862,-0.88159,0.363457
0.343285,0.637196,9.486649,-0.83636,-0.88159,0.495550
0.290584,0.692292,9.407598,-0.57111,-0.79211,0.687298
0.185183,0.634801,9.328548,-0.42197,-0.75909,0.763997
0.154042,0.670733,9.168050,-0.16311,-0.66960,0.824717
0.189974,0.761761,9.050672,-0.06191,-0.60462,0.821521
0.300166,0.747388,9.271056,0.072308,-0.39903,0.805542
0.654697,0.483886,9.520186,0.130897,-0.13910,0.760801
1.208052,-0.04311,10.17175,0.169247,0.192190,0.709668
1.428436,-0.19882,10.29871,0.210792,0.316826,0.706472
1.440414,-0.28266,10.26517,0.269381,0.527748,0.742691
0.949341,-0.20601,9.802852,0.211857,0.588468,0.736300
0.613974,0.220383,9.833993,0.176703,0.601251,0.704342
-0.04957,0.464722,9.747756,0.087221,0.591664,0.652144
-0.75623,1.022868,9.350107,0.024371,0.479811,0.608468
-1.04609,1.192948,8.844661,-0.05445,0.343457,0.399676
-1.05327,1.236066,8.801542,-0.04593,0.282737,0.239887
-1.10118,1.133060,9.534559,-0.01823,0.259301,0.075836
-0.92871,0.974959,9.996886,0.093613,0.361567,-0.21391
-0.91673,0.965377,10.17175,0.187356,0.430809,-0.38968
-1.20898,0.881535,10.41849,0.187356,0.413765,-0.43975
-1.65454,0.912676,10.15019,0.087221,0.302977,-0.46318
-1.70484,1.075569,10.02802,-0.03741,0.308303,-0.40566
-1.45332,0.922258,9.982513,-0.09919,0.341327,-0.37370
-0.94787,0.883931,9.822016,-0.24194,0.182602,-0.32257
-0.95506,0.771343,9.721406,-0.30692,0.003638,-0.31191
-0.69874,0.941422,9.395621,-0.27177,0.035596,-0.31404
-1.28564,1.001309,9.563304,-0.10772,0.088859,-0.28102
-1.45092,1.077965,10.02563,-0.01397,-0.06027,-0.26185
-0.89278,1.032450,10.60533,0.009457,-0.04642,-0.22669
-0.92631,0.828835,9.462695,0.036089,-0.21154,-0.15106
-0.79217,0.718643,9.268660,-0.00012,-0.20834,-0.13615
-0.58136,0.467117,9.477067,-0.01930,-0.23284,-0.14360
-0.68197,0.371298,9.817225,-0.08428,-0.22752,-0.17982
-0.75623,0.438372,9.879508,-0.11624,-0.07199,-0.18621
-0.44482,0.697083,9.208773,-0.12263,0.097381,-0.15319
-0.66281,0.778530,9.295011,0.007327,0.178341,-0.18408
-0.56460,0.692292,9.630378,0.152202,0.216691,-0.12017
-0.65562,0.668338,9.939394,0.150072,0.232670,-0.07436
-1.29522,0.917467,9.841180,0.126636,0.196451,-0.06584
-1.40780,0.929445,10.02802,0.167116,0.081402,-0.08608
-1.41260,1.358236,10.86165,0.208661,0.050510,-0.08714
-0.81612,1.267207,9.100977,0.219314,-0.02086,-0.09780
-0.31547,1.145038,8.372752,0.128767,0.064358,-0.08821
-0.83289,1.212111,7.493611,0.092548,0.059032,-0.09673
-1.04609,1.097128,7.896051,0.158594,0.113360,-0.26291
-1.18982,1.161806,8.411079,0.202270,0.082468,-0.22350
-1.45332,1.346258,9.671101,0.242750,0.115491,-0.17556
-1.75754,1.358236,10.11186,0.474977,0.317891,-0.13082
-1.62100,1.183366,10.52628,0.436628,0.084598,-0.15958
-0.38494,0.756970,10.32746,0.333297,0.004703,-0.23202
-0.03040,0.603660,10.03042,0.006261,-0.38198,-0.41738
0.360053,0.316202,9.754942,-0.46884,-0.73671,-0.46105
0.503782,0.208406,9.479463,-0.63609,-0.78252,-0.46638
0.829567,0.057491,9.230333,-0.73942,-0.71434,-0.36092
0.879872,-0.04072,9.393225,-0.68615,-0.65362,-0.17343
0.613974,0.009581,9.860343,-0.56365,-0.58225,0.077967
0.534923,0.071864,10.05198,-0.25898,-0.44483,0.328304
0.283398,0.201219,10.17175,-0.18335,-0.34257,0.337891
0.177997,0.241943,10.19331,-0.11624,-0.23284,0.294215
0.072596,0.335366,10.13582,-0.11730,-0.22113,0.259062
0.015104,0.347344,10.02802,-0.16418,-0.17639,0.152535
-0.08550,0.397649,9.977723,-0.20359,-0.09756,0.018312
-0.31068,0.507841,9.879508,-0.20359,-0.05601,-0.04560
-0.47117,0.577309,9.666310,-0.14607,0.017486,-0.14147
-0.79696,0.735411,9.611214,-0.04913,0.089924,-0.20539
-0.91434,0.812066,9.661519,0.003065,0.135731,-0.22563
-1.32157,0.934236,9.783688,0.109592,0.215625,-0.25439
-1.66652,1.042032,10.03042,0.182030,0.244388,-0.29700
-1.81983,1.276789,10.18373,0.201204,0.240127,-0.32044
-1.51800,1.207320,9.836389,0.220379,0.187929,-0.35239
-1.16107,1.245648,9.501022,0.213988,0.148514,-0.37157
-0.95266,1.219298,9.292615,0.203335,0.147449,-0.37157
-0.63167,1.077965,9.065045,0.206531,0.165558,-0.35133
-0.38494,1.077965,9.120141,0.234228,0.231604,-0.29061
-0.27235,1.082756,9.156073,0.267251,0.280607,-0.23095
-0.16455,0.905490,9.225542,0.347146,0.272084,-0.07330
-0.21965,0.847999,9.457903,0.399343,0.246518,0.039617
-0.38254,0.840812,9.565700,0.411061,0.240127,0.073706
-0.67718,0.859976,9.901067,0.408931,0.222017,0.103533
-0.86882,0.946213,10.15977,0.382299,0.198581,0.117382
-1.01495,1.018078,10.27715,0.278969,0.148514,0.105664
-1.14909,1.183366,10.29632,0.170312,0.090990,0.069445
-1.12753,1.192948,9.869926,0.120244,0.052640,0.040683
-1.05806,1.269603,9.599237,0.030762,0.016421,-0.03495
-1.06765,1.382190,9.306988,-0.00226,-0.00062,-0.08182
-1.08202,1.389377,9.287824,-0.03102,-0.03044,-0.12869
-1.05088,1.420518,9.287824,-0.05126,-0.05068,-0.16810
-1.07244,1.470823,9.299801,-0.02889,-0.02192,-0.21604
-1.12035,1.578619,9.359688,0.014783,0.017486,-0.22669
-1.16107,1.604970,9.314174,0.068047,0.053705,-0.22776
-1.18023,1.643297,9.330943,0.124506,0.086729,-0.22137
-1.17544,1.633716,9.409994,0.255533,0.144253,-0.18941
-1.11077,1.585806,9.460299,0.346080,0.160232,-0.15958
-1.05327,1.542687,9.536954,0.351407,0.152775,-0.14786
-1.04609,1.468428,9.642355,0.316253,0.119752,-0.12869
-1.01495,1.478009,9.735779,0.249141,0.071815,-0.10738
-1.02692,1.413331,10.04719,0.217183,0.043053,-0.10632
-0.97662,1.418123,9.951372,0.161790,0.021748,-0.11591
-0.97901,1.451659,9.889089,0.112788,-0.02618,-0.12017
-0.90955,1.454055,9.769315,0.082960,-0.05388,-0.11484
-0.78738,1.504360,9.556118,0.027567,-0.09330,-0.08608
-0.73947,1.511546,9.489045,-0.01397,-0.11567,-0.04879
-0.68437,1.513942,9.359688,-0.02143,-0.10075,-0.03282
-0.74665,1.643297,9.357294,-0.00545,-0.04642,-0.00831
-0.78977,1.691207,9.321361,0.010522,-0.00807,0.016182
-0.80654,1.753489,9.302197,0.015849,-0.01127,0.023638
-0.81612,1.808585,9.235124,0.056329,-0.03684,0.033226
-0.82810,1.825354,9.227937,0.124506,-0.05495,0.036422
-0.85924,1.787026,9.266265,0.151137,-0.06027,0.036422
-0.84008,1.791817,9.323757,0.199074,-0.04855,0.040683
-0.84247,1.784631,9.419575,0.222510,-0.04323,0.038552
-0.85684,1.724744,9.594446,0.218249,-0.04323,0.034291
-0.82331,1.662461,9.656728,0.196943,-0.04110,0.018312
-0.83289,1.657670,9.678287,0.162855,-0.03364,0.004464
-0.89278,1.645693,9.572886,0.151137,-0.03044,0.004464
-0.87840,1.676834,9.433949,0.127701,-0.00381,0.007659
-0.82810,1.650484,9.273451,0.090417,-0.01340,0.005529
-0.79456,1.660066,9.117745,0.063785,-0.01340,0.005529
-0.74665,1.686416,9.175237,0.026501,-0.01127,0.011920
-0.73707,1.707975,9.225542,-0.00332,0.008964,0.008725
-0.81852,1.727139,9.304593,-0.00971,0.020682,0.006594
-0.95266,1.758280,9.287824,-0.01823,0.008964,0.002333
-1.01495,1.741512,9.297407,-0.00439,0.001508,-0.00938
-1.19700,1.796608,9.529767,0.012653,0.013225,-0.01471
-1.39104,1.801399,9.853157,0.037154,0.030270,-0.02536
-1.41739,1.772653,10.00167,0.038219,0.044118,-0.02642
-1.32636,1.674439,10.01365,0.028632,0.047314,-0.02749
-1.28324,1.561851,9.872322,-0.01717,0.085663,-0.03282
-1.21138,1.509151,9.788479,-0.06191,0.130404,-0.04453
-1.18023,1.442077,9.714220,-0.07576,0.164493,-0.05306
-1.10597,1.430100,9.659124,-0.08854,0.236931,-0.06797
-1.07244,1.406145,9.570491,-0.10665,0.277411,-0.06584
-1.12274,1.487591,9.563304,-0.12476,0.282737,-0.06264
-1.11556,1.561851,9.558513,-0.16950,0.216691,-0.04134
-1.16347,1.638506,9.501022,-0.19400,0.115491,-0.01364
-1.24491,1.657670,9.469881,-0.13967,0.067554,0.021508
-1.26168,1.662461,9.426762,-0.09706,0.062228,0.031095
-1.31917,1.614552,9.409994,-0.02782,0.067554,0.040683
-1.26887,1.573829,9.414785,0.012653,0.063293,0.034291
-1.27366,1.557060,9.414785,0.017979,0.047314,0.027899
-1.23533,1.501964,9.529767,0.022240,0.021748,0.002333
-1.23054,1.489987,9.582468,0.026501,0.015356,-0.01790
-1.21377,1.482800,9.604027,0.028632,0.016421,-0.02323
-1.20179,1.478009,9.601632,0.028632,0.016421,-0.03068
-1.22096,1.509151,9.548932,0.026501,0.021748,-0.02749
-1.26168,1.588201,9.453112,0.024371,0.029204,-0.01364
-1.29761,1.624134,9.424366,0.010522,0.033465,0.000203
-1.26408,1.652879,9.462695,-0.01504,-0.00168,0.001268
-1.18263,1.609761,9.587259,-0.02889,-0.01127,0.003398
-1.13232,1.564247,9.635169,-0.03847,-0.01234,0.009790
-1.06046,1.504360,9.647146,-0.03315,-0.00701,0.014051
-1.11316,1.461241,9.584864,-0.02463,0.003638,0.018312
-1.18503,1.451659,9.539350,-0.01078,0.014291,0.019377
-1.24970,1.485196,9.496231,0.005196,0.032400,0.017247
-1.35271,1.523524,9.414785,-0.00226,0.017486,0.017247
-1.28084,1.588201,9.477067,-0.01717,0.003638,0.021508
-1.21377,1.607365,9.560909,-0.03528,0.006834,0.033226
-1.17784,1.581015,9.635169,-0.02143,0.036661,0.039617
-1.27126,1.530710,9.587259,-0.00971,0.041988,0.036422
-1.29282,1.509151,9.527372,0.010522,0.029204,0.008725
-1.32875,1.418123,9.469881,0.015849,0.021748,-0.00725
-1.30959,1.353445,9.517790,0.015849,0.014291,-0.01897
-1.30240,1.353445,9.582468,0.010522,0.000442,-0.02216
-1.26887,1.454055,9.764525,-0.00971,-0.00914,-0.00192
-1.17784,1.631320,9.750152,-0.02356,-0.00062,0.023638
-1.16107,1.729535,9.649541,-0.02250,0.007899,0.027899
-1.09639,1.882845,9.287824,-0.00119,0.028139,0.018312
-1.13472,1.868473,8.971621,0.016914,0.033465,0.011920
-1.18503,1.799004,8.911734,0.016914,0.030270,0.011920
-1.30719,1.621738,9.081813,0.012653,0.019617,0.015116
-1.35510,1.415727,9.501022,0.005196,0.005769,0.014051
-1.36948,1.307930,9.723801,0.002000,-0.00275,0.008725
-1.36708,1.147433,10.05916,0.025436,-0.01553,-0.00192
-1.45571,1.159411,10.08312,0.070177,-0.00594,-0.01151
-1.43895,1.216902,9.994490,0.089352,0.004703,-0.01471
-1.44853,1.478009,9.690265,0.101070,0.047314,-0.00618
-1.44134,1.578619,9.539350,0.053133,0.088859,0.014051
-1.43176,1.660066,9.414785,0.012653,0.098447,0.025769
-1.41020,1.801399,9.323757,-0.08215,0.080337,0.039617
-1.37666,1.875659,9.244706,-0.13328,0.039857,0.039617
-1.35990,1.873263,9.237520,-0.12796,0.024943,0.034291
-1.29043,1.849309,9.347711,-0.06404,0.011095,0.003398
-1.19221,1.763071,9.438739,0.030762,0.007899,-0.02962
-1.05567,1.698394,9.534559,0.073373,0.005769,-0.03814
-1.05327,1.662461,9.565700,0.156463,0.021748,-0.04347
-1.09879,1.669648,9.548932,0.163920,0.018552,-0.03708
-1.14191,1.684020,9.527372,0.158594,0.014291,-0.02962
-1.21138,1.746303,9.381248,0.130897,0.004703,-0.01258
-1.36708,1.794213,9.302197,0.085091,-0.01660,0.010855
-1.44613,1.827749,9.290220,0.062720,-0.01447,0.022573
-1.53956,1.844518,9.297407,0.032893,-0.01020,0.048139
-1.54435,1.822958,9.386039,0.017979,0.005769,0.065184
-1.50123,1.789422,9.419575,0.023305,0.024943,0.066249
-1.47248,1.707975,9.469881,0.046741,0.068619,0.054531
-1.40541,1.645693,9.558513,0.070177,0.100577,0.028965
-1.37427,1.578619,9.618400,0.075503,0.104838,0.018312
-1.37187,1.566642,9.613610,0.071242,0.097381,-0.00725
-1.43176,1.547478,9.582468,0.045676,0.090990,-0.02642
-1.46530,1.549874,9.568096,0.027567,0.079272,-0.02642
-1.55393,1.595388,9.522582,-0.01291,0.051575,-0.01897
-1.60663,1.621738,9.508209,-0.04060,0.030270,-0.00618
-1.60902,1.628925,9.501022,-0.04700,0.021748,-0.00086
-1.60902,1.686416,9.484253,-0.05552,0.017486,0.006594
-1.51560,1.691207,9.438739,-0.04806,0.020682,0.006594
-1.43415,1.674439,9.402808,-0.02889,0.022813,-0.00405
-1.39822,1.672043,9.395621,-0.01823,0.021748,-0.01151
-1.36708,1.674439,9.412389,-0.00226,0.015356,-0.02536
-1.36469,1.676834,9.469881,0.005196,0.015356,-0.02642
-1.37187,1.679230,9.481858,0.014783,0.014291,-0.02323
-1.33115,1.700789,9.457903,0.026501,0.020682,-0.00938
-1.30959,1.707975,9.455508,0.030762,0.019617,-0.00299
-1.33834,1.719953,9.498626,0.028632,0.005769,0.010855
-1.43895,1.724744,9.512999,0.021175,-0.00381,0.023638
-1.49404,1.760676,9.484253,0.016914,0.000442,0.027899
-1.50602,1.755885,9.455508,0.011588,-0.00062,0.025769
-1.47967,1.727139,9.395621,-0.00439,-0.01127,0.015116
-1.47967,1.715162,9.362084,-0.00652,-0.00062,0.003398
-1.45571,1.700789,9.388435,-0.00226,0.002573,-0.00192
-1.49404,1.691207,9.426762,-0.00439,0.008964,-0.01151
-1.48925,1.679230,9.486649,-0.00971,0.010030,-0.02642
-1.50602,1.650484,9.515395,-0.00758,0.015356,-0.03282
-1.52279,1.636111,9.515395,0.003065,0.023878,-0.03814
-1.51321,1.638506,9.508209,0.011588,0.030270,-0.03282
-1.50362,1.636111,9.496231,0.013718,0.035596,-0.02962
-1.48206,1.609761,9.438739,0.008392,0.024943,-0.02323
-1.46769,1.609761,9.421971,-0.01397,0.017486,-0.02536
-1.46290,1.626529,9.445926,-0.02463,0.008964,-0.02855
-1.50123,1.619343,9.460299,-0.03634,0.001508,-0.02962
-1.54435,1.614552,9.472276,-0.03954,0.000442,-0.02855
-1.54435,1.614552,9.479463,-0.03421,0.004703,-0.02962
-1.55153,1.590597,9.520186,-0.02676,0.004703,-0.02855
-1.55153,1.607365,9.534559,-0.01823,0.007899,-0.02429
-1.56112,1.602574,9.568096,-0.01610,0.007899,-0.02323
-1.54195,1.602574,9.560909,-0.01717,0.007899,-0.02216
-1.50123,1.600179,9.548932,-0.02782,0.001508,-0.02429
-1.47967,1.597783,9.501022,-0.03208,-0.00275,-0.02536
-1.45332,1.592993,9.453112,-0.03102,-0.00062,-0.03175
-1.43655,1.609761,9.443531,-0.03208,0.000442,-0.03175
-1.46530,1.636111,9.438739,-0.03208,-0.00275,-0.02962
-1.48446,1.638506,9.443531,-0.02889,-0.00488,-0.02749
-1.49404,1.645693,9.453112,-0.02250,-0.00275,-0.02323
-1.51321,1.626529,9.467485,-0.01397,0.002573,-0.02110
-1.52997,1.600179,9.512999,0.008392,0.013225,-0.01364
-1.55632,1.602574,9.512999,0.013718,0.013225,-0.01044
-1.58507,1.573829,9.505813,0.017979,0.012160,-0.01044
-1.59465,1.595388,9.505813,0.015849,0.014291,-0.01151
-1.58507,1.597783,9.489045,0.012653,0.015356,-0.01897
-1.54195,1.597783,9.450716,0.008392,0.011095,-0.02110
-1.53956,1.600179,9.429158,0.006261,0.010030,-0.02323
-1.55393,1.616947,9.407598,-0.00012,0.010030,-0.02216
-1.58747,1.619343,9.469881,-0.00226,0.014291,-0.02216
-1.59226,1.624134,9.508209,-0.00439,0.010030,-0.02323
-1.57549,1.621738,9.510603,-0.00332,0.005769,-0.02216
-1.56351,1.602574,9.498626,0.002000,0.002573,-0.01684
-1.50602,1.573829,9.460299,0.006261,0.003638,-0.00831
-1.46051,1.569038,9.465089,0.009457,0.001508,-0.00405
-1.45811,1.564247,9.455508,0.010522,0.001508,-0.00192
-1.50841,1.585806,9.477067,0.008392,0.003638,-0.00299
-1.56112,1.624134,9.472276,-0.00012,-0.00168,-0.00618
-1.55872,1.626529,9.445926,-0.00971,-0.00807,-0.00405
-1.54914,1.626529,9.419575,-0.00971,-0.00914,0.001268
-1.50602,1.583410,9.421971,0.003065,0.002573,0.012986
-1.48686,1.561851,9.438739,0.003065,-0.00062,0.015116
-1.47727,1.552269,9.445926,-0.00652,-0.00701,0.009790
-1.46051,1.547478,9.524977,-0.00652,-0.00807,0.004464
-1.50841,1.542687,9.592050,-0.01078,-0.00701,-0.00405
-1.50602,1.557060,9.582468,-0.01184,-0.01127,-0.00299
-1.50602,1.554665,9.501022,-0.01291,-0.01340,0.001268
-1.49883,1.545083,9.477067,-0.01823,-0.01660,0.004464
-1.52997,1.552269,9.431553,-0.02889,-0.02086,0.007659
-1.56112,1.592993,9.477067,-0.03315,-0.02512,0.007659
-1.55872,1.612156,9.532163,-0.03634,-0.02725,0.006594
-1.51081,1.614552,9.522582,-0.03421,-0.01660,0.001268
-1.44853,1.557060,9.469881,-0.01610,-0.00807,-0.00192
-1.38864,1.492382,9.462695,-0.00545,-0.00488,-0.00299
-1.38385,1.480405,9.457903,0.008392,0.005769,-0.00192
-1.49644,1.499569,9.481858,0.011588,0.007899,-0.00086
