upDown
-0.20288,5.356289,8.032593,0.233152,-0.04075,0.022267
-0.06873,5.507205,7.239690,0.075493,0.005046,0.005223
-0.09748,5.543137,7.373837,0.010512,0.007177,-0.00649
-0.32265,5.648538,7.879283,-0.05340,0.012503,-0.02460
-0.46159,5.622188,8.217045,-0.00653,-0.03330,0.024397
-0.29151,5.519182,8.032593,-0.00013,-0.05247,0.038246
-0.07113,5.452108,8.003848,-0.03955,-0.05993,0.024397
-0.08311,5.447318,8.066130,-0.04381,-0.05886,0.014810
-0.15976,5.495227,8.219441,-0.03955,-0.05567,0.006288
-0.20048,5.519182,8.169136,-0.02677,-0.05034,-0.00223
-0.17892,5.509600,8.090085,0.009447,-0.02904,-0.00116
-0.19569,5.526368,8.018220,0.021165,-0.01412,-0.00116
-0.21007,5.519182,7.951148,0.024361,-0.00880,-0.00436
-0.20527,5.516787,7.893656,0.015839,-0.01412,-0.00329
-0.23642,5.531159,7.936774,-0.01505,-0.02158,-0.00542
-0.27953,5.519182,7.970311,-0.03635,-0.01306,-0.01075
-0.39212,5.523973,8.102063,-0.04701,-0.01625,-0.01182
-0.52387,5.516787,8.214650,-0.06085,-0.02584,-0.00649
-0.47836,5.543137,8.229022,-0.05766,-0.04608,0.015875
-0.25797,5.497622,8.128413,-0.05553,-0.06526,0.033985
-0.04717,5.456899,7.994266,-0.06085,-0.10574,0.049964
0.024686,5.444922,7.884074,-0.07470,-0.13343,0.037181
-0.21486,5.511995,7.845746,-0.08536,-0.14302,0.019071
-0.39212,5.591046,8.322446,-0.14288,-0.16646,-0.00862
-0.26756,5.624583,8.521271,-0.19188,-0.25061,0.023332
-0.00885,5.444922,8.655418,-0.18443,-0.29109,0.037181
0.252256,4.961035,8.284119,-0.10560,-0.28896,0.036115
0.067805,5.121532,8.037384,-0.01292,-0.22505,-0.02566
0.065409,5.231724,7.742741,-0.01079,-0.20800,-0.04164
0.098946,5.286820,7.555893,-0.04914,-0.16113,-0.00542
0.187579,5.583860,7.905633,-0.09068,-0.04502,0.056355
0.235488,5.444922,8.293701,-0.10986,0.044461,0.093640
0.292980,5.538346,8.502107,-0.07896,0.106246,0.118141
0.242675,5.495227,8.415870,-0.02570,0.108377,0.113880
0.209138,5.428153,8.109249,-0.00759,0.079615,0.105357
0.170810,5.346707,7.965520,-0.02890,0.006111,0.087248
0.142064,5.315566,7.931983,-0.05340,-0.00454,0.088313
0.285793,5.238911,7.869701,-0.06405,0.008242,0.096835
0.424731,5.133510,7.917611,-0.09175,0.057244,0.107488
0.458268,5.114346,8.020616,-0.12371,0.115834,0.088313
0.304957,5.123928,8.403893,-0.14714,0.120095,0.069138
-0.08071,5.258075,8.799147,-0.16845,0.089202,0.033985
-0.30109,5.272448,9.036299,-0.13649,0.071093,0.021202
-0.38973,5.294007,9.074626,-0.09175,0.064701,0.035050
-0.19809,5.188606,8.619486,0.032883,0.028482,0.086183
-0.01603,5.140696,8.382333,0.117039,0.010373,0.133054
0.331307,5.114346,7.917611,0.140474,0.008242,0.149033
0.506177,5.044877,7.754718,0.134083,0.023156,0.144772
0.609183,5.013736,7.778673,0.053123,0.025286,0.111749
0.654697,4.987386,8.025407,0.009447,0.039135,0.081922
0.228302,5.629374,5.105319,-0.02996,0.101985,0.000962
-0.05196,5.420967,6.729453,-0.06938,0.566440,-0.01075
0.530132,4.937080,9.206378,-0.16632,0.662314,-0.02353
0.125296,4.747838,11.18025,-0.33037,0.418368,-0.03845
-0.22923,4.843657,10.99100,-0.20040,-0.03330,-0.15563
-0.78019,5.174233,9.177633,-0.03422,-0.18243,-0.19078
-0.80414,5.461690,7.129498,0.276828,-0.14302,-0.18119
-0.80175,5.485645,7.246877,0.220369,-0.06206,-0.05230
-1.22575,5.528764,7.970311,-0.01718,-0.14728,-0.01501
-1.64496,5.638956,8.267351,-0.18123,-0.27724,-0.01288
-2.54566,5.667702,8.885384,-0.22810,-0.36033,0.009484
-2.80437,4.328629,8.645836,-0.29095,-0.52651,0.141576
-3.05829,4.465171,8.559598,-0.22384,-0.59469,0.291779
-3.00319,4.747838,9.215960,-0.22810,-0.46473,0.324802
-2.92893,5.052063,10.89998,-0.29308,-0.13876,0.457960
-3.34814,5.356289,11.97315,-0.41026,0.157379,0.366347
-4.17937,6.453418,14.26323,-0.42624,0.283080,0.319475
-4.56265,7.296627,15.16153,-0.35593,0.152053,0.327997
-3.91108,7.375678,15.72687,-0.16738,-0.18776,0.505897
-3.71465,7.399632,15.85622,0.142605,-0.29748,0.688057
-3.43438,7.040311,15.39389,0.376963,-0.18883,0.773278
-3.13734,6.429464,14.25125,1.254740,0.557918,1.058768
-2.64627,5.186210,13.44637,1.642496,0.911585,1.310171
-2.27257,4.532245,12.93134,1.810808,0.802929,1.506179
-1.43415,3.415952,10.89758,1.901355,0.625030,1.578617
-0.08071,2.747613,7.242085,2.147431,0.227686,1.671295
0.357657,2.405060,3.579399,2.386050,0.166966,1.663838
0.681047,2.275704,1.979219,2.460619,0.274558,1.655316
1.560188,1.887636,-0.70611,2.465945,0.638878,1.713905
2.202176,1.559456,-1.54452,2.219869,1.004263,1.774626
2.187803,1.758280,-2.10267,2.003621,1.157661,1.750124
2.633362,1.228880,-2.64405,1.753283,1.289754,1.729884
4.044299,0.699479,-3.47049,1.383637,1.219447,1.777821
4.080231,0.364112,-3.41300,0.639018,0.878562,1.589270
3.847870,0.325784,-3.30760,0.285350,0.861518,1.443328
3.421474,0.107796,-2.91713,-0.23343,0.989350,1.182339
3.260977,-0.08623,-2.86922,-0.59349,1.216251,1.009766
2.496820,-0.29464,-3.25250,-0.74475,1.308929,0.928806
2.305181,-0.55575,-3.23094,-1.38604,1.353670,0.746646
1.533838,-0.87435,-2.96265,-1.73758,1.185358,0.702970
1.217634,-1.17138,-2.90037,-2.48113,0.761383,0.688057
0.827171,-2.06729,-1.74814,-2.88487,0.611181,0.726406
0.930177,-2.57034,-0.61987,-3.72962,0.239404,0.903240
1.275126,-3.73455,2.125343,-4.08968,0.076419,1.012962
1.682357,-4.58255,4.506449,-4.44441,0.061505,1.187665
0.755307,-4.99936,6.468346,-4.36239,0.456718,1.276082
0.295375,-5.12392,8.202672,-4.01831,1.413325,1.285670
-0.67958,-5.35868,11.42938,-3.79354,2.051418,1.328280
-0.61011,-5.68686,12.15760,-3.32802,3.159292,1.450785
0.637929,-6.77920,15.34119,-3.47822,3.313755,1.473156
2.781882,-7.76853,21.27719,-3.76478,2.983523,1.364499
3.102876,-6.62349,25.15547,-4.12803,1.951283,0.896848
1.723080,-5.32993,25.63696,-3.69766,1.005329,0.215080
0.139669,-3.36804,24.98539,-3.33334,0.710251,0.033985
0.903827,-2.25893,24.45120,-2.63453,0.484415,0.035050
1.351781,-1.73432,25.27045,-2.34904,0.548331,0.100031
1.945860,-0.65875,27.50064,-2.12427,0.655922,0.118141
1.227216,0.505445,29.86738,-1.91761,0.740078,0.080856
0.510968,1.013287,29.73083,-1.40096,0.572832,-0.17374
-1.05327,1.645693,26.88021,-0.60094,0.082810,-0.47094
-1.92044,1.279185,24.15176,-0.04914,-0.17498,-0.57641
-2.03782,0.790507,23.75411,0.925574,-0.41679,-0.59238
-1.24491,-0.85518,23.82598,1.464597,-0.46366,-0.42088
-0.40889,-2.90811,23.27741,1.622256,-0.48177,-0.29092
-0.20048,-3.78725,22.38630,2.002555,-0.62026,-0.10130
-0.21486,-4.95145,19.88302,2.441444,-1.03038,-0.14284
-1.15867,-5.27723,16.27303,2.706695,-1.22320,-0.20996
-1.24731,-5.30598,14.60578,3.269154,-1.38299,-0.36122
-1.64017,-5.23172,11.72881,3.712303,-1.49484,-0.40916
-1.64735,-5.02571,10.42328,3.798590,-1.56941,-0.37933
-0.69395,-4.85324,7.452888,3.832678,-1.72494,-0.30263
-0.02561,-4.30707,5.452663,3.814568,-1.76222,-0.16841
-0.40649,-3.30815,4.319602,3.801785,-1.66848,-0.14924
-0.78019,-2.82426,3.382970,3.737870,-1.34570,-0.21422
-0.96464,-1.83972,1.040192,3.698455,-1.19017,-0.24937
-0.44961,-0.87435,-1.02710,3.682476,-1.17206,-0.22487
-0.13820,-0.39525,-1.85594,3.455575,-1.23705,-0.09065
0.295375,1.049219,-3.02014,3.051840,-1.24237,0.015875
0.223511,1.454055,-3.31957,2.791916,-1.16567,0.053159
0.108528,1.791817,-3.44893,2.029187,-0.77472,0.080856
0.201951,2.263726,-3.19261,1.741566,-0.66713,0.102162
0.755307,2.390687,-2.23682,1.420921,-0.60854,0.131989
1.107442,2.555975,-1.66190,0.714652,-0.61813,0.209753
1.217634,2.649399,-1.58285,0.167106,-0.60215,0.237450
1.267939,2.845828,-1.67628,-0.13329,-0.43171,0.212949
1.179307,2.903319,-2.04278,-0.22384,-0.28577,0.198035
0.774471,2.903319,-2.36617,-0.34421,0.064701,0.154360
0.472640,2.694913,-2.53865,-0.45500,0.206381,0.133054
0.388799,2.182280,-2.13381,-0.83956,0.328886,0.107488
0.304957,1.971478,-1.05585,-1.42546,0.258579,0.131989
0.403172,1.375004,1.766022,-2.08273,0.287341,0.184187
0.395985,1.142642,2.865546,-2.34052,0.406651,0.220406
-0.18611,0.948609,3.464416,-2.39911,0.864714,0.276865
-0.77540,0.788112,3.076348,-2.22334,1.172575,0.261951
-1.50841,0.105400,0.848553,-1.84730,1.588028,0.277930
-1.47009,-1.13066,2.602044,-2.23506,1.512394,0.354629
-1.00057,-1.82535,5.251443,-3.22682,1.223708,0.504831
-0.02561,-2.50567,9.491440,-3.47715,1.207729,0.545311
-1.18982,-2.24935,9.108163,-3.01377,1.679641,0.468612
-2.36600,-2.20863,7.764300,-2.01455,2.825864,0.288583
-4.24405,-2.79791,7.292391,-1.89204,3.347843,0.254494
-2.70376,-5.08799,14.08117,-2.91576,3.273275,0.334389
-1.41260,-5.82340,18.93920,-4.37198,2.088702,0.395109
-1.27126,-4.26634,24.21405,-4.47531,1.678575,0.314149
-1.46290,-3.61717,22.84623,-2.53759,1.768057,-0.00649
-1.92283,-3.02309,21.38738,-1.97194,1.926782,-0.08212
-2.92893,-1.63611,20.23036,-1.69817,1.907607,-0.14178
-2.82114,-1.35823,21.26282,-1.80469,1.344082,-0.12260
-0.99099,-1.08754,23.98887,-1.97407,0.886019,-0.04590
0.980482,-0.96537,25.35429,-1.83771,0.110507,0.055290
0.743330,-0.16768,24.19009,-1.02066,-0.03756,-0.09171
0.000731,0.400044,22.93007,0.037144,0.116899,-0.38892
-1.68328,1.250439,20.55854,0.448336,0.157379,-0.48373
-1.90127,1.080360,19.55005,0.875506,-0.01838,-0.46029
-1.66652,0.579705,19.78241,0.865919,-0.53823,-0.29837
-0.61251,-0.77853,20.88673,0.864854,-0.78324,-0.22913
0.077387,-1.90440,20.75018,1.203607,-0.95049,-0.16948
-0.04717,-2.30924,19.72971,1.937574,-0.85142,-0.25789
-0.47596,-2.79312,17.68637,2.271002,-0.83757,-0.31116
-0.86164,-2.85541,15.32922,2.656627,-1.03465,-0.35057
-1.03411,-2.85541,14.42373,2.670475,-1.55343,-0.38679
-0.87840,-2.93925,14.76628,2.436118,-2.02747,-0.38359
0.245070,-3.52854,14.98187,2.399899,-2.15743,-0.37188
0.613974,-3.76808,14.59860,2.724804,-2.13719,-0.45603
0.113319,-3.72496,11.70007,3.046514,-1.99338,-0.56256
-0.62927,-2.91290,8.856638,3.641996,-1.66528,-0.78520
-1.19700,-2.34038,7.222922,3.764501,-1.57900,-0.83740
-1.40301,-1.30553,6.010810,3.708042,-1.58006,-0.83100
-0.81373,-0.75697,5.256234,3.422552,-1.60030,-0.68506
-0.61251,-0.53658,4.429794,3.360766,-1.60989,-0.61262
-0.69156,0.249129,2.098993,3.399116,-1.53532,-0.61262
-0.67479,0.723434,0.977909,3.406573,-1.27326,-0.59771
-1.24491,1.918777,-1.38882,3.350114,-1.11561,-0.58173
-1.24491,3.056630,-3.13512,3.079537,-0.76939,-0.46349
-0.55981,3.612381,-3.63817,2.541579,-0.44555,-0.20782
-0.21486,3.715386,-3.67650,1.887507,-0.24315,0.013745
0.225906,3.940562,-3.41539,1.555144,-0.19309,0.085117
-0.12383,4.304674,-3.05847,0.951140,-0.10467,0.143707
-0.18851,4.366957,-2.95786,0.476033,0.050853,0.220406
0.108528,4.261556,-2.64405,0.259784,0.145661,0.291779
0.822380,3.863906,-1.54692,-0.17590,0.398128,0.435589
0.966109,3.727364,-0.77797,-0.50187,0.741143,0.478200
1.296685,3.586031,1.021028,-0.65101,0.872171,0.464351
2.039283,3.399183,2.213976,-0.91839,0.919042,0.411088
2.314763,3.336901,2.669117,-1.17086,0.766710,0.267277
2.123125,3.631545,3.500348,-1.26993,0.693206,0.166077
-0.12862,4.417262,2.870337,-1.21667,0.789080,-0.10236
-2.63908,4.858030,0.446113,-0.86406,1.357931,-0.24298
-2.31330,4.908335,0.690452,-1.11334,1.650878,-0.00116
-1.01734,3.684245,3.761455,-1.58844,1.534765,0.165012
0.161228,2.486506,6.274312,-2.27767,1.121442,0.316280
0.527736,2.249354,6.791736,-2.12214,1.040482,0.248103
-1.30001,2.405060,4.386675,-1.74717,1.221577,0.116010
-3.95659,2.464947,1.358790,-1.09096,1.761666,-0.15563
-3.99013,1.930755,1.629479,-1.88033,1.441021,0.014810
-1.80545,-0.19642,5.543692,-2.64092,0.864714,0.209753
0.175601,-1.43249,9.041090,-3.61884,0.058309,0.459025
-0.77300,-1.19294,8.801542,-3.08833,0.615442,0.236385
-4.05481,-0.54137,6.655193,-2.58553,1.245013,0.059551
-5.96400,-0.22038,5.292166,-2.22014,2.045026,0.024397
-5.18308,-2.73563,9.005158,-2.59618,2.144095,0.234254
-1.56351,-4.81491,16.99886,-3.88515,1.765927,0.807366
-1.04130,-4.65920,18.89848,-3.90220,1.560331,0.751972
-4.08835,-3.00872,16.67547,-2.86782,1.706272,0.397240
-5.76518,-2.77635,16.77848,-2.75278,1.537960,0.424936
-0.70114,-5.43294,26.34363,-3.50272,0.993611,1.041724
2.676481,-6.29771,31.15854,-3.85106,0.565375,1.540268
6.600275,-5.74914,34.24152,-3.42496,0.245796,1.441198
5.819348,-3.52614,30.54769,-1.82174,-0.65435,0.618814
4.992908,-2.65658,28.31750,-0.19721,-0.88338,-0.22806
3.538853,-0.87195,24.02241,0.483489,-0.67246,-0.52314
2.573475,0.011977,21.91199,1.556210,-0.07697,-0.91090
1.284708,0.711456,20.05070,1.891768,0.140335,-1.04086
0.089364,1.171388,18.88411,2.039839,0.204250,-1.09838
-1.42457,1.075569,18.80745,2.031317,0.114768,-1.07814
-1.63538,0.210801,19.57640,1.881115,-0.28896,-0.89598
-1.31438,-0.49107,19.84948,1.909877,-0.71400,-0.70104
-0.95266,-1.86368,19.82553,2.033448,-0.84822,-0.64884
-0.70353,-2.84822,17.28872,2.534122,-0.99097,-0.66056
-0.79456,-3.07339,15.40827,2.908029,-0.95688,-0.71382
-1.18263,-2.97997,11.28565,3.636670,-0.67672,-0.84592
-1.43655,-2.59190,7.404978,4.042535,-0.48071,-0.92155
-1.22814,-1.84930,6.240776,3.806046,-0.53504,-0.89918
-1.36469,-1.57143,6.269521,3.240391,-0.81840,-0.87894
-1.64735,-1.16659,6.233589,3.045448,-0.93451,-0.86190
-1.34552,-1.08036,5.622742,2.946379,-0.98564,-0.83740
-1.05806,-0.50784,3.960280,2.993250,-0.89190,-0.78094
-1.07723,0.076654,2.568507,3.047579,-0.54462,-0.77135
-0.96943,0.376089,2.326564,2.820678,-0.44875,-0.74578
-1.02692,1.075569,1.720507,2.649170,-0.50414,-0.72874
-1.21856,1.808585,0.649729,2.334918,-0.64582,-0.70637
-1.49165,2.218212,0.240102,1.995098,-0.70441,-0.64458
-1.33594,2.819478,0.266452,1.779915,-0.66606,-0.58599
-0.73228,2.979974,0.522768,1.381507,-0.51373,-0.41555
-0.56460,3.097353,0.458090,1.136496,-0.29855,-0.31009
-1.13951,3.665081,0.410181,1.002273,-0.24315,-0.29944
-0.60771,3.672268,0.180215,0.616647,-0.27085,-0.28133
-0.48075,3.887861,0.283220,0.249131,-0.29961,-0.25576
-0.32744,3.705805,0.393412,0.086146,-0.26020,-0.27600
-0.73707,4.041172,0.553909,-0.09920,0.094528,-0.34311
-1.37666,4.216042,0.697638,-0.28349,0.465240,-0.44112
-2.50254,4.620877,1.224643,-0.42411,0.586680,-0.45497
-2.50972,4.534640,2.781704,-0.86726,0.604790,-0.33779
-2.22227,4.462776,3.653659,-1.41054,0.321429,-0.13432
-1.47967,3.998053,4.757975,-1.58738,0.139269,-0.06082
-1.29761,3.772878,4.032145,-1.60975,-0.03117,0.003092
-1.66891,3.617172,3.157794,-1.49150,0.035939,-0.02886
-2.98643,3.348878,1.270158,-1.23158,0.511046,-0.10023
-3.28346,2.668562,2.125343,-1.45209,1.082028,-0.03206
-3.03433,1.640902,4.123172,-2.14345,1.036221,0.130924
-2.73969,1.142642,4.753183,-2.45024,0.834887,0.215080
-2.18634,0.313807,4.036935,-2.74745,0.404520,0.346107
-2.23904,-0.31141,2.901478,-2.72934,0.417303,0.381261
-2.83791,-0.83123,3.172167,-2.78154,0.634617,0.352499
-3.59727,-1.77025,5.656279,-3.23321,0.965914,0.266212
-3.44396,-2.23498,7.364255,-3.80952,0.753926,0.306692
-2.91935,-2.78354,9.292615,-3.91604,0.600529,0.350368
-4.54349,-2.84582,9.359688,-3.61884,0.708120,0.341846
-5.52803,-2.86020,9.750152,-3.28647,1.393085,0.301366
-4.82615,-4.02679,13.73622,-3.40472,1.566722,0.387652
-3.34096,-4.78377,19.34883,-3.94161,1.126769,0.590052
-4.32310,-3.75611,23.37084,-3.52190,0.460979,0.508027
-4.75429,-3.22910,23.90982,-3.02868,0.342735,0.555964
-3.40803,-2.84822,23.68704,-2.59938,0.070027,0.699774
0.590019,-3.62196,24.53983,-2.23825,-0.92386,1.121619
2.614198,-3.99326,25.11714,-1.98685,-1.68659,1.268625
5.110287,-3.48781,24.41048,-1.67686,-1.83040,1.136533
4.916253,-2.40745,22.78634,-0.84169,-1.75050,0.578334
4.211982,-1.85649,21.97667,-0.01718,-1.37766,-0.06295
2.894469,-0.99172,20.24713,0.351397,-1.16461,-0.30476
1.814108,-0.48628,18.76912,0.918117,-0.84396,-0.61689
1.289499,-0.41920,18.91285,1.115191,-0.76833,-0.75430
0.367239,-0.83362,20.12017,1.138626,-0.79496,-0.77668
0.340889,-1.80140,20.57292,1.407073,-0.87379,-0.74472
0.554087,-2.36194,20.52501,1.882180,-0.93025,-0.71596
0.297771,-2.88894,18.15828,2.208151,-0.97393,-0.75750
-0.49752,-2.68772,14.53871,2.862223,-1.01334,-0.90238
-0.69395,-2.53202,12.95530,3.124278,-1.09856,-0.97694
-0.86403,-2.45536,10.79218,3.118952,-1.13585,-0.98440
-1.03890,-2.31642,10.35381,3.057166,-1.02825,-0.98440
-1.13232,-2.24456,10.06875,3.104038,-0.74063,-0.93860
-1.28803,-2.15832,9.565700,3.184998,-0.60747,-0.91836
-1.28084,-1.98345,8.102063,3.356505,-0.38910,-0.87788
-0.90236,-1.78702,6.329408,3.512034,-0.17498,-0.91729
-1.04369,-1.37979,4.999918,3.569558,0.019960,-0.93860
-2.12884,-0.28506,2.923038,3.408703,0.360844,-0.81396
-2.34444,0.524609,2.065456,2.890985,0.225556,-0.49651
-1.96595,0.804880,2.084620,2.558623,0.016764,-0.35590
-0.94308,1.118688,1.873818,1.938639,-0.41892,-0.23659
-0.35859,1.643297,1.892982,1.481641,-0.53717,-0.26641
-0.35619,1.935546,1.924123,1.320786,-0.46366,-0.27281
-0.74665,2.503274,2.060666,1.084298,-0.17498,-0.21528
-0.49513,2.903319,2.496643,0.873376,0.091333,-0.09278
-0.24360,3.097353,2.891897,0.773241,0.158444,-0.05656
0.321725,3.310551,4.159105,0.641148,0.120095,-0.06082
0.745725,3.674663,4.568732,0.560188,-0.06845,-0.16628
0.707397,4.005239,4.305229,0.492011,-0.18563,-0.24191
-0.20048,4.824493,4.192642,0.289611,-0.27405,-0.25896
-1.03171,5.468877,4.698088,0.208651,-0.03969,-0.07999
-0.86164,5.581464,4.872957,0.189477,0.130747,0.055290
0.551691,5.593441,5.344867,-0.02570,0.292667,0.210818
0.716979,5.670097,5.859895,-0.27071,0.082810,0.177795
0.460663,5.746752,6.772572,-0.40067,-0.11958,0.149033
0.312143,5.995882,7.321136,-0.30267,-0.05993,0.159686
0.278607,6.072537,7.167826,-0.21106,0.064701,0.171404
0.544505,6.431859,6.434809,-0.27710,0.377888,0.171404
-0.26277,6.412695,7.294786,-0.44755,0.326756,0.214014
0.012709,6.431859,8.032593,-0.49868,0.242600,0.245972
0.568460,6.106074,9.117745,-0.43050,0.065766,0.226797
0.908618,5.825803,9.237520,-0.22810,-0.00986,0.144772
1.203261,5.895272,8.037384,-0.23875,0.006111,0.015875
0.882267,5.979114,7.982288,-0.30267,0.022090,-0.02993
0.331307,6.292922,8.377543,-0.34848,0.147792,0.018006
0.345680,6.158774,8.899757,-0.26432,0.267101,0.122402
0.436708,5.991091,9.081813,-0.19827,0.267101,0.156490
0.767284,5.667702,9.007554,-0.08429,0.170162,0.161816
0.887058,5.643747,8.959644,0.000925,0.033808,0.117075
0.956527,5.605419,8.518876,0.038209,0.007177,0.093640
0.975691,5.658120,8.073316,0.112778,0.070027,0.055290
0.946945,5.638956,7.634944,0.151127,0.145661,0.042507
0.882267,5.626978,7.553498,0.173498,0.264970,0.018006
0.582832,5.677283,7.613385,0.133018,0.247926,0.008418
0.561273,5.655724,7.709204,0.118104,0.222360,0.013745
0.748121,5.538346,7.690040,0.082950,0.163770,-0.00969
0.688234,5.591046,7.984684,0.028622,0.084941,-0.06082
0.637929,5.619792,8.142786,0.046731,0.072158,-0.07680
0.489409,5.677283,8.063735,0.140474,0.130747,-0.09704
0.360053,5.710820,7.656504,0.191607,0.214903,-0.10449
0.372030,5.727589,7.524752,0.166041,0.258579,-0.12260
0.384008,5.725193,7.438515,0.125561,0.235143,-0.13858
0.350471,5.765916,7.517566,0.065906,0.110507,-0.15882
0.163624,5.832990,7.690040,0.030752,0.009307,-0.15563
-0.06155,5.995882,7.479238,0.010512,-0.00347,-0.14604
-0.27714,6.070142,7.301973,-0.02144,0.025286,-0.08106
-0.43764,6.125238,7.450492,-0.02464,0.048722,-0.05230
-0.33703,6.082119,7.642130,0.038209,0.093463,-0.03525
-0.05436,5.909645,8.034989,0.107451,0.132878,-0.05017
-0.04717,5.962345,7.771486,0.025426,0.065766,-0.04271
-0.25558,6.017441,7.400187,-0.03742,0.019960,-0.02886
-0.26756,6.046187,7.445702,-0.10666,0.000785,0.011614
-0.30588,5.998278,7.852933,-0.05872,0.021025,0.040376
-0.05675,5.816221,8.375147,-0.00546,0.050853,0.037181
0.110923,5.749148,8.454197,0.089342,0.088137,-0.00010
0.285793,5.662910,8.245791,0.124496,0.098789,-0.05230
0.182788,5.761125,7.977498,0.123430,0.104116,-0.06188
0.029477,5.835385,7.852933,0.093603,0.064701,-0.05123
-0.13820,5.926413,7.785859,0.048862,0.016764,-0.03951
0.046245,5.931204,7.642130,0.030752,0.010373,-0.04910
0.120505,5.904854,7.591825,0.017969,0.023156,-0.07254
0.007918,5.957554,7.560684,0.014773,0.040200,-0.05549
-0.30828,6.058165,7.634944,0.013708,0.030613,-0.03206
-0.34182,6.041396,7.661294,0.025426,0.007177,-0.00862
-0.10466,5.976718,7.706809,0.039274,0.010373,-0.02140
0.029477,5.912040,7.543916,0.033948,0.015699,-0.03419
0.041454,5.900063,7.503193,0.013708,0.029547,-0.04697
-0.02322,5.897667,7.577453,-0.00120,0.040200,-0.05762
-0.00885,5.868922,7.682854,0.008382,0.056179,-0.05656
-0.10466,5.919227,7.721181,0.012643,0.083876,-0.03951
-0.26516,5.983905,7.558289,-0.05766,0.031678,-0.01075
-0.25079,5.976718,7.704413,-0.07896,-0.00027,-0.00649
-0.13581,5.907249,7.948752,-0.05553,-0.01732,-0.02673
-0.00885,5.849758,8.188300,-0.00120,0.006111,-0.04271
-0.14299,5.904854,8.185904,0.021165,0.006111,-0.03632
-0.23162,5.943181,8.161950,0.030752,-0.02904,-0.01927
-0.07831,5.921622,7.987080,0.027557,-0.04289,-0.06508
0.252256,5.818617,8.020616,0.042470,-0.03543,-0.09491
0.170810,5.864131,7.999057,0.071232,-0.02265,-0.11728
-0.23402,6.031814,7.855328,0.071232,-0.02158,-0.10449
-0.37296,6.094097,7.678063,0.055253,-0.01945,-0.08745
-0.35859,6.108469,7.515170,0.039274,-0.00880,-0.07680
-0.27953,6.094097,7.455283,0.016904,0.027417,-0.08212
-0.13101,6.029419,7.515170,0.016904,0.048722,-0.10662
-0.21246,6.019837,7.733159,0.024361,0.055114,-0.10556
-0.34661,6.053373,7.795441,0.024361,0.049787,-0.07573
-0.47357,6.106074,7.795441,0.010512,0.015699,-0.05549
-0.43764,6.086910,7.819396,0.009447,0.011438,-0.04484
-0.44482,6.106074,7.905633,0.038209,0.011438,-0.02993
-0.39691,6.031814,8.087689,0.089342,0.024221,-0.02034
-0.33942,6.043792,8.030198,0.096799,0.018895,-0.01927
-0.28672,6.015046,7.850537,0.015839,-0.02691,-0.02034
-0.24600,6.003068,7.503193,-0.00759,-0.03649,-0.01927
-0.26756,6.036605,7.702018,0.006251,-0.02797,-0.01501
-0.18611,5.986300,7.852933,0.020100,-0.01412,-0.01821
-0.11664,5.957554,7.817000,0.032883,0.012503,-0.04164
-0.05436,5.943181,7.795441,0.066971,0.016764,-0.06188
-0.14060,5.943181,7.879283,0.082950,0.026351,-0.06614
-0.22444,5.974323,7.778673,0.085081,0.038069,-0.07147
-0.20767,6.005464,7.591825,0.056319,0.039135,-0.07999
-0.30349,6.067747,7.551103,0.036079,0.026351,-0.07786
-0.36577,6.082119,7.543916,-0.00013,-0.01519,-0.07147
-0.38733,6.065351,7.584639,-0.00120,-0.01519,-0.06828
-0.35619,6.072537,7.706809,0.019034,0.002916,-0.06828
-0.33942,6.050978,7.828978,0.081885,0.034874,-0.06508
-0.41608,6.082119,7.850537,0.093603,0.044461,-0.06508
-0.39691,6.082119,7.603803,0.081885,0.043396,-0.06401
-0.45680,6.110865,7.529543,0.053123,0.023156,-0.04697
-0.53825,6.153984,7.563080,0.046731,0.007177,-0.03206
-0.36338,6.050978,7.599012,0.041405,-0.00241,-0.03738
-0.29870,6.036605,7.575057,0.036079,-0.00986,-0.05762
-0.31786,6.031814,7.649317,0.063776,0.003981,-0.07467
-0.35859,6.034210,7.685249,0.080820,0.025286,-0.08425
-0.37296,6.055769,7.596617,0.109582,0.068962,-0.09171
-0.56220,6.139611,7.414560,0.091472,0.056179,-0.07893
-0.70593,6.180334,7.237295,0.068037,0.035939,-0.07041
-0.74426,6.216266,7.172617,0.031818,0.030613,-0.05123
-0.68437,6.199498,7.208549,0.016904,0.064701,-0.05230
-0.71551,6.177938,7.112730,-0.00866,0.060440,-0.04271
-0.83049,6.199498,7.167826,-0.05340,0.017829,-0.00862
-0.84487,6.173148,7.428933,-0.05020,0.005046,-0.01075
-0.57897,6.048583,7.522356,-0.03635,0.028482,-0.02566
-0.53825,6.034210,7.493611,-0.02890,0.066831,-0.02566
-0.74665,6.139611,7.479238,-0.04807,0.062570,0.009484
-0.79456,6.165961,7.512775,-0.06618,0.054048,0.022267
-0.72030,6.132424,7.553498,-0.07364,0.035939,0.036115
-0.59334,6.084515,7.809814,-0.05233,0.000785,0.023332
-0.44003,6.017441,7.881679,-0.04381,-0.01412,0.015875
-0.44243,6.039000,7.843351,-0.02677,-0.03223,0.006288
-0.49513,6.005464,7.814605,-0.00440,-0.00773,0.000962
-0.49752,6.070142,7.661294,0.004121,0.012503,0.000962
-0.48555,6.058165,7.512775,-0.00227,0.034874,-0.00649
-0.45920,6.079724,7.342696,-0.00972,0.035939,-0.00756
-0.50710,6.077328,7.297182,-0.02037,0.029547,-0.00756
-0.56220,6.094097,7.261250,-0.03316,0.024221,-0.00542
-0.56939,6.125238,7.220526,-0.06512,0.023156,-0.00542
-0.56699,6.115656,7.263645,-0.09175,0.027417,-0.01501
-0.57178,6.110865,7.335509,-0.10133,0.035939,-0.01501
-0.62688,6.118052,7.407374,-0.09707,0.061505,-0.01075
-0.66042,6.130029,7.618176,-0.10560,0.055114,0.000962
-0.67239,6.125238,7.759509,-0.11305,0.035939,-0.00010
-0.61969,6.084515,7.920006,-0.06938,0.033808,-0.00436
-0.64365,6.086910,8.315260,-0.00333,0.056179,0.004157
-0.65562,6.098887,8.178718,-0.00227,0.037004,0.007353
-0.62209,6.108469,8.044570,-0.02996,-0.00667,0.012679
-0.58136,6.165961,7.943961,-0.03422,-0.01412,0.016941
-0.60053,6.149193,8.039780,-0.01718,-0.00773,0.023332
-0.58376,6.146797,8.121226,0.042470,0.013568,0.029724
-0.55741,6.098887,8.039780,0.063776,0.017829,0.030789
-0.50710,6.062955,7.742741,0.077624,0.028482,0.023332
-0.50950,6.072537,7.579848,0.062710,0.024221,0.019071
-0.56460,6.024628,7.438515,0.033948,0.006111,0.022267
-0.56699,6.029419,7.409769,-0.00120,-0.01199,0.013745
-0.53585,5.950368,7.397792,-0.01611,-0.01199,0.007353
-0.53825,5.962345,7.445702,-0.03316,0.001850,0.002027
-0.56939,5.950368,7.567871,-0.04381,-0.00773,0.004157
-0.64365,5.943181,7.668481,-0.06618,-0.06526,0.014810
-0.55741,5.890481,7.843351,-0.07151,-0.12811,0.002027
-0.41368,5.825803,7.972707,-0.06192,-0.14515,-0.00436
-0.28433,5.813826,7.972707,-0.04061,-0.16326,-0.02353
-0.22444,5.840176,7.936774,-0.02144,-0.16859,-0.04058
-0.03040,5.823408,7.898447,-0.00013,-0.17285,-0.04910
0.113319,5.849758,7.759509,0.015839,-0.18670,-0.06188
0.182788,5.904854,7.658899,-0.01292,-0.23676,-0.06508
0.357657,5.979114,7.620571,-0.02996,-0.26872,-0.06828
0.654697,6.062955,7.606198,-0.04594,-0.29109,-0.07680
0.752911,6.098887,7.678063,-0.05127,-0.30494,-0.08638
0.817589,6.113260,7.910424,-0.00866,-0.30707,-0.10130
0.922990,6.132424,7.929588,0.088277,-0.29216,-0.10236
1.085883,6.120447,7.702018,0.129822,-0.28683,-0.11302
1.267939,6.273757,7.057634,0.133018,-0.26766,-0.15669
1.150561,6.364786,6.806108,0.037144,-0.22078,-0.18332
1.100256,6.285735,6.947442,-0.03529,-0.23783,-0.19824
1.337408,6.199498,7.735554,-0.20147,-0.36459,-0.26535
1.303871,6.187520,7.965520,-0.21958,-0.37418,-0.29518
1.220030,6.137215,8.300888,-0.22064,-0.38270,-0.31755
1.014019,6.096492,8.878197,-0.18549,-0.45834,-0.34524
0.982877,6.022233,9.100977,-0.11412,-0.54782,-0.34098
0.958923,5.983905,9.045881,-0.07257,-0.57978,-0.33885
1.023601,5.892877,8.863824,-0.00972,-0.60641,-0.33353
1.306267,5.739566,8.758423,0.041405,-0.64156,-0.35057
1.454787,5.686865,8.717700,0.070167,-0.66180,-0.37401
1.533838,5.667702,8.547621,0.148997,-0.70441,-0.44431
1.232007,5.787476,8.102063,0.182020,-0.72678,-0.48160
1.114629,5.794662,7.850537,0.205456,-0.73850,-0.50823
0.791239,5.902458,7.603803,0.221435,-0.73957,-0.52208
0.915804,6.015046,7.201363,0.255523,-0.72146,-0.51675
0.937363,6.082119,6.887555,0.310917,-0.67352,-0.46988
0.946945,6.067747,6.506674,0.306656,-0.65435,-0.44857
1.006832,5.986300,6.734244,0.175628,-0.69802,-0.40703
1.100256,5.928809,7.043261,-0.03422,-0.80668,-0.39105
1.275126,6.003068,7.457679,-0.11305,-0.85462,-0.39531
1.428436,5.991091,7.333114,-0.15779,-0.88338,-0.40596
1.440414,5.892877,7.301973,-0.16951,-0.87699,-0.40596
1.699126,5.581464,7.347487,-0.18762,-0.87273,-0.40916
1.998560,5.473668,7.127103,-0.17164,-0.80881,-0.42301
2.012933,5.476063,7.007329,-0.07896,-0.61387,-0.51462
1.747035,5.538346,6.945046,-0.04488,-0.50308,-0.57321
1.193680,5.753939,7.462470,-0.07151,-0.35501,-0.71276
0.738539,5.974323,7.601408,-0.12264,-0.31666,-0.83100
-0.39691,6.101283,7.709204,-0.14181,-0.34222,-0.85018
-0.64844,5.579069,7.761905,-0.23236,-0.49243,-0.77241
-0.29630,5.327544,7.761905,-0.26112,-0.57552,-0.54977
-0.01124,4.925103,7.488820,-0.21319,-0.52332,-0.47094
0.015104,4.398098,7.268436,-0.07257,-0.23570,-0.43366
0.019895,4.314256,7.325927,-0.03635,-0.06206,-0.47734
-0.45201,4.515476,7.333114,-0.06618,-0.09721,-0.53060
-0.87361,4.527454,7.251667,-0.15992,-0.33690,-0.62434
-1.21138,4.436426,7.194176,-0.20893,-0.45940,-0.62541
-0.86882,4.457985,7.014515,-0.22491,-0.58404,-0.52314
-0.57178,4.596922,6.782154,-0.16525,-0.50308,-0.48160
-0.62688,4.829284,6.465950,-0.23769,-0.38164,-0.50929
-0.75623,4.889171,6.485115,-0.35913,-0.42105,-0.52953
-1.15388,5.047273,7.127103,-0.62651,-0.55954,-0.56043
-1.28084,4.999363,8.068526,-0.69362,-0.50947,-0.54977
-1.30959,5.030504,8.576367,-0.54768,-0.27618,-0.54232
-1.11795,5.286820,9.263870,-0.41239,-0.11852,-0.55190
-0.98380,5.713215,9.067440,-0.14927,0.192533,-0.61689
-1.16107,6.199498,8.432639,-0.03635,0.446065,-0.66376
-1.38864,6.479769,8.217045,-0.04807,0.558983,-0.66163
-2.16238,6.932514,8.367960,-0.18975,0.637813,-0.56362
-2.94570,6.918141,9.177633,-0.42091,0.321429,-0.32287
-2.94091,6.795972,9.477067,-0.51359,0.084941,-0.16841
-2.02584,6.343226,9.810039,-0.59455,-0.29535,0.108553
-0.92392,5.629374,9.726197,-0.54448,-0.44023,0.191644
-0.55981,5.588651,9.728592,-0.51253,-0.37844,0.162882
-0.89517,5.880899,10.52389,-0.39961,-0.22931,0.085117
-1.24731,5.864131,10.80655,-0.30373,-0.23357,0.120271
-1.11077,5.468877,10.44005,-0.08642,-0.42745,0.277930
-0.26277,4.961035,9.203983,0.054188,-0.65435,0.418545
0.328912,4.776584,8.432639,0.072298,-0.72572,0.457960
1.208052,4.510685,7.213340,-0.01718,-0.77153,0.472873
1.826086,4.448403,6.602493,-0.22384,-0.70122,0.448372
2.151871,4.388516,6.619261,-0.33143,-0.62771,0.408958
2.451306,4.319047,6.846832,-0.40813,-0.50201,0.348237
2.602221,4.280719,7.270832,-0.43689,-0.31559,0.275800
2.585453,4.196877,8.257768,-0.31865,0.174423,0.140511
2.391419,4.280719,9.081813,-0.21638,0.391737,0.073399
2.228526,4.338211,9.295011,-0.11092,0.545135,0.005223
1.751826,4.539431,9.503417,-0.02357,0.612246,-0.07573
1.040369,4.865216,9.534559,0.041405,0.466305,-0.24724
0.743330,4.973013,9.417181,0.023295,0.087071,-0.37720
0.585228,5.040086,8.909338,0.022230,-0.10041,-0.40170
0.403172,5.123928,8.391916,0.039274,-0.34009,-0.42620
0.252256,5.169442,8.243395,0.070167,-0.36992,-0.45603
0.019895,5.286820,8.054153,0.084016,-0.34116,-0.45390
-0.02561,5.339521,8.051757,0.086146,-0.27192,-0.39957
0.070200,5.320357,7.905633,0.076559,-0.23676,-0.35164
0.269025,5.380244,7.989475,0.044601,-0.18563,-0.23339
0.403172,5.363476,8.061339,-0.02144,-0.19522,-0.11941
0.558878,5.351498,8.090085,-0.04594,-0.21652,-0.06082
0.714584,5.320357,8.018220,-0.06618,-0.23463,-0.00542
1.033182,5.198188,7.967916,-0.08749,-0.25487,0.043572
1.409273,4.996967,8.288909,-0.14927,-0.28470,0.123467
1.830877,4.786165,8.264955,-0.17803,-0.28790,0.184187
2.024910,4.611295,8.137994,-0.16525,-0.26446,0.209753
2.015329,4.549013,8.099667,-0.12264,-0.18030,0.210818
1.689544,4.654414,8.245791,-0.09281,-0.06419,0.134120
1.483532,4.687951,8.391916,-0.09388,-0.02478,0.077661
1.378131,4.709510,8.552412,-0.13542,-0.01093,-0.01288
1.270335,4.762210,8.727282,-0.13968,-0.01945,-0.03419
1.107442,4.752629,8.866220,-0.13223,-0.01412,-0.03738
1.167329,4.661601,8.768006,-0.10773,-0.00027,-0.03845
1.174516,4.697533,8.638649,-0.02890,0.057244,-0.02566
1.040369,4.675973,8.351192,0.049927,0.100920,-0.00969
1.040369,4.728674,8.252978,0.069102,0.105181,-0.01714
1.049951,4.618482,8.264955,0.061645,0.086006,-0.00969
1.112233,4.383725,8.609904,0.008382,0.045526,0.011614
0.968505,4.467567,9.165655,-0.01079,0.047657,0.023332
0.731352,4.565782,9.263870,-0.00866,0.078549,-0.00969
0.292980,4.879589,9.144096,0.073363,0.121160,-0.08106
0.362448,4.980199,8.583554,0.120234,0.112638,-0.10130
0.546900,4.980199,8.305678,0.164976,-0.03969,-0.07147
0.994855,4.963431,8.027802,0.123430,-0.24635,0.022267
1.454787,4.932290,7.749927,0.092538,-0.31133,0.063812
1.756617,4.800538,7.560684,0.047797,-0.33903,0.114945
1.919510,4.937080,7.781068,0.014773,-0.27724,0.117075
1.725476,4.886775,8.006243,-0.06938,-0.20054,0.026528
1.682357,4.884380,8.454197,-0.18549,-0.18457,-0.02993
1.579352,4.747838,8.423057,-0.21425,-0.18989,-0.04590
1.715894,4.697533,8.214650,-0.20040,-0.14728,-0.03845
1.725476,4.606504,8.135599,-0.11838,-0.03756,-0.01927
1.821295,4.443612,7.999057,-0.06512,0.113703,-0.00329
1.864413,4.441216,8.070921,-0.05127,0.194663,-0.00010
1.854832,4.364561,8.173927,-0.04488,0.321429,-0.00649
1.818899,4.302278,8.284119,-0.05766,0.373627,-0.02247
1.701521,4.283115,8.669791,-0.08003,0.436478,-0.05869
1.265544,4.419657,9.213564,-0.08855,0.464175,-0.12154
0.966109,4.481940,9.481858,-0.02677,0.489741,-0.17054
0.544505,4.592132,9.604027,0.040340,0.499328,-0.17906
0.324121,4.673578,9.244706,0.197999,0.470566,-0.17800
0.324121,4.731070,8.974017,0.289611,0.342735,-0.18226
0.096550,4.867612,8.526062,0.290677,0.251122,-0.18652
0.091759,4.905939,8.341610,0.232087,0.019960,-0.18545
0.158833,5.107160,8.193091,0.182020,-0.09828,-0.18013
0.127692,5.291611,8.212254,0.087211,-0.26872,-0.17161
0.259443,5.423363,8.082899,0.042470,-0.36140,-0.13858
0.379217,5.466481,8.034989,0.005186,-0.43277,-0.08319
0.544505,5.471272,7.915215,-0.02783,-0.46899,-0.05230
0.781657,5.428153,7.721181,-0.10347,-0.56060,0.014810
0.899036,5.392221,7.575057,-0.18229,-0.61280,0.092574
1.255962,5.377849,7.534334,-0.22171,-0.61600,0.138381
1.524256,5.344312,7.766695,-0.28776,-0.52971,0.238515
2.125520,4.848448,8.169136,-0.29628,-0.44555,0.278995
2.386628,4.560990,8.382333,-0.24088,-0.27831,0.278995
2.276436,4.532245,8.437430,-0.20253,-0.20054,0.165012
1.723080,4.704719,8.458989,-0.20573,-0.20054,0.107488
1.533838,4.793352,8.377543,-0.21319,-0.20587,0.088313
1.775781,4.690346,8.293701,-0.15992,-0.10254,0.200166
2.111148,4.508290,8.224232,-0.06192,0.139269,0.269408
2.415374,4.280719,8.233814,-0.01079,0.291602,0.237450
2.527961,3.899838,8.502107,0.052058,0.481219,0.058486
2.046470,3.986076,9.021926,0.042470,0.399194,-0.14391
1.610493,4.136991,9.242310,0.015839,0.260709,-0.21209
