upDown
-0.78498,6.058165,7.500797,0.334269,-0.19096,-0.07296
-0.71072,6.096492,7.431328,0.318290,-0.15793,-0.05272
-0.63886,6.055769,7.371441,0.277810,-0.11426,-0.03035
-0.59334,6.053373,7.349882,0.254374,-0.10254,-0.02396
-0.35619,6.017441,7.182199,0.191524,-0.07697,-0.02715
-0.24121,5.976718,7.045657,0.103107,-0.04928,-0.06976
-0.46399,5.962345,7.167826,-0.00022,-0.05780,-0.11770
-0.95745,6.084515,7.771486,-0.01833,-0.13130,-0.09533
-0.98620,6.170752,7.828978,0.041322,-0.13556,-0.01437
-0.90236,6.216266,7.826582,0.072214,-0.10361,0.019714
-0.78258,6.180334,7.742741,0.096715,-0.03969,0.054867
-0.53346,6.065351,7.634944,0.092454,-0.02478,0.054867
-0.41129,6.022233,7.656504,0.083932,-0.02051,0.047410
-0.31307,5.988696,7.704413,0.079671,-0.03010,0.032497
-0.27714,5.943181,7.778673,0.074345,-0.04715,0.011191
-0.15018,5.902458,7.644526,0.053040,-0.07271,-0.01650
-0.15257,5.955159,7.639735,0.027473,-0.10147,-0.04420
-0.25079,6.029419,7.599012,-0.02578,-0.15900,-0.08042
-0.29151,6.060560,7.654108,-0.03963,-0.16433,-0.08361
-0.31068,6.079724,7.694831,-0.03218,-0.13556,-0.06657
-0.26756,6.079724,7.737950,0.023212,-0.08550,-0.06124
-0.25797,6.005464,7.963125,0.066888,-0.07165,-0.05698
-0.30349,6.005464,7.984684,0.106303,-0.05886,-0.04952
-0.33942,6.022233,7.920006,0.130804,-0.06206,-0.04846
-0.31786,6.022233,7.838560,0.139326,-0.07271,-0.05591
-0.26037,6.036605,7.718786,0.124412,-0.08230,-0.06976
-0.24600,6.067747,7.591825,0.092454,-0.08869,-0.06976
-0.21246,6.122842,7.505589,0.056235,-0.11852,-0.07829
-0.19330,6.139611,7.474447,0.039191,-0.11745,-0.08361
-0.20048,6.115656,7.455283,0.027473,-0.10467,-0.08361
-0.18851,6.115656,7.431328,0.022147,-0.08656,-0.07935
-0.18132,6.142006,7.388210,0.022147,-0.06632,-0.06976
-0.23162,6.177938,7.404978,0.057301,-0.04182,-0.04420
-0.29151,6.197102,7.440910,0.112694,0.002916,-0.03461
-0.33223,6.185125,7.531939,0.125478,0.015699,-0.03887
-0.31547,6.197102,7.723577,0.120151,0.016764,-0.04207
-0.21246,6.185125,7.706809,0.095650,0.007177,-0.04526
-0.15257,6.180334,7.654108,0.063692,-0.00773,-0.04846
-0.14778,6.153984,7.527148,0.033865,-0.02478,-0.04739
-0.15497,6.130029,7.412165,0.010429,-0.04928,-0.03994
-0.14539,6.185125,7.313950,-0.00128,-0.07697,-0.02715
-0.22444,6.185125,7.378628,-0.01620,-0.10574,-0.01330
-0.31068,6.197102,7.517566,-0.01194,-0.10467,-0.01970
-0.33942,6.218662,7.565475,0.025343,-0.06206,-0.02822
-0.17892,6.158774,7.589430,0.045583,-0.03436,-0.02822
-0.17413,6.115656,7.620571,0.056235,-0.00986,-0.02928
-0.21246,6.158774,7.646922,0.056235,-0.00347,-0.03354
-0.21246,6.187520,7.632549,0.038126,-0.00986,-0.04526
-0.19090,6.189916,7.560684,0.020016,0.017829,-0.03994
-0.15976,6.180334,7.524752,0.009364,0.038069,-0.03035
-0.17892,6.192311,7.440910,-0.01300,0.054048,-0.01330
-0.22444,6.209080,7.397792,-0.01407,0.040200,-0.00798
-0.28912,6.230639,7.376233,0.006168,0.016764,0.001604
-0.31307,6.247407,7.378628,0.030669,0.011438,-0.01437
-0.35379,6.185125,7.534334,0.026408,0.023156,-0.03567
-0.37056,6.175543,7.639735,0.014690,0.019960,-0.04526
-0.28433,6.173148,7.730763,0.000842,0.008242,-0.05272
-0.16695,6.077328,7.627758,0.006168,0.009307,-0.06124
-0.12143,6.086910,7.517566,0.021082,0.015699,-0.07722
-0.13581,6.070142,7.570266,0.046648,0.019960,-0.09107
-0.16455,6.113260,7.697227,0.127608,0.009307,-0.11663
-0.10466,6.134820,7.766695,0.170219,0.014634,-0.11770
-0.12383,6.130029,7.862514,0.198981,0.018895,-0.11131
-0.17174,6.127634,7.939170,0.213894,0.012503,-0.10066
-0.32026,6.177938,7.951148,0.206438,0.006111,-0.08787
-0.47357,6.338436,7.613385,0.142522,-0.00667,-0.07509
-0.48555,6.388741,7.378628,0.091389,-0.01199,-0.06763
-0.44722,6.405509,7.151058,0.042387,-0.02478,-0.05378
-0.34661,6.472582,6.801318,-0.00128,-0.03330,-0.03035
-0.42326,6.508514,6.806108,-0.04070,-0.03543,-0.00265
-0.53106,6.551633,6.892346,-0.08650,-0.04715,0.036758
-0.62927,6.589961,6.973792,-0.08757,-0.04715,0.048476
-0.66042,6.597147,7.119916,-0.06946,-0.05886,0.071911
-0.62448,6.510910,7.498402,-0.07692,-0.08337,0.081499
-0.64125,6.439045,7.634944,-0.09077,-0.12065,0.087890
-0.69156,6.324063,7.699622,-0.10994,-0.15580,0.094282
-0.68916,6.228243,7.622967,-0.13125,-0.19841,0.107065
-0.70593,6.204288,7.594221,-0.10994,-0.17817,0.111326
-0.67958,6.180334,7.594221,-0.05881,-0.12917,0.121979
-0.63646,6.165961,7.639735,0.014690,-0.08656,0.144349
-0.61251,6.187520,7.910424,0.079671,-0.07378,0.168850
-0.61490,6.201893,8.020616,0.118021,-0.08976,0.184829
-0.63167,6.197102,7.965520,0.125478,-0.11958,0.194417
-0.56699,6.213871,7.766695,0.122282,-0.15900,0.196547
-0.42326,6.252198,7.620571,0.112694,-0.20374,0.186960
-0.31786,6.213871,7.531939,0.075410,-0.28896,0.134762
0.063014,6.158774,7.364255,0.071149,-0.34329,0.099608
0.108528,6.201893,7.395396,0.223482,-0.12811,0.019714
0.115714,6.225848,7.428933,0.204307,-0.05354,0.006930
0.125296,6.245012,7.409769,0.197915,-0.04608,0.048476
0.237884,6.443837,7.630153,0.159566,-0.02051,0.038888
0.091759,6.625893,7.213340,0.110564,-0.03330,0.010126
0.144460,6.609125,7.352278,0.108433,-0.07697,0.029301
0.546900,6.472582,7.043261,0.174480,-0.15154,0.115587
0.235488,6.563611,7.239690,0.191524,-0.14089,0.159263
-0.07831,6.628288,7.651712,0.078606,-0.05993,0.139023
-0.01603,6.633080,7.579848,-0.17173,0.010373,0.038888
0.546900,6.455814,6.286290,-0.28038,-0.06526,0.088956
0.970900,6.539656,5.608369,-0.25055,-0.07697,0.134762
0.357657,6.534865,6.477928,-0.17066,-0.10574,0.149676
0.027081,6.819927,7.309159,-0.07266,-0.15900,0.125175
0.223511,6.659430,8.257768,-0.24949,-0.12385,0.015452
0.333703,6.455814,8.626672,-0.37626,-0.11639,-0.03674
0.757702,6.391136,7.642130,-0.53178,-0.07697,-0.07509
1.138584,6.350413,6.715080,-0.42739,-0.00027,-0.03248
1.076301,6.264176,6.585724,-0.31021,0.031678,-0.01117
0.755307,6.307294,7.438515,-0.07692,0.042330,-0.00265
0.688234,6.326458,7.970311,0.077541,-0.03649,-0.03248
0.681047,6.316876,8.415870,0.112694,-0.07058,-0.05272
0.671465,6.266571,8.717700,0.109499,-0.10147,-0.08148
0.666674,6.151588,8.756028,0.123347,-0.12171,-0.06657
0.630742,6.139611,8.423057,0.138261,-0.09828,-0.05059
0.609183,6.228243,8.020616,0.156370,0.000785,-0.02076
0.328912,6.427068,7.625362,0.137195,0.014634,0.000539
0.086968,6.453418,7.575057,0.104172,-0.00880,-0.00052
0.142064,6.484560,7.493611,0.007233,-0.10361,-0.01330
0.175601,6.429464,7.448097,-0.07372,-0.15580,-0.03781
0.307352,6.237825,7.443306,-0.09503,-0.15580,-0.06231
0.419940,6.127634,7.342696,-0.09183,-0.14941,-0.13474
0.635533,5.919227,7.282809,-0.04283,-0.11000,-0.22103
0.968505,5.837780,7.287600,-0.02152,-0.08443,-0.26045
1.097860,5.801848,7.330718,-0.01300,-0.02265,-0.31797
1.229612,5.756334,7.481634,-0.04283,0.024221,-0.33288
1.133793,5.909645,7.498402,-0.04815,0.040200,-0.34247
1.030787,6.041396,7.388210,-0.01087,0.049787,-0.36591
0.752911,6.237825,7.146266,0.062627,-0.02904,-0.34993
0.527736,6.374368,7.002538,0.096715,-0.08550,-0.31690
0.453477,6.412695,7.110334,0.138261,-0.19415,-0.16457
0.118110,6.486955,7.438515,0.128673,-0.20054,-0.11770
-0.43764,6.683384,7.649317,0.114825,-0.17711,-0.09533
-0.56220,6.781599,7.606198,0.105238,-0.06419,-0.12090
-0.65323,6.776808,7.033679,0.120151,-0.00880,-0.12942
-0.46159,6.659430,6.832459,0.127608,-0.01199,-0.11344
-0.17413,6.575588,6.698312,0.106303,-0.03969,-0.05272
-0.01843,6.599543,6.762990,0.013625,-0.08017,0.044215
-0.31786,6.740876,6.959419,-0.03750,-0.09082,0.077238
-0.38973,6.824717,6.937860,-0.10461,-0.10361,0.104935
-0.48794,6.937305,6.650403,-0.11527,-0.10041,0.099608
-0.33463,6.896582,6.494697,-0.10461,-0.10680,0.090021
-0.11904,6.800763,6.576143,-0.04496,0.311842,0.071911
0.218720,6.685780,6.933069,-0.07266,0.452457,0.080434
0.453477,6.566006,7.304368,-0.07905,0.401324,0.095347
0.534923,6.486955,7.452888,-0.07479,0.279884,0.058063
0.242675,6.994797,4.099218,-0.08757,-0.07484,-0.02609
0.067805,6.424673,5.919782,-0.17705,-0.45088,-0.00798
0.482222,6.259385,7.402583,-0.21540,-0.32944,0.049541
0.712188,6.086910,7.958334,-0.21327,-0.21972,0.080434
0.348076,6.156379,8.303282,-0.08970,0.097724,0.078303
-0.14539,6.597147,7.543916,-0.03963,0.133943,0.047410
-0.10466,6.544446,7.098357,0.006168,0.107311,0.003735
-0.03999,6.451023,7.091170,-0.00022,0.061505,-0.01224
0.443895,6.098887,7.529543,-0.02152,0.005046,-0.02609
0.465454,6.017441,7.527148,-0.09503,-0.05673,-0.01970
0.345680,6.113260,7.268436,-0.13444,-0.05460,0.006930
0.261838,6.161170,7.112730,-0.17066,-0.06952,0.036758
0.094155,6.233035,6.700707,-0.30382,-0.12704,0.069781
-0.10466,6.463000,6.595306,-0.48704,-0.21652,0.091086
-0.15736,6.429464,6.533024,-0.57120,-0.25168,0.108130
-0.06873,6.417486,6.463555,-0.62979,-0.34009,0.092151
-0.08790,6.700153,6.877973,-0.41674,-0.36459,0.030366
-0.04717,6.736085,7.412165,-0.25908,-0.31666,0.014387
0.259443,6.618707,9.098582,-0.06094,-0.36353,0.108130
0.343285,6.558819,10.21727,-0.16107,-0.55741,0.342488
0.067805,6.719316,10.35141,-0.26760,-0.67565,0.458602
-0.80894,7.124153,9.532163,-0.49557,-0.98564,0.614131
-0.97183,7.373282,8.485339,-0.87373,-1.41388,0.650350
-0.76342,7.078639,7.996662,-0.89184,-1.34890,0.666329
0.103737,6.278549,7.234899,-0.74697,-1.03145,0.655676
1.021205,5.476063,6.109025,-0.62659,-0.75768,0.657806
1.572165,4.752629,5.668256,-0.32512,-0.02158,0.610935
1.967419,4.180109,4.875353,-0.00128,0.699598,0.476712
2.192594,3.911816,4.429794,0.112694,0.979762,0.396817
2.839373,3.411161,3.632100,-0.08118,1.199207,0.270050
2.968729,2.956020,3.181749,-0.40928,1.145943,0.233832
2.834582,2.841037,2.570902,-1.17840,0.807190,0.183764
2.257272,2.790732,0.767107,-1.50011,0.880693,0.149676
1.864413,2.718867,0.314362,-1.67801,1.102268,0.103869
1.449996,2.373919,1.536056,-1.82821,1.266318,0.106000
1.114629,1.976269,2.762541,-2.15951,1.572049,0.124109
0.422335,1.595388,3.550653,-2.22342,1.702011,0.141154
0.010313,1.341467,3.826133,-2.19679,1.794689,0.145415
-0.37056,0.785716,6.032369,-2.06576,1.842626,0.093217
-0.65323,0.495863,7.510379,-1.71529,1.778710,-0.04313
-0.44722,0.165287,9.081813,-1.85697,1.429304,-0.04846
-0.26756,-0.06946,10.45442,-2.09346,1.161922,-0.00372
-0.93350,0.076654,11.09162,-2.52063,0.637813,0.169916
-1.64256,0.380880,10.13342,-2.39813,0.476958,0.231701
-2.12405,0.419208,10.32506,-2.16164,0.555787,0.233832
-1.90127,0.244338,11.87015,-1.88787,0.600528,0.289225
-1.03171,-0.05270,14.16022,-1.93580,0.184010,0.417057
-0.95745,0.083841,14.58901,-1.95072,-0.04715,0.469255
-1.48925,0.421603,14.45008,-1.81223,-0.19415,0.425579
-1.37187,0.570123,14.99625,-1.40210,-0.05780,0.320118
-0.83289,0.469513,15.48971,-1.14005,0.003981,0.261528
0.290584,0.114982,16.81681,-0.63192,-0.00027,0.188025
0.211533,0.184451,18.68288,-0.18131,-0.10467,0.201874
0.166019,0.177265,19.46142,0.046648,-0.19522,0.189090
0.055827,0.565332,20.70706,0.587802,-0.47751,0.115587
0.142064,0.685106,21.53111,1.091672,-0.82692,0.017583
0.400776,0.431185,22.10602,1.263179,-1.03571,-0.01437
0.800821,-0.18924,22.54679,1.647739,-1.36275,-0.06550
0.630742,-0.63959,21.67723,2.196350,-1.40855,-0.20186
0.522946,-1.03484,21.04722,2.569192,-1.33079,-0.30306
0.769680,-1.51154,20.15371,2.652283,-1.29350,-0.31797
1.184098,-2.02417,18.01694,2.797159,-1.22426,-0.32543
0.604392,-2.06490,15.10644,2.897294,-1.17420,-0.34780
0.319330,-2.08406,13.95182,3.180654,-1.06980,-0.32649
0.367239,-2.05052,12.54807,3.562018,-0.92386,-0.36165
0.245070,-1.98585,11.86056,3.705828,-0.88018,-0.29986
0.115714,-1.60736,10.87363,3.637652,-0.90468,-0.24979
-0.03520,-1.22648,8.808729,3.371336,-0.98032,-0.13261
-0.63407,-0.49107,6.161725,3.095432,-1.00482,-0.04420
-0.58616,-0.16528,4.868166,2.937773,-0.95369,-0.03141
-0.67000,0.680315,3.313501,2.586236,-0.78111,-0.01330
-0.03040,1.224089,1.797163,2.148413,-0.58937,0.010126
0.201951,1.466032,1.078519,1.915120,-0.51054,0.049541
0.498991,2.270913,-0.19347,1.469840,-0.39442,0.111326
0.355262,3.006325,-0.87858,1.047996,-0.34542,0.136893
0.364844,3.341692,-0.98877,0.844530,-0.32092,0.126240
0.613974,3.801624,-0.92649,0.490863,-0.20694,0.067650
0.937363,3.957330,-0.96482,0.292724,0.018895,0.000539
1.217634,4.033985,-1.03908,0.193654,0.192533,0.004800
1.576956,4.026799,-0.81390,-0.11314,0.563244,0.029301
1.536233,4.122618,-0.76599,-0.58718,0.749665,0.001604
1.402086,4.228019,-1.13729,-0.85882,0.763514,-0.03461
1.600911,4.175318,-1.63555,-1.34352,0.701728,-0.13048
1.785363,3.854324,-1.60202,-1.61303,0.687880,-0.23488
1.809318,3.648313,-1.26665,-1.73660,0.720903,-0.25938
1.794945,3.430325,-0.16233,-2.03487,0.905194,-0.26471
1.323035,3.185986,0.803039,-2.45032,1.193880,-0.10811
0.942154,3.054234,0.728779,-2.67296,1.292950,-0.00585
0.108528,2.898528,1.186316,-2.81997,1.464457,0.126240
-0.88080,2.529625,1.495333,-2.61544,1.691358,-0.10172
-0.78019,2.184676,2.513411,-2.57176,1.870323,-0.31158
0.113319,1.015682,4.916076,-2.91797,1.920390,-0.57683
1.543419,0.055095,6.156934,-3.36858,1.634899,-0.48841
0.939759,-0.15331,5.615556,-3.40267,1.490024,-0.39254
-1.35271,0.117378,6.324617,-3.07563,1.370714,-0.19866
-3.04392,-0.16768,8.842266,-2.82317,1.334495,-0.06870
-3.04871,-0.31141,10.69636,-2.80719,1.292950,0.005865
-2.80197,-0.74499,12.58160,-3.01278,1.085223,0.229570
-2.79479,-0.64917,12.80438,-3.16086,0.654857,0.433036
-3.19962,-0.72822,13.16131,-3.01385,0.452457,0.510800
-3.79849,-0.92465,14.24167,-2.01144,0.206381,0.393621
-3.17567,-1.30793,18.14151,-1.71955,0.205316,0.310530
-2.66304,-1.45405,20.10340,-1.50330,0.135008,0.232766
-0.79935,-1.57862,22.23778,-1.07187,-0.23570,0.081499
-0.36577,-1.04203,22.54679,-0.43591,-0.51693,-0.10492
-0.22204,-0.71145,22.96840,-0.01513,-0.58723,-0.23701
0.077387,-0.19642,24.37215,0.903120,-0.60747,-0.47776
0.731352,-0.10300,25.16984,1.560388,-0.59150,-0.53635
0.951736,-0.06467,25.36388,1.748939,-0.61387,-0.50546
0.230697,0.124564,23.92898,2.093019,-0.81520,-0.38828
-0.98380,0.071864,21.47841,2.494624,-1.19124,-0.31584
-1.35750,-0.10540,20.60166,2.675719,-1.38299,-0.31477
-1.70964,-0.59168,20.09382,2.915403,-1.67380,-0.34780
-1.27126,-1.42770,18.96076,3.175327,-1.77394,-0.33075
-1.14430,-1.87086,17.80375,3.287180,-1.70150,-0.32649
-0.99099,-2.26133,15.42983,3.420338,-1.63119,-0.33714
-1.12035,-2.16790,12.23186,3.473601,-1.60350,-0.34993
-0.87601,-1.98106,10.62689,3.386250,-1.52893,-0.31903
-0.38733,-1.64329,8.974017,3.160413,-1.41814,-0.27110
-0.49992,-1.47561,8.039780,3.084780,-1.38192,-0.27110
-0.47596,-1.06119,5.615556,2.938839,-1.40003,-0.27962
-0.01124,-0.42160,4.805884,2.770527,-1.40003,-0.33608
0.252256,0.138937,4.161500,2.684241,-1.33185,-0.38082
0.498991,0.392858,3.636890,2.584106,-1.21681,-0.42450
0.980482,0.867162,2.269072,2.482906,-1.08791,-0.45432
1.176911,1.161806,1.514496,2.219786,-0.83651,-0.43728
1.191284,1.513942,0.884486,2.047213,-0.72039,-0.40106
1.064324,1.993037,0.314362,1.631760,-0.53291,-0.29560
0.808007,2.979974,-0.81630,1.127891,-0.41360,-0.18694
0.664279,3.423138,-1.35289,0.572888,-0.32092,-0.13155
0.669070,3.760900,-1.76251,0.014690,-0.18350,-0.12942
0.772075,4.024403,-2.09069,-0.27825,-0.11213,-0.14753
0.944550,4.378934,-2.75664,-0.52965,-0.02051,-0.16990
1.308663,4.599318,-3.00337,-0.72779,0.108377,-0.18907
1.509883,4.690346,-3.23573,-0.87800,0.263905,-0.19227
1.588933,4.695137,-3.04888,-1.14644,0.595202,-0.16990
1.392504,4.757420,-2.29191,-1.54059,0.780558,-0.06018
1.186493,4.793352,-1.94217,-1.77708,0.821038,0.026105
0.695420,4.752629,-1.70502,-2.21597,0.947804,0.179503
-0.06155,4.642436,-1.60920,-2.39067,1.337691,0.206135
-0.24839,4.402889,-1.36965,-2.27456,1.911868,0.085760
-0.02801,3.576449,-0.49770,-2.23408,2.178184,0.017583
0.534923,2.692517,1.078519,-2.57709,2.335843,0.027170
0.628347,1.844518,1.938496,-2.94141,2.169662,0.111326
0.079782,1.624134,1.909750,-3.58057,1.593354,0.314792
-1.57070,1.061196,1.828304,-3.42291,1.480436,0.319053
-2.23904,0.692292,2.578089,-3.07563,1.619986,0.228505
-2.12884,-0.46232,5.972482,-2.60585,1.985371,0.132631
-1.22814,-1.22648,9.766920,-2.98935,1.932108,0.295617
-1.14670,-1.29834,10.79937,-3.37178,1.719055,0.384034
-3.10380,-1.01328,9.728592,-3.90228,1.164053,0.309465
-4.01888,-1.53071,9.266265,-3.80108,0.809320,0.112391
-3.48708,-2.23019,10.15977,-3.59974,0.736882,0.097478
-1.51800,-3.39199,13.92786,-3.18642,0.548331,0.247680
-1.98991,-3.42793,17.25518,-2.93076,0.106246,0.290290
-2.56722,-2.99913,18.55832,-2.69214,-0.12278,0.157133
-2.80437,-2.57513,19.57640,-1.95604,-0.18243,-0.24021
-0.32505,-2.75480,21.14544,-1.19438,0.094528,-0.41597
0.875081,-2.65898,21.97188,-0.87267,0.199989,-0.39893
0.994855,-1.62173,22.54200,-0.22179,0.189337,-0.30625
-0.94787,-0.13414,22.44379,0.564366,-0.10147,-0.23594
-1.58028,0.423999,22.64261,0.943600,-0.31240,-0.22210
-1.94439,1.216902,23.69902,1.503929,-0.69057,-0.16777
-1.79348,1.149829,23.73495,1.748939,-0.88551,-0.06018
-1.74317,1.065987,22.81748,1.790485,-0.88338,0.014387
-1.76473,0.821648,20.15371,1.899141,-0.83864,0.134762
-1.76234,0.316202,17.60252,2.166523,-0.88977,0.080434
-1.66891,-0.13654,17.06354,2.364662,-0.96114,-0.01543
-0.89038,-1.25283,17.41568,2.831247,-1.13158,-0.22529
0.209138,-2.47932,17.95945,3.223264,-1.19124,-0.30945
0.510968,-2.91290,18.04329,3.386250,-1.18485,-0.28814
0.352867,-3.38241,16.96533,3.560953,-1.17313,-0.22316
-0.59334,-3.09735,15.03457,3.465079,-1.31907,-0.19014
-0.78258,-2.87697,14.12429,3.403294,-1.41281,-0.20292
-0.73947,-2.58472,11.90368,3.347900,-1.51082,-0.24127
-0.45440,-2.30445,10.38495,3.403294,-1.48312,-0.29453
-0.31307,-2.18707,9.836389,3.417142,-1.42240,-0.29134
-0.04717,-1.93794,9.086605,3.483188,-1.28924,-0.30306
-0.09748,-1.32230,7.268436,3.551365,-1.16248,-0.34247
0.300166,-0.86716,6.219216,3.519407,-1.13052,-0.34247
0.357657,-0.18924,4.528008,3.368140,-1.12306,-0.33608
0.216324,0.215592,3.565026,3.201959,-1.06234,-0.33501
0.288189,1.082756,2.015151,3.091171,-0.99523,-0.30199
0.130087,1.964292,0.299989,2.688502,-0.84609,-0.19866
-0.08311,2.845828,-1.86073,2.045083,-0.64902,-0.09533
0.039059,3.245873,-2.94588,1.680762,-0.55208,-0.04952
0.477431,4.132200,-4.47899,0.927621,-0.40401,0.055932
0.563669,4.491521,-4.83352,0.230939,-0.25381,0.157133
0.700211,4.898753,-5.06827,-0.06626,-0.13450,0.174177
1.004437,5.037691,-4.92454,-0.50089,0.219164,0.151806
1.318244,4.965826,-4.59397,-0.90569,0.552592,0.098543
1.521860,4.896358,-4.17955,-1.11555,0.664444,0.052737
1.605702,4.774188,-3.91365,-1.63114,0.707055,-0.01650
1.696730,4.611295,-3.42977,-2.28414,0.586680,-0.02289
1.452391,4.489126,-2.87641,-2.77629,0.611181,0.050606
1.176911,4.422053,-2.72310,-2.87749,0.719838,0.114522
0.784053,4.189691,-2.04278,-2.94887,1.059657,0.225309
0.187579,3.854324,-0.23420,-3.08948,1.364322,0.247680
-0.02322,3.557285,0.620983,-3.25886,1.392019,0.242354
0.051036,2.853014,1.809140,-3.44422,1.401607,0.169916
-0.13820,2.055320,2.182835,-3.22158,1.647683,0.067650
-0.05436,1.602574,2.894292,-3.01065,1.940630,-0.02076
-0.06873,0.881535,5.241861,-2.77416,2.563809,-0.04420
0.094155,0.294643,6.892346,-2.90413,2.640508,0.038888
-0.39931,0.232361,7.246877,-3.58163,1.969392,0.370185
-2.47379,0.443163,7.352278,-3.77019,0.977632,0.443688
-3.53499,0.447954,7.704413,-3.42611,0.789080,0.317987
-3.87275,-0.40244,10.14540,-2.52383,1.094811,-0.04952
-0.98141,-1.70079,14.99385,-2.42582,1.329169,-0.04846
0.479827,-1.87805,16.07421,-2.82530,1.110790,0.388295
-0.53106,-1.60017,14.78784,-2.87110,0.851931,0.547019
-3.38407,-0.67312,13.04154,-2.31291,0.532352,0.482038
-4.08835,-0.73301,14.99864,-1.61729,0.518503,0.149676
-2.54805,-1.22169,17.22644,-1.41382,0.570701,0.002669
0.043850,-1.96668,19.59317,-1.20077,0.572832,-0.00478
0.695420,-1.69360,18.30680,-1.09105,0.326756,0.137958
0.070200,-1.27918,17.76302,-0.93552,0.189337,0.133697
-1.96835,-0.16289,17.62648,-0.36241,0.075354,0.015452
-2.09052,0.119773,18.14151,0.265027,0.253253,-0.02396
-1.23293,0.182056,19.98363,0.937208,0.343800,0.141154
-1.37187,0.309016,20.93224,1.272766,0.302255,0.255137
-2.73969,0.675524,20.92026,1.542278,0.172293,0.365924
-3.40324,0.974959,21.45685,1.741482,-0.06099,0.457537
-4.01888,1.018078,21.65328,1.892750,-0.37418,0.524649
-4.13146,0.780925,21.30114,2.081302,-1.17526,0.585369
-3.89671,0.244338,20.60885,2.176110,-1.94332,0.586434
-3.38647,-0.34734,19.49735,2.281571,-2.19578,0.557672
-2.79958,-0.96537,18.14151,2.684241,-2.29911,0.483103
-2.34444,-1.20732,17.54982,3.047496,-2.04665,0.466059
-1.89648,-1.63850,15.92090,3.211546,-1.90816,0.466059
-1.58267,-1.96429,13.99493,3.474666,-1.74411,0.393621
-1.15388,-2.06490,13.31701,3.711155,-1.69724,0.254072
-0.20767,-2.30445,11.82942,3.819812,-1.66315,0.167785
0.482222,-2.28768,10.14540,3.874140,-1.46288,0.033562
0.657092,-2.23977,8.861429,3.660022,-1.24237,-0.02609
0.707397,-1.72234,5.852708,3.497037,-1.17952,-0.02928
0.630742,-0.88872,3.658450,3.180654,-1.09110,0.023975
0.558878,-0.42400,3.045207,2.927121,-1.01334,0.016518
0.855917,0.392858,2.522993,2.779049,-0.97819,-0.01863
1.569770,0.821648,1.612711,2.444556,-0.91214,-0.12516
1.895555,1.027659,1.231830,2.004603,-0.89510,-0.20399
2.075216,1.717557,0.299989,1.789419,-0.88764,-0.23168
2.080007,2.354755,-0.22462,1.353726,-0.85355,-0.23914
2.032097,2.706890,-0.39949,0.972362,-0.73531,-0.19333
1.991374,3.154844,-0.84744,0.805116,-0.61067,-0.16670
2.080007,3.447093,-1.24269,0.576084,-0.19202,-0.24340
2.446515,3.430325,-1.36247,0.449318,0.383215,-0.46711
2.975915,3.403974,-1.37445,0.347052,0.607985,-0.60985
3.368774,3.348878,-1.33372,0.079671,0.775232,-0.83782
3.838288,3.475839,-1.49182,-0.42526,0.585615,-0.93582
3.627485,3.602799,-1.44631,-1.14005,0.270297,-0.87297
2.717204,4.158550,-1.40080,-1.52141,0.170162,-0.81651
1.672775,4.661601,-1.87270,-2.21916,0.218099,-0.69294
0.774471,5.037691,-2.37576,-2.56218,0.273493,-0.61624
0.482222,5.195792,-2.09069,-3.01917,0.228752,-0.43408
-0.14299,5.284425,-1.06543,-2.77416,0.243665,-0.35312
-0.50231,5.171837,-0.00423,-2.34167,0.386411,-0.42237
-0.57897,4.910730,3.641681,-1.08998,0.959522,-0.78669
0.621160,4.560990,7.342696,0.072214,1.886302,-1.17018
1.241589,4.239996,8.607508,0.108433,2.711881,-1.20533
1.826086,3.837556,8.281723,-0.62872,2.570201,-1.13503
0.041454,3.976494,4.652574,-3.03941,0.778428,-0.94647
-2.47140,4.345397,-0.54801,-4.68205,-0.99523,-0.80799
-3.23795,4.632855,-2.27754,-4.65968,-1.23492,-0.77177
-3.80807,3.940562,-1.23551,-3.59974,-0.39762,-0.84314
-2.09291,1.681625,5.577228,-2.93182,0.695337,-0.46604
-1.33834,0.723434,8.672186,-2.88815,0.864714,-0.11877
-2.58398,0.491072,9.984909,-2.85299,0.863649,0.402143
-6.37603,1.482800,8.648232,-2.81571,1.483632,0.431971
-6.91261,1.360631,8.930898,-2.98615,1.668988,0.344619
-5.10163,-0.37129,9.881903,-3.88204,1.220512,0.409600
-2.85467,-1.48519,9.968140,-4.28258,0.228752,0.906013
-3.01038,-1.63850,10.41370,-3.89056,-0.05247,1.161676
-5.29567,-1.87086,13.84402,-2.27243,-0.04395,1.216004
-5.99275,-3.04225,21.62932,-1.01648,-0.28683,0.880447
-4.50995,-3.62675,25.14349,-0.79384,-0.60215,0.704678
-0.57178,-3.76090,27.88152,-0.59570,-1.16354,0.438362
1.052346,-2.88894,24.95664,0.071149,-1.05489,0.118783
1.289499,-2.16072,23.23909,0.570758,-0.76620,-0.08681
1.809318,-0.93902,22.05812,1.420838,-0.11745,-0.48948
2.887283,-0.35453,22.26413,1.811790,0.341669,-0.61731
3.059757,-0.05988,21.70598,1.882097,0.473762,-0.58002
1.960233,0.843208,19.40393,1.952405,0.514242,-0.46178
-0.08550,1.564247,17.99059,2.250679,0.152053,-0.37869
-0.77779,1.667252,17.79416,2.444556,-0.11426,-0.34034
-1.14191,1.250439,18.86255,2.728982,-0.61280,-0.25405
-1.53956,0.613242,19.89500,2.948426,-0.94410,-0.18481
-1.69526,0.287457,19.40393,3.046430,-1.01334,-0.18801
-1.97074,-0.23954,17.51868,3.224329,-0.95475,-0.27003
-1.61142,-0.63240,15.25735,3.370270,-0.74702,-0.36271
-1.27366,-0.78571,14.05961,3.415012,-0.60321,-0.39041
-0.80654,-0.90309,11.72402,3.401163,-0.42745,-0.42343
-0.81612,-0.78811,9.632773,3.223264,-0.44982,-0.35951
-0.86643,-0.61084,8.600322,3.134847,-0.56060,-0.27003
-1.02213,-0.11498,6.743826,3.052822,-0.75874,-0.03141
-1.69526,0.515027,5.661070,3.013407,-0.83118,0.110261
-1.99470,0.804880,5.337680,2.922860,-0.81627,0.098543
-1.94679,1.288767,4.631014,2.580910,-0.72465,-0.02396
-0.84966,1.166597,2.879919,2.168653,-0.60747,-0.12303
-0.21007,1.219298,1.744462,1.967318,-0.54569,-0.12409
0.441499,1.842122,0.256870,1.526299,-0.38164,-0.04633
0.048641,2.524834,-0.26294,1.035213,-0.26446,0.045280
-0.26277,2.958415,-0.54561,0.765701,-0.28044,0.096413
-0.44003,3.760900,-0.92649,0.253309,-0.39123,0.153937
-0.47596,4.256764,-0.80911,-0.07053,-0.38057,0.110261
-0.42326,4.374143,-0.70850,-0.13977,-0.30387,0.064455
0.120505,4.546617,-0.12401,-0.13444,0.018895,-0.00691
0.465454,4.525058,0.517977,-0.25908,0.277754,0.036758
0.501386,4.618482,0.848553,-0.72460,0.497198,-0.01650
-0.00405,4.858030,1.071333,-0.95363,0.545135,-0.01117
-0.29870,5.234120,-0.79713,-1.33819,0.552592,0.018648
-0.18372,5.114346,-0.43781,-1.44578,0.583484,0.026105
-0.56460,5.087996,-0.29169,-1.48200,0.644204,0.041019
-0.56939,5.121532,0.915627,-1.88360,0.625030,0.103869
-0.74665,4.925103,1.869027,-2.63248,0.568571,0.116653
-1.07962,4.898753,1.641457,-2.94780,0.549396,0.104935
-1.28564,4.448403,0.276034,-3.11824,0.684684,0.144349
-1.11077,3.768087,0.688056,-2.94887,1.109724,0.304139
-1.15149,3.384810,1.739671,-3.16299,1.223708,0.584303
-2.01386,2.972788,4.714856,-3.40693,1.108659,0.725983
-3.15171,2.876969,5.898222,-3.45167,0.724099,0.786703
-3.88473,2.522438,6.794131,-3.04900,0.688945,0.669524
-3.44157,1.810981,8.238605,-1.93154,1.057527,0.312661
-1.35990,0.524609,12.90739,-1.81543,1.110790,0.217853
-0.22683,0.146123,14.65130,-2.17762,0.863649,0.390425
-0.25318,0.646778,13.53979,-2.99680,0.120095,0.910274
-2.74927,1.731930,10.68678,-2.17229,0.408781,0.972059
-4.15302,2.045738,10.28194,-1.63966,0.733686,0.789899
-3.48468,1.142642,12.83313,-1.29877,0.925434,0.624783
0.841544,-0.49586,17.80854,-1.30730,0.715577,0.507604
0.601996,-0.26589,16.68985,-1.45643,0.411977,0.525714
-0.59813,0.309016,15.91611,-1.41702,-0.20587,0.488430
-0.57418,0.344948,16.59642,-0.84817,-0.56060,0.228505
0.733748,0.129355,18.78350,-0.49770,-0.59469,0.053802
1.881182,0.064677,19.25780,0.054105,-0.45834,-0.26897
2.087193,0.277875,18.50322,0.484471,-0.25168,-0.42130
1.521860,0.912676,16.57486,0.687937,-0.16433,-0.43515
0.295375,1.590597,15.60470,0.896728,-0.05993,-0.40106
-0.12862,1.770258,15.03457,0.906316,-0.08656,-0.35632
-0.82331,1.969083,13.72664,0.894598,-0.27511,-0.25086
-1.08442,1.995433,13.38888,0.948926,-0.46047,-0.13155
-1.31438,1.863682,13.39127,1.021364,-0.64263,-0.03354
-1.23773,1.513942,13.16610,1.069301,-0.71507,-0.02502
-0.70832,0.982145,12.93374,1.180088,-0.78005,-0.10705
-0.27953,0.783321,12.68700,1.323899,-0.75448,-0.22849
0.467850,0.390462,12.07855,1.392076,-0.69376,-0.25938
0.439104,0.443163,11.35991,1.443209,-0.60641,-0.31051
0.321725,0.505445,10.89758,1.453861,-0.52971,-0.38508
0.429522,0.620428,9.939394,1.473036,-0.47751,-0.42450
0.441499,0.941422,9.400412,1.536952,-0.40294,-0.48628
0.384008,1.089942,9.194400,1.589150,-0.36566,-0.50439
0.182788,1.324699,8.741655,1.596606,-0.35820,-0.49054
-0.27474,1.684020,8.164345,1.522038,-0.38057,-0.44367
-0.38014,1.858891,7.819396,1.319638,-0.41999,-0.39573
-0.56220,2.230190,6.837250,1.228025,-0.41253,-0.38508
-0.44722,2.512856,6.259940,1.104455,-0.31559,-0.37762
-0.36098,2.627839,6.185679,1.002189,-0.19415,-0.37762
-0.24839,2.829059,6.144957,0.941469,-0.16965,-0.38615
-0.13101,2.927274,6.140165,0.832813,-0.14622,-0.41171
-0.04957,3.003929,6.109025,0.760375,-0.11639,-0.37443
-0.21007,3.305760,6.161725,0.706046,-0.10680,-0.33075
-0.61251,3.662686,6.178493,0.506842,-0.17924,-0.22742
-0.73947,3.823183,6.061115,0.263962,-0.27937,-0.14114
-0.79935,4.113036,5.962900,0.159566,-0.29109,-0.11557
-0.56220,4.314256,6.164120,0.029604,-0.22824,-0.10705
-0.36817,4.333420,6.379714,0.043452,-0.08550,-0.12622
-0.02322,4.350188,7.007329,0.105238,-0.01412,-0.13261
-0.02561,4.441216,7.793046,0.225612,0.091333,-0.11983
-0.08550,4.529849,8.099667,0.177675,0.028482,-0.06337
-0.37296,4.740651,7.989475,0.116955,-0.03436,-0.04313
-0.47836,4.934685,7.670876,0.032800,-0.09721,-0.03461
-0.32744,5.047273,7.634944,0.045583,-0.09402,-0.05591
-0.09029,5.056854,7.867306,0.082867,-0.05034,-0.06976
0.096550,5.085600,8.087689,0.201111,0.126486,-0.08681
0.115714,5.104764,8.025407,0.299116,0.361909,-0.08681
0.003127,5.202979,7.754718,0.299116,0.437543,-0.07829
-0.09508,5.274843,7.263645,0.161697,0.435413,-0.05591
-0.16455,5.351498,7.110334,-0.03644,0.274558,-0.03461
-0.34661,5.420967,7.076797,-0.12911,0.136074,-0.02609
-0.30109,5.325148,7.625362,-0.14403,0.096659,-0.02289
-0.29870,5.279634,7.965520,-0.15788,0.076419,-0.01757
-0.29151,5.152674,8.286515,-0.17066,0.058309,-0.00585
-0.33703,5.145487,8.346402,-0.15468,0.033808,0.044215
-0.39691,5.152674,8.528458,-0.14296,0.034874,0.075107
-0.49992,5.114346,8.746446,-0.10248,0.008242,0.101739
-0.47357,5.064041,8.969225,-0.04922,-0.02158,0.074042
-0.13101,4.901148,9.141700,-0.01087,-0.03330,0.042084
0.070200,4.836471,9.180027,0.075410,-0.03756,-0.00691
0.321725,4.762210,9.187214,0.126543,-0.02691,-0.00904
0.127692,4.862821,8.861429,0.134000,-0.02584,-0.00798
0.074991,4.961035,8.516480,0.091389,-0.01732,0.016518
0.029477,5.016131,8.264955,0.065823,-0.00454,0.010126
-0.00885,5.104764,7.867306,0.084998,0.022090,-0.00585
0.142064,5.064041,7.929588,0.114825,0.073223,-0.02822
0.180392,5.042481,7.912820,0.090324,0.080680,-0.02396
-0.06394,5.099973,7.651712,0.034930,0.071093,-0.02076
-0.12622,5.169442,7.325927,-0.04070,0.058309,-0.01543
-0.19330,5.171837,7.357069,-0.15575,0.032743,0.001604
-0.19330,5.073623,7.912820,-0.16853,0.032743,0.002669
-0.14778,5.013736,8.214650,-0.10781,0.040200,0.009061
-0.23162,4.973013,8.710514,-0.05242,0.033808,0.026105
-0.24121,4.970617,8.538040,-0.11314,-0.01838,0.045280
-0.19569,4.982594,8.449407,-0.15042,-0.05673,0.045280
-0.06394,4.929894,8.700932,-0.13018,-0.09934,0.029301
0.082177,4.867612,9.103372,-0.03857,-0.08443,0.009061
0.103737,4.870007,9.077022,0.008299,-0.06099,-0.00159
0.122901,4.908335,8.945271,0.082867,-0.00880,-0.01543
0.024686,4.980199,8.629068,0.107368,0.017829,-0.01970
0.019895,5.054459,8.312865,0.109499,0.024221,-0.02502
0.039059,5.044877,8.212254,0.123347,0.059375,-0.03354
-0.04478,5.102368,8.039780,0.145718,0.141400,-0.03354
-0.19090,5.171837,7.888865,0.148913,0.181880,-0.02396
-0.32026,5.202979,7.860119,0.135065,0.214903,0.007996
-0.45440,5.205374,7.896051,0.079671,0.210642,0.035692
-0.44722,5.183815,7.819396,0.035995,0.195728,0.041019
-0.36098,5.097578,7.905633,-0.04389,0.129682,0.035692
-0.41368,5.064041,8.250582,-0.08757,0.037004,0.054867
-0.40410,5.035295,8.535644,-0.09503,-0.00454,0.056998
-0.30109,5.006549,8.636254,-0.05561,-0.00880,0.056998
-0.15976,4.963431,8.753633,0.008299,0.034874,0.052737
-0.14778,4.953849,8.708119,0.029604,0.052983,0.052737
-0.09269,4.946662,8.631464,0.037061,0.041265,0.037823
-0.00885,4.963431,8.526062,0.011494,-0.00454,0.019714
-0.02561,5.020922,8.425452,-0.00981,-0.04075,0.011191
-0.07352,5.076018,8.413475,-0.01087,-0.04395,0.007996
-0.06873,5.080809,8.423057,0.005103,-0.02797,0.003735
-0.02801,5.071228,8.391916,0.026408,-0.00773,-0.00478
0.010313,5.059250,8.399102,0.062627,0.029547,-0.01757
-0.12383,5.095182,8.308073,0.044518,0.007177,-0.01117
-0.21246,5.147882,8.152367,0.023212,-0.01519,-0.00265
-0.19809,5.167047,8.147577,-0.00554,-0.02904,0.000539
-0.16695,5.123928,8.159554,-0.01194,-0.02478,0.003735
-0.25797,5.157464,8.202672,-0.02898,-0.01945,0.016518
-0.25558,5.102368,8.367960,-0.03324,-0.02478,0.023975
-0.22204,5.076018,8.444616,-0.03005,-0.02797,0.028236
-0.06394,5.042481,8.447011,-0.01087,-0.02158,0.031431
-0.01843,5.025713,8.403893,-0.00341,-0.02584,0.016518
-0.03040,5.011340,8.425452,-0.00448,-0.03117,0.007996
-0.06394,4.994572,8.425452,-0.01513,-0.05460,0.000539
-0.00405,5.004154,8.423057,-0.01513,-0.05993,-0.00478
0.024686,5.001759,8.413475,0.006168,-0.04502,-0.02609
-0.10706,5.037691,8.272142,0.012560,-0.03330,-0.03461
-0.16695,5.064041,8.324842,-0.00981,-0.05034,-0.04100
-0.21486,5.102368,8.372752,-0.00341,-0.04075,-0.03994
-0.24121,5.099973,8.363169,0.015755,-0.01306,-0.03781
-0.24360,5.104764,8.334424,0.016821,-0.00454,-0.03354
-0.23162,5.085600,8.420661,0.009364,-0.02158,-0.03887
-0.26756,5.092787,8.470966,0.023212,-0.05354,-0.03674
-0.32265,5.145487,8.456593,0.063692,-0.03117,-0.02289
-0.28912,5.162255,8.365565,0.073280,-0.01945,-0.01970
-0.25558,5.176629,8.257768,0.030669,-0.04608,-0.01011
-0.29391,5.229329,8.080503,-0.03005,-0.11106,-0.00052
-0.33223,5.255679,8.080503,-0.18877,-0.31240,0.039954
-0.36098,5.284425,8.142786,-0.28251,-0.49669,0.091086
-0.33942,5.334730,8.332029,-0.26227,-0.51693,0.103869
-0.24839,5.346707,8.573972,-0.08118,-0.36246,0.100674
0.177997,5.231724,9.009949,0.155305,-0.08443,0.076173
0.398381,5.138301,9.136909,0.246918,0.032743,0.070846
0.578042,5.087996,9.132119,0.224547,0.000785,0.077238
0.736143,5.157464,8.902153,0.107368,-0.16006,0.096413
0.659488,5.325148,8.451803,0.035995,-0.27831,0.084695
0.628347,5.440131,8.339215,0.049844,-0.27298,0.060194
0.743330,5.497622,8.281723,0.124412,-0.19096,0.010126
1.037973,5.428153,8.470966,0.171284,-0.13237,-0.01970
1.186493,5.401803,8.557204,0.170219,-0.13663,-0.02822
1.200866,5.452108,8.547621,0.148913,-0.17178,-0.04952
1.047555,5.564696,8.420661,0.136130,-0.19309,-0.06231
1.009228,5.576673,8.379938,0.142522,-0.19841,-0.06231
0.915804,5.629374,8.353588,0.148913,-0.20481,-0.02289
0.776866,5.662910,8.468570,0.146783,-0.23676,0.028236
0.630742,5.715611,8.564390,0.151044,-0.26020,0.048476
0.388799,5.844967,8.612299,0.151044,-0.32518,0.066585
0.424731,5.708425,8.760819,0.148913,-0.36140,0.065520
0.441499,5.607814,8.825497,0.196850,-0.38697,0.031431
0.525341,5.339521,8.818310,0.315094,-0.36459,0.005865
0.652301,5.207769,8.813520,0.409903,-0.30814,-0.02715
0.683443,4.975408,8.890175,0.414164,-0.26872,-0.05485
0.580437,4.752629,8.676978,0.353444,-0.21226,-0.11877
0.599601,4.592132,7.884074,0.238396,-0.21013,-0.15925
0.618765,4.546617,7.431328,0.174480,-0.21865,-0.17309
0.477431,4.616086,6.921092,0.064758,-0.18989,-0.19546
0.163624,4.687951,6.648007,0.009364,-0.08017,-0.19866
0.074991,4.685555,6.554584,-0.00341,-0.01412,-0.19227
-0.07592,4.709510,6.530629,-0.00022,0.109442,-0.20079
-0.29870,4.752629,6.676753,0.008299,0.154183,-0.21357
-0.32744,4.786165,6.789340,0.015755,0.192533,-0.22210
-0.24839,4.817306,7.117521,0.008299,0.229817,-0.22423
-0.38014,4.922708,7.179803,-0.02685,0.272427,-0.21677
-0.45680,5.011340,7.151058,-0.07798,0.283080,-0.18481
-0.58136,5.123928,7.213340,-0.10887,0.288406,-0.17096
-0.50710,5.315566,7.316346,-0.17918,0.274558,-0.12942
-0.38494,5.418572,7.385814,-0.26973,0.247926,-0.04633
-0.36577,5.682075,7.570266,-0.32619,0.230882,0.009061
-0.30828,5.897667,7.747532,-0.40502,0.176554,0.101739
-0.20048,5.935995,7.893656,-0.35176,0.140335,0.141154
0.259443,5.866526,8.538040,-0.27825,0.129682,0.135827
0.796030,5.729984,9.295011,-0.10781,0.138204,0.099608
1.009228,5.662910,9.515395,0.010429,0.169097,0.059128
1.287103,5.746752,9.448322,0.038126,0.164836,0.038888
1.282312,5.825803,9.117745,0.066888,0.169097,-0.01330
1.270335,5.861735,8.995576,0.086063,0.189337,-0.08255
1.306267,5.885690,8.796751,0.093520,0.188272,-0.11450
1.160143,5.928809,8.827893,0.131869,0.152053,-0.15925
1.030787,5.967136,8.861429,0.227743,0.130747,-0.17309
0.800821,6.094097,9.072232,0.286332,0.139269,-0.16990
0.688234,6.292922,9.031508,0.375815,0.192533,-0.15179
0.685838,6.395927,8.849452,0.367292,0.201055,-0.13794
0.774471,6.671407,8.418266,0.336400,0.190402,-0.13261
0.932572,6.946887,8.063735,0.302311,0.148857,-0.13368
1.018810,7.064265,7.996662,0.366227,0.099855,-0.12835
1.164934,7.203203,8.334424,0.396054,0.049787,-0.11663
1.193680,7.392446,8.595531,0.354509,-0.15580,-0.06231
1.129002,7.454729,8.617091,0.236265,-0.43597,0.031431
1.009228,7.471497,8.475757,0.208568,-0.54782,0.085760
0.973296,7.435564,8.367960,0.257570,-0.64902,0.218918
1.052346,7.287045,8.418266,0.398185,-0.70335,0.284964
1.107442,6.956469,8.748842,0.533474,-0.78111,0.316922
1.363759,6.714526,8.921317,0.566497,-0.84396,0.304139
1.782967,6.249803,9.077022,0.535604,-0.94942,0.249810
2.099170,5.727589,8.686559,0.491928,-0.98884,0.211461
2.283622,5.516787,8.315260,0.446122,-0.99949,0.168850
2.436933,5.109555,7.558289,0.405642,-0.99204,0.120914
2.448910,4.891566,7.287600,0.338530,-0.95582,0.017583
2.451306,4.716697,7.086380,0.296985,-0.87486,-0.06124
2.477656,4.582550,6.952233,0.273549,-0.80348,-0.09426
2.547125,4.505894,6.844436,0.217090,-0.60002,-0.13048
2.475260,4.541827,6.441996,0.160631,-0.45727,-0.12303
2.408187,4.537035,6.233589,0.097781,-0.45408,-0.12622
2.144684,4.599318,5.991646,-0.14509,-0.47645,-0.01224
2.029701,4.884380,6.087465,-0.28997,-0.54143,0.157133
1.993769,5.080809,5.991646,-0.55735,-0.76726,0.480973
0.793635,5.131114,5.744912,-0.68305,-0.97073,0.461798
0.573251,4.668787,6.022787,-0.73205,-1.14543,0.131566
1.339804,4.340606,6.247962,-0.73632,-1.21041,-0.08894
3.318469,3.624358,6.746222,-0.68199,-1.32440,-0.59174
4.264683,3.164426,6.964210,-0.53498,-1.31907,-1.09242
4.379666,2.982370,7.151058,-0.45189,-1.28392,-1.31612
4.118559,2.788336,7.481634,-0.31554,-1.07300,-1.70388
3.320864,3.080585,7.575057,-0.27825,-0.95262,-1.72305
2.808232,3.406370,7.400187,-0.22925,-0.79709,-1.70175
0.707397,4.249578,6.875577,-0.12592,-0.44449,-1.56859
0.146855,4.477149,6.849227,-0.16746,-0.16219,-1.45567
-0.23402,4.762210,6.882764,-0.22925,-0.05354,-1.45780
-0.49034,5.456899,6.803713,-0.28890,0.124356,-1.52385
0.201951,6.134820,6.533024,-0.23564,0.233013,-1.56113
0.580437,6.345622,6.743826,-0.18131,0.226621,-1.53344
0.431917,6.702548,7.634944,-0.03218,-0.01412,-1.30440
-0.27474,7.059474,8.396706,0.044518,-0.23676,-1.12864
-0.88319,7.390050,8.708119,0.089259,-0.70867,-0.78455
-1.80785,8.012875,9.196796,-0.10461,-0.91427,-0.59920
-1.79348,8.156603,9.043485,-0.37626,-0.83331,-0.54381
-1.17305,7.778118,7.634944,-0.40715,-0.75661,-0.54061
-0.59813,6.865441,5.970087,-0.19836,-0.58723,-0.50652
0.007918,6.630684,6.245567,0.057301,-0.42318,-0.46285
0.151646,6.436650,6.976188,0.086063,-0.35820,-0.46285
0.269025,6.192311,7.879283,-0.04496,-0.26446,-0.48309
0.460663,5.993486,7.335509,-0.16746,-0.22611,-0.48735
0.522946,5.943181,6.822877,-0.16001,-0.20694,-0.47137
0.585228,6.285735,6.549792,-0.08650,-0.16113,-0.41384
0.642719,6.520492,7.237295,-0.12698,-0.15048,-0.34034
0.676256,6.630684,7.577453,-0.20155,-0.16859,-0.30945
0.707397,6.702548,7.599012,-0.35921,-0.21120,-0.26258
0.841544,6.647452,7.246877,-0.35921,-0.22505,-0.19973
0.978086,6.611520,7.155848,-0.30808,-0.22291,-0.16351
1.162538,6.513305,7.654108,-0.21327,-0.22611,-0.09746
1.157747,6.427068,8.336819,-0.23138,-0.24635,-0.06657
1.172120,6.343226,8.485339,-0.28677,-0.25168,-0.07296
1.248776,6.127634,8.221837,-0.38052,-0.23144,-0.13368
1.449996,5.959950,7.702018,-0.28145,-0.12278,-0.21890
1.591329,5.871317,7.515170,-0.16214,-0.05141,-0.25618
1.893159,5.691656,7.819396,0.013625,0.017829,-0.29560
1.988978,5.579069,8.487734,-0.04709,-0.04928,-0.30306
1.929092,5.552719,8.571577,-0.14190,-0.06313,-0.31158
1.600911,5.682075,7.946356,-0.31447,0.023156,-0.33395
1.423645,5.751543,7.119916,-0.39330,0.251122,-0.35312
1.423645,5.749148,6.923487,-0.48704,0.521699,-0.34460
1.294290,5.744357,7.285204,-0.84923,0.747535,-0.77710
1.119420,6.084515,7.953543,0.340661,0.548331,-0.64181
0.927781,6.925328,7.905633,1.274897,0.484415,-0.29027
1.699126,6.106074,12.65826,1.224830,0.359779,-0.37017
-2.06417,5.547927,14.53871,0.698589,-0.11958,-0.45113
-1.40780,5.643747,12.33487,0.431208,-0.30281,-0.36378
0.142064,5.785080,6.058719,0.046648,-0.38377,-0.42663
-0.24360,5.976718,5.840731,-0.09503,-0.09934,-0.36910
-0.19569,5.981509,5.282584,-0.08757,0.071093,-0.36697
0.482222,6.233035,5.795217,-0.01300,0.466305,-0.28921
0.132483,6.316876,6.228798,-0.03431,0.686815,-0.21251
0.024686,6.357599,6.482719,-0.18025,0.649531,-0.17629
-0.24121,6.434255,6.770176,-0.25695,0.562179,-0.15818
-0.10227,6.364786,6.698312,-0.33684,0.368301,-0.12729
-0.23402,6.261780,7.105544,-0.30701,0.238339,-0.10811
-0.32265,6.230639,7.402583,-0.26760,0.192533,-0.09426
-0.48794,6.118052,8.003848,-0.17705,0.092398,-0.04846
-0.60532,6.110865,8.348796,-0.14935,0.040200,-0.02502
-0.69395,6.108469,8.449407,-0.13444,-0.03862,0.027170
-0.75384,6.115656,8.377543,-0.16959,-0.08337,0.083629
-0.71072,6.156379,8.212254,-0.21540,-0.09189,0.128370
-0.66760,6.199498,7.821792,-0.23564,-0.09934,0.148610
-0.50950,6.233035,7.543916,-0.26440,-0.11319,0.181634
-0.40410,6.192311,7.531939,-0.27719,-0.11426,0.186960
-0.37775,6.153984,7.589430,-0.29423,-0.10041,0.183764
-0.20527,6.055769,7.634944,-0.30275,-0.07910,0.168850
-0.07592,5.964741,7.663690,-0.25801,-0.08550,0.160328
0.082177,5.835385,7.781068,-0.21966,-0.06632,0.160328
0.189974,5.684470,7.924797,-0.16533,0.002916,0.159263
0.120505,5.550323,8.219441,-0.14935,0.042330,0.162459
0.132483,5.535950,8.200277,-0.13657,0.107311,0.165655
0.108528,5.483250,8.042175,-0.13338,0.132878,0.158198
0.098946,5.432945,7.989475,-0.13338,0.124356,0.139023
0.101341,5.334730,7.965520,-0.11953,0.061505,0.091086
0.137273,5.253283,8.126017,-0.07479,-0.04395,0.045280
0.156437,5.238911,8.372752,-0.03324,-0.17604,0.013322
0.108528,5.243702,8.533248,-0.04496,-0.32198,-0.02609
0.024686,5.267657,8.724887,-0.06733,-0.40507,-0.04739
-0.03759,5.279634,8.585949,-0.10568,-0.57871,-0.07935
0.024686,5.344312,8.317655,-0.12485,-0.65967,-0.08361
0.019895,5.380244,8.286515,-0.16320,-0.78857,-0.04739
0.031872,5.559905,8.257768,-0.19303,-0.80029,0.058063
0.012709,5.725193,8.200277,-0.20901,-0.75661,0.124109
-0.07113,5.979114,7.951148,-0.22392,-0.60108,0.234897
0.034268,6.173148,7.539125,-0.25375,-0.42318,0.273246
0.175601,6.187520,7.385814,-0.27825,-0.35075,0.258333
0.554087,5.940786,7.278018,-0.30275,-0.25700,0.194417
1.102651,5.559905,7.256459,-0.29104,-0.21546,0.115587
1.311058,5.368267,7.424142,-0.26334,-0.19948,0.081499
1.555397,5.073623,7.929588,-0.17066,-0.13024,0.035692
1.588933,4.905939,8.420661,-0.07159,-0.02265,0.018648
1.560188,4.846052,8.571577,-0.02685,0.024221,0.020779
1.529047,4.831679,8.645836,0.037061,0.108377,0.026105
1.442809,4.922708,8.576367,0.066888,0.172293,-0.00159
1.409273,4.953849,8.530853,0.080736,0.208512,-0.01330
1.454787,4.987386,8.329633,0.100977,0.294798,-0.03674
1.370945,4.992177,8.221837,0.102042,0.374693,-0.06231
1.315849,4.994572,8.159554,0.097781,0.399194,-0.07722
1.200866,5.030504,8.030198,0.096715,0.451392,-0.11663
1.131397,5.035295,8.061339,0.107368,0.459914,-0.12942
1.121815,5.023318,8.082899,0.109499,0.440739,-0.12196
1.030787,5.147882,8.178718,0.094585,0.392802,-0.11024
0.716979,5.205374,8.252978,0.112694,0.323560,-0.08361
0.613974,5.258075,8.257768,0.111629,0.276688,-0.06976
0.419940,5.277238,8.257768,0.075410,0.205316,-0.06657
0.221115,5.313171,8.327238,0.033865,0.144596,-0.05805
0.199556,5.303589,8.214650,0.013625,0.117964,-0.05165
0.187579,5.344312,8.080503,-0.03644,0.079615,-0.03781
0.187579,5.358685,8.046966,-0.05774,0.065766,-0.03141
0.146855,5.416176,7.994266,-0.09183,0.055114,-0.02183
0.161228,5.411385,7.915215,-0.10781,0.052983,-0.00691
0.173206,5.401803,7.958334,-0.08011,0.028482,0.009061
0.197160,5.361080,8.015825,-0.06094,0.007177,0.013322
0.166019,5.325148,8.284119,-0.01726,-0.03010,0.009061
0.113319,5.301193,8.444616,0.001907,-0.04289,0.004800
0.139669,5.219747,8.581158,0.014690,-0.05567,0.000539
0.218720,5.145487,8.545226,-0.00874,-0.06526,0.002669
0.259443,5.159860,8.351192,-0.01833,-0.05993,0.002669
0.259443,5.183815,8.219441,-0.02578,-0.05460,0.006930
0.254652,5.226933,8.109249,-0.02578,-0.04928,0.011191
0.249861,5.234120,8.173927,-0.02578,-0.04289,0.014387
0.211533,5.248493,8.190695,-0.02685,-0.03756,0.019714
0.225906,5.270052,8.195487,-0.03324,-0.05034,0.022909
0.235488,5.267657,8.193091,-0.03431,-0.07378,0.038888
0.252256,5.265261,8.200277,-0.03324,-0.08550,0.047410
0.252256,5.284425,8.281723,-0.03644,-0.09295,0.048476
0.343285,5.272448,8.219441,-0.02472,-0.09934,0.047410
0.381612,5.265261,8.257768,-0.01939,-0.08656,0.042084
0.441499,5.241306,8.284119,-0.01513,-0.06845,0.033562
0.525341,5.195792,8.149971,-0.00874,-0.02691,0.025040
0.542109,5.202979,8.135599,-0.02898,-0.00880,0.019714
0.525341,5.207769,8.068526,-0.03644,-0.00986,0.020779
0.510968,5.243702,8.133203,-0.03644,-0.02051,0.026105
0.467850,5.241306,8.217045,-0.02472,-0.00667,0.020779
0.475036,5.219747,8.274537,-0.01513,0.007177,0.016518
0.546900,5.174233,8.243395,0.000842,0.022090,0.010126
0.539714,5.188606,8.272142,-0.00874,0.018895,0.001604
0.515759,5.210165,8.255373,-0.00981,0.021025,-0.00159
0.520550,5.200583,8.202672,-0.01513,0.032743,-0.01117
0.498991,5.195792,8.197881,-0.02365,0.047657,-0.01437
0.501386,5.183815,8.149971,-0.02578,0.056179,-0.01437
0.463059,5.200583,8.173927,-0.02578,0.068962,-0.00691
0.441499,5.207769,8.212254,-0.02259,0.075354,-0.01330
0.453477,5.171837,8.252978,-0.01300,0.080680,-0.03141
0.482222,5.099973,8.291305,0.005103,0.076419,-0.03354
0.465454,5.107160,8.310469,0.057301,0.063636,-0.01757
0.312143,5.145487,8.511690,0.078606,0.060440,-0.01224
0.228302,5.171837,8.569181,0.106303,0.037004,-0.01330
0.240279,5.176629,8.540435,0.098846,-0.00454,-0.02396
0.288189,5.099973,8.406289,0.092454,-0.02265,-0.02396
0.316934,5.212561,8.243395,0.072214,-0.03862,-0.02822
0.283398,5.217351,8.176322,0.037061,-0.02158,-0.02396
0.290584,5.296402,8.023012,0.010429,-0.01093,-0.01757
0.261838,5.310775,7.855328,-0.03963,0.000785,-0.00798
0.254652,5.325148,7.824187,-0.06839,0.006111,0.002669
0.266629,5.320357,7.941565,-0.07053,0.001850,0.002669
0.288189,5.274843,8.130808,-0.05881,-0.00667,0.003735
0.288189,5.246097,8.238605,-0.02791,-0.02478,0.006930
0.319330,5.207769,8.389520,-0.01620,-0.03223,0.010126
0.312143,5.224538,8.418266,-0.00767,-0.01412,0.011191
0.324121,5.217351,8.348796,-0.00661,0.024221,0.003735
0.417544,5.214956,8.181114,-0.00767,0.037004,-0.00585
0.503782,5.207769,8.116436,-0.01300,0.052983,-0.03461
0.551691,5.198188,8.126017,-0.00767,0.060440,-0.05698
0.542109,5.186210,8.197881,-0.01194,0.062570,-0.06444
0.424731,5.186210,8.212254,-0.01087,0.060440,-0.06124
0.369635,5.181419,8.200277,-0.00022,0.042330,-0.04633
0.199556,5.188606,8.339215,0.007233,0.037004,-0.03567
0.089364,5.157464,8.372752,0.023212,0.023156,-0.01224
0.060618,5.181419,8.387125,0.017886,0.003981,0.004800
0.034268,5.181419,8.344006,0.015755,-0.00027,0.016518
0.055827,5.229329,8.250582,0.009364,-0.00134,0.037823
0.098946,5.265261,8.217045,0.002972,-0.00347,0.059128
0.127692,5.274843,8.202672,0.001907,-0.00027,0.061259
0.197160,5.267657,8.190695,0.005103,0.009307,0.046345
0.290584,5.224538,8.202672,0.004038,0.007177,0.031431
0.379217,5.212561,8.205068,0.000842,0.002916,0.027170
0.352867,5.212561,8.217045,-0.00022,0.010373,0.014387
0.381612,5.202979,8.212254,0.010429,0.024221,0.006930
0.367239,5.205374,8.214650,0.013625,0.019960,0.004800
0.304957,5.207769,8.252978,0.014690,0.015699,0.003735
0.237884,5.202979,8.257768,0.010429,0.015699,-0.00265
0.242675,5.202979,8.257768,0.001907,0.010373,-0.00478
0.273816,5.219747,8.188300,-0.00235,0.007177,-0.00052
0.230697,5.272448,8.173927,-0.01087,-0.00241,0.002669
0.223511,5.296402,8.185904,-0.01300,-0.00454,0.004800
0.233093,5.294007,8.190695,-0.01300,-0.00454,0.002669
0.266629,5.272448,8.188300,-0.00874,0.002916,-0.00478
0.321725,5.224538,8.209859,-0.00448,0.009307,-0.00798
0.331307,5.200583,8.233814,0.004038,0.019960,-0.01650
0.304957,5.167047,8.267351,0.005103,0.030613,-0.02822
0.314539,5.150278,8.260164,0.013625,0.034874,-0.02822
0.271420,5.162255,8.252978,0.016821,0.031678,-0.02822
0.197160,5.159860,8.276932,0.020016,0.022090,-0.02609
0.201951,5.188606,8.288909,0.025343,0.007177,-0.02396
0.168415,5.224538,8.324842,0.023212,-0.00986,-0.02289
0.154042,5.224538,8.327238,0.015755,-0.01199,-0.01970
0.185183,5.258075,8.224232,-0.00554,-0.01306,-0.01437
0.146855,5.258075,8.123621,-0.01513,-0.01306,-0.01011
0.151646,5.270052,8.099667,-0.02152,-0.01732,0.002669
0.149251,5.277238,8.140390,-0.02259,-0.01519,0.003735
0.132483,5.248493,8.212254,-0.00022,-0.00667,0.009061
0.166019,5.234120,8.264955,0.015755,-0.00347,0.009061
0.151646,5.200583,8.344006,0.009364,-0.01412,0.004800
0.213929,5.219747,8.255373,0.002972,-0.01199,0.003735
0.245070,5.226933,8.154763,-0.00554,-0.01625,0.002669
0.273816,5.243702,8.140390,-0.00448,-0.01412,0.002669
0.235488,5.274843,8.200277,-0.00128,-0.00347,0.004800
0.247465,5.282030,8.202672,-0.00448,0.006111,0.000539
0.281002,5.250888,8.178718,-0.00661,0.007177,-0.01224
0.292980,5.207769,8.207464,-0.00554,0.013568,-0.01970
0.312143,5.181419,8.202672,0.011494,0.028482,-0.02715
0.288189,5.188606,8.236209,0.025343,0.033808,-0.01757
0.187579,5.212561,8.324842,0.025343,0.035939,-0.01330
0.127692,5.238911,8.241001,0.015755,0.030613,-0.00798
0.139669,5.246097,8.200277,0.004038,0.027417,-0.00372
0.163624,5.236515,8.166740,0.004038,0.023156,0.001604
0.156437,5.250888,8.212254,0.009364,0.018895,0.012257
0.120505,5.267657,8.257768,0.011494,0.023156,0.001604
0.146855,5.248493,8.252978,0.010429,0.027417,-0.00798
0.259443,5.217351,8.195487,0.001907,0.027417,-0.01650
0.266629,5.222143,8.173927,-0.00448,0.021025,-0.01757
0.177997,5.250888,8.157158,0.000842,0.014634,-0.01117
0.161228,5.262866,8.221837,0.011494,0.011438,-0.00265
0.077387,5.272448,8.276932,0.011494,0.002916,0.004800
0.096550,5.265261,8.274537,0.001907,-0.00134,0.005865
0.130087,5.262866,8.164345,-0.01300,0.000785,-0.00478
0.170810,5.253283,8.111644,-0.01513,0.011438,-0.00904
0.223511,5.250888,8.133203,-0.01194,0.009307,-0.00798
0.158833,5.274843,8.224232,0.005103,0.007177,-0.00691
0.142064,5.260470,8.264955,0.005103,0.003981,-0.00798
0.163624,5.226933,8.264955,0.007233,0.005046,-0.00691
0.127692,5.236515,8.221837,0.010429,0.014634,-0.00372
0.120505,5.246097,8.219441,0.005103,0.011438,-0.00159
0.106132,5.272448,8.185904,-0.00341,0.010373,-0.00159
0.122901,5.258075,8.173927,0.007233,0.016764,0.001604
0.156437,5.277238,8.200277,0.010429,0.025286,-0.00372
0.139669,5.231724,8.219441,0.007233,0.026351,-0.01650
0.182788,5.234120,8.197881,-0.00022,0.016764,-0.02715
0.175601,5.207769,8.200277,-0.00235,0.009307,-0.02928
0.134878,5.231724,8.229022,0.001907,-0.00667,-0.02502
0.063014,5.231724,8.276932,0.009364,-0.01199,-0.01863
0.015104,5.226933,8.286515,0.011494,-0.01625,-0.01117
-0.01843,5.270052,8.267351,0.002972,-0.02265,0.004800
-0.00885,5.284425,8.238605,-0.00235,-0.00667,0.017583
0.015104,5.310775,8.171531,-0.00767,0.002916,0.017583
0.043850,5.325148,8.145181,-0.01939,0.017829,0.009061
0.118110,5.313171,8.090085,-0.02259,0.025286,-0.00478
0.180392,5.286820,8.073316,-0.01833,0.026351,-0.01224
0.237884,5.267657,8.128413,0.004038,0.028482,-0.02609
0.242675,5.222143,8.257768,0.026408,0.027417,-0.03994
0.213929,5.195792,8.308073,0.021082,0.014634,-0.02396
0.177997,5.157464,8.384729,0.016821,0.013568,-0.01224
0.048641,5.224538,8.312865,0.007233,0.019960,0.013322
-0.05196,5.301193,8.185904,-0.00767,0.032743,0.023975
-0.07113,5.322752,8.171531,-0.01194,0.042330,0.025040
-0.06155,5.327544,8.104457,-0.01726,0.046591,0.015452
0.041454,5.282030,8.082899,-0.01300,0.027417,-0.00159
0.058223,5.255679,8.111644,-0.01194,0.011438,-0.00585
0.094155,5.195792,8.245791,-0.01407,-0.03223,-0.01650
0.051036,5.174233,8.336819,-0.00341,-0.05354,-0.01437
0.041454,5.167047,8.312865,0.006168,-0.05886,-0.00159
0.005522,5.198188,8.332029,0.009364,-0.05354,0.030366
-0.04957,5.296402,8.341610,-0.00448,-0.02478,0.054867
-0.08790,5.344312,8.303282,-0.01513,-0.00134,0.058063
-0.01364,5.416176,8.121226,-0.03431,0.038069,0.044215
0.139669,5.377849,7.965520,-0.03218,0.063636,0.014387
0.209138,5.339521,7.948752,-0.02365,0.064701,0.000539
0.307352,5.200583,8.058943,-0.00128,0.064701,-0.01863
0.304957,5.157464,8.276932,0.031734,0.056179,-0.03141
0.266629,5.131114,8.344006,0.043452,0.051918,-0.03781
0.166019,5.138301,8.439825,0.053040,0.039135,-0.04100
0.084573,5.164651,8.425452,0.044518,0.022090,-0.03141
0.031872,5.200583,8.367960,0.027473,0.007177,-0.02289
-0.04238,5.234120,8.224232,-0.00661,-0.01306,-0.00798
-0.14539,5.296402,8.126017,-0.01300,-0.02051,0.004800
-0.17653,5.308380,8.085294,-0.01087,-0.02904,0.013322
-0.13341,5.308380,8.116436,0.004038,-0.03436,0.029301
-0.09508,5.317962,8.221837,0.016821,-0.02051,0.030366
-0.07831,5.329939,8.286515,0.016821,-0.00560,0.022909
0.034268,5.334730,8.303282,0.016821,0.044461,0.002669
0.211533,5.262866,8.147577,0.013625,0.077484,-0.02183
0.276211,5.250888,8.090085,0.014690,0.081745,-0.02822
0.276211,5.195792,8.114040,0.023212,0.080680,-0.03994
0.218720,5.179024,8.137994,0.027473,0.049787,-0.04207
0.065409,5.121532,8.252978,0.031734,0.031678,-0.03674
-0.04957,5.150278,8.317655,0.042387,-0.00134,-0.01970
-0.15976,5.222143,8.346402,0.042387,-0.00773,0.011191
-0.19090,5.313171,8.360774,0.029604,-0.00773,0.023975
-0.24360,5.408990,8.241001,-0.01194,-0.01412,0.035692
-0.20527,5.456899,8.042175,-0.04389,-0.00560,0.023975
