upDown
-0.04238,3.066212,9.199192,0.029214,0.172346,0.000679
-0.10706,3.152449,8.930898,-0.01233,0.138257,-0.06536
-0.27714,3.212336,8.906943,-0.04854,0.106299,-0.08454
-0.44482,3.212336,8.875802,-0.09009,0.063689,-0.08773
-0.53585,3.229104,8.849452,-0.16359,-0.01087,-0.04619
-0.31307,3.071003,8.974017,-0.17531,-0.01727,-0.03234
-0.23881,2.953624,9.002762,-0.16572,0.002969,-0.03234
-0.09987,2.900924,8.808729,-0.12311,0.067950,-0.05364
-0.20048,2.903319,8.825497,-0.11566,0.091386,-0.07708
-0.44243,2.936856,8.928503,-0.10926,0.114822,-0.09093
-0.57657,2.960811,9.029112,-0.09648,0.129735,-0.08454
-0.62927,2.967997,8.988389,-0.08796,0.133996,-0.07388
-0.66760,2.975184,8.926107,-0.09329,0.136127,-0.06110
-0.76582,2.898528,8.974017,-0.13270,0.115887,-0.02701
-0.66042,2.845828,9.100977,-0.15294,0.102038,-0.01636
-0.55741,2.817082,9.302197,-0.16785,0.088190,-0.01636
-0.50950,2.778754,9.517790,-0.16466,0.072211,-0.02808
-0.55501,2.747613,9.678287,-0.13483,0.059428,-0.05471
-0.56939,2.747613,9.661519,-0.12737,0.029601,-0.06962
-0.59334,2.766777,9.582468,-0.12205,-0.00022,-0.08134
-0.62688,2.790732,9.496231,-0.11672,-0.01194,-0.09093
-0.62209,2.814687,9.271056,-0.12737,-0.00874,-0.09945
-0.70832,2.900924,9.244706,-0.14761,0.008295,-0.10158
-0.76103,2.946438,9.330943,-0.17211,0.022144,-0.09732
-0.76821,2.936856,9.512999,-0.19022,0.017883,-0.08880
-0.76582,2.888946,9.817225,-0.18916,-0.00874,-0.08028
-0.75144,2.891342,10.01605,-0.16253,-0.01727,-0.07495
-0.83768,2.929670,10.27236,-0.12631,-0.01300,-0.07069
-0.91673,2.953624,10.25080,-0.09222,-0.01940,-0.06856
-0.85684,2.953624,10.35381,-0.08157,-0.04816,-0.06323
-0.75384,2.946438,10.60533,-0.11459,-0.16001,-0.05684
-0.62688,2.905715,10.82572,-0.09968,-0.21647,-0.06430
-0.48555,2.872178,10.96226,-0.04215,-0.23245,-0.07708
-0.33463,2.881760,10.62929,0.055846,-0.19623,-0.08986
-0.30349,2.884155,10.19571,0.170894,-0.12166,-0.09945
-0.31786,2.915297,9.810039,0.267833,-0.02685,-0.11223
-0.37775,2.979974,9.508209,0.324292,0.059428,-0.13354
-0.53106,3.075794,9.350107,0.332814,0.116952,-0.15484
-0.70593,3.171613,9.481858,0.300857,0.144649,-0.17189
-0.92631,3.178799,9.901067,0.240137,0.143584,-0.17508
-1.22335,3.178799,10.41130,0.202852,0.083929,-0.16443
-0.95506,3.123703,9.860343,0.261442,-0.09077,-0.08667
-0.66281,3.047048,9.340525,0.341337,-0.14084,-0.03660
-0.39931,3.085376,8.581158,0.428688,-0.14510,0.001744
-0.45680,3.181195,8.437430,0.496865,-0.10888,0.019853
-0.60771,3.262641,8.377543,0.529888,-0.05562,0.015592
-0.65562,3.298573,8.286515,0.532019,0.001904,0.001744
-0.63646,3.274618,8.171531,0.520301,0.054102,-0.00464
-0.59334,3.284200,8.025407,0.491539,0.110561,0.007070
-0.63886,3.303364,8.082899,0.479821,0.116952,0.025180
-0.33463,3.499794,7.908029,0.461711,0.112691,0.041159
-0.61969,3.569262,8.724887,0.389273,0.088190,0.058203
-0.56460,3.607590,9.088999,0.353054,0.045579,0.063529
-0.46159,3.518957,9.067440,0.081412,0.031731,0.109335
-0.45920,3.463861,9.182423,-0.03789,-0.03324,0.180708
-0.38973,3.552494,9.354898,0.007909,0.098843,0.244624
-0.32265,3.665081,9.321361,0.002583,0.079668,0.244624
-0.40649,3.727364,9.362084,-0.01233,0.021078,0.222253
-0.48315,3.703409,9.429158,0.005779,-0.05242,0.178578
-0.30588,3.693827,9.295011,0.063303,0.022144,0.144489
-0.22923,3.643522,9.220751,0.087804,0.050906,0.139163
-0.16695,3.741737,9.120141,0.101652,0.013622,0.138098
-0.20048,3.753714,8.985994,0.067564,-0.05562,0.105074
-0.27714,3.756110,9.009949,0.049454,-0.09290,0.073117
-0.24121,3.705805,9.045881,0.022823,-0.07266,0.017723
-0.32744,3.827974,8.950062,0.014301,0.022144,-0.03234
-0.46878,3.787251,8.806333,-0.00274,0.043449,-0.05364
-0.57418,3.827974,8.763215,-0.05067,0.038123,-0.09625
-0.50950,3.712991,8.784774,-0.12418,-0.00235,-0.16550
-0.44482,3.535726,9.261474,-0.19981,-0.03538,-0.17508
-0.59574,3.485420,9.663914,-0.28929,-0.07266,-0.15697
-0.65083,3.471048,9.611214,-0.32977,-0.08331,-0.13780
-0.55262,3.384810,9.345315,-0.37558,-0.09503,-0.13567
-0.64844,3.236291,8.993181,-0.27758,-0.07372,-0.10584
-0.56699,3.274618,8.849452,-0.19875,-0.04709,-0.07921
-0.62209,3.351274,9.156073,-0.06878,-0.01087,-0.03767
-0.44482,3.214731,9.515395,-0.01872,-0.08970,-0.03021
-0.21007,3.145262,9.469881,-0.03789,-0.08757,-0.01956
0.074991,3.051839,9.515395,-0.03043,-0.01620,-0.00997
0.094155,3.011116,9.656728,0.049454,0.136127,0.035832
0.134878,2.948833,9.577677,0.068629,0.162758,0.009201
0.453477,2.716472,9.244706,0.048389,0.145714,-0.02062
0.851126,2.242167,9.266265,0.036671,0.122278,-0.06217
1.052346,1.954710,9.618400,0.036671,0.151041,-0.06856
1.919510,1.252835,10.27236,-0.15294,0.165954,-0.08347
3.380751,0.795298,10.90716,-0.39476,0.041318,-0.07388
3.605926,0.730620,11.08682,-0.46400,-0.00342,-0.05577
2.532752,0.850394,11.25451,-0.48743,-0.00661,-0.06643
0.896640,1.195343,10.91914,-0.45548,0.027470,-0.31570
0.417544,1.377399,10.65564,-0.40647,0.037057,-0.54686
0.065409,1.739117,10.51670,-0.28397,-0.05668,-0.98895
0.379217,2.117602,10.05677,-0.19555,-0.38691,-1.17430
-0.14060,2.517647,9.402808,-0.17744,-0.56055,-1.17750
-0.55741,2.694913,9.108163,-0.11353,-0.83006,-1.13489
-1.11556,3.032675,8.521271,0.050520,-0.77467,-1.14980
-1.35750,3.358460,8.396706,0.198591,-0.59144,-1.21585
-1.47488,3.562076,8.401497,0.225223,-0.54351,-1.22756
-2.03782,3.952539,8.478153,0.181547,-0.55096,-1.20519
-2.62710,4.125013,8.593135,0.069694,-0.60849,-1.17643
-2.74688,4.122618,8.581158,0.032410,-0.60423,-1.17643
-2.54805,4.077104,8.557204,0.008974,-0.51900,-1.14767
-1.97553,3.923793,8.561994,0.052650,-0.36880,-1.00279
-1.85815,3.940562,8.693746,0.103783,-0.25482,-0.89627
-1.98991,3.861511,8.832683,0.209244,-0.01940,-0.67576
-2.05698,3.871093,8.394310,0.275290,0.153171,-0.56604
-1.97314,3.895047,8.149971,0.295530,0.206434,-0.55325
-1.82462,3.935770,7.840955,0.373294,0.270350,-0.53088
-1.89888,3.856720,8.054153,0.374360,0.224544,-0.46590
-1.92762,3.792042,8.197881,0.311509,0.152106,-0.44247
-1.96835,3.777669,8.756028,0.118696,-0.00768,-0.41157
-2.11208,3.823183,9.139305,-0.00274,0.000838,-0.36151
-2.08093,3.746528,9.108163,-0.01872,0.073276,-0.32529
-1.83660,3.595613,8.803937,-0.03576,0.156367,-0.26563
-1.58267,3.471048,8.681768,-0.00380,0.151041,-0.18893
-1.43415,3.420742,8.835079,0.022823,0.126540,-0.14313
-1.37427,3.425534,9.247101,0.011105,0.064754,-0.06430
-1.36948,3.288991,9.632773,-0.07944,0.022144,-0.01316
-1.19700,3.248268,8.001452,-0.13377,0.008295,-0.00145
-1.03411,2.953624,8.693746,-0.18596,-0.02046,0.009201
-1.14909,2.958415,9.584864,-0.16679,-0.05029,0.043289
-1.20658,2.735636,9.925022,-0.12205,-0.00022,0.062464
-1.06765,2.773963,9.702242,-0.09861,0.385399,0.149816
-0.78258,2.826664,9.227937,-0.10713,0.278872,0.168990
-0.87361,2.867387,9.213564,-0.17105,-0.20156,0.127445
-1.17065,2.812291,9.886694,-0.21899,-0.38052,0.110401
-1.16107,2.740427,10.10947,-0.28716,-0.44870,0.050746
-0.99099,2.773963,10.03761,-0.30953,-0.40396,0.030506
-0.84247,2.805105,9.730988,-0.26266,-0.21540,0.039028
-0.71551,2.929670,8.885384,-0.07518,0.006165,0.089095
-0.62927,3.082980,8.358379,0.144263,0.115887,0.119988
-0.65083,3.114121,8.346402,0.208179,0.111626,0.121053
-0.82331,3.116517,8.595531,0.212440,0.047710,0.091226
-0.99099,3.195568,8.784774,0.149589,0.011491,0.072051
-1.23293,3.324923,9.330943,-0.01765,-0.04283,0.033702
-1.18982,3.300969,9.800457,-0.11246,-0.00981,0.023049
-1.02453,3.262641,9.745361,-0.13483,0.025339,0.027310
-0.96704,3.207545,9.517790,-0.17105,0.027470,0.058203
-0.99099,3.317737,9.261474,-0.16040,-0.05455,0.086965
-1.54914,3.794437,9.716615,-0.05281,-0.01940,0.112531
-2.20789,4.091476,10.19810,-0.00274,0.046645,0.123184
-3.22837,4.565782,11.92045,0.003648,0.159563,0.116792
-3.73381,4.628064,12.87146,-0.11033,0.163824,0.048615
-5.30285,4.889171,14.92199,-0.19981,0.118017,0.029441
-6.02629,4.879589,16.63236,-0.32764,0.002969,0.079508
-5.70050,4.357375,17.27674,-0.32338,-0.00022,0.098683
-5.19506,3.950143,16.96293,-0.23816,0.070081,0.228645
-3.51822,2.984766,14.86449,0.026019,-0.05562,0.536506
-2.61752,2.637421,13.33378,0.243332,-0.15575,0.731449
-1.65454,2.414642,11.76954,0.843076,-0.41674,1.131989
-0.80894,2.282890,10.31069,1.458798,-0.76615,1.408957
0.221115,2.103229,7.788255,1.700613,-0.88226,1.485656
0.997250,2.093647,5.562855,2.035106,-0.98772,1.528267
1.335013,2.227794,4.573523,2.207678,-0.92807,1.478199
1.866809,2.440992,2.829614,2.217266,-0.78852,1.436654
3.296910,2.440992,1.195898,2.136306,-0.73845,1.414283
3.737678,2.548789,1.205480,1.803943,-0.70969,1.375934
4.197609,2.440992,1.083310,1.304335,-0.76828,1.270473
4.286242,2.388291,0.127514,1.044411,-0.71927,1.168208
4.271869,2.417037,-0.24617,0.749333,-0.56588,0.937045
3.931711,2.438596,-0.77797,0.313640,-0.16108,0.561007
3.498130,2.256540,-1.03668,-0.15507,0.015752,0.373521
3.383147,2.119998,-0.82109,-0.73670,0.154236,0.273386
3.179531,1.628925,0.242497,-1.05202,0.193651,0.241428
2.506402,1.006100,1.207875,-1.57507,0.331070,0.159403
1.981792,0.776134,1.684575,-1.90636,0.563297,0.063529
1.370945,0.292248,2.479874,-2.07148,0.675150,0.046485
1.162538,-0.57012,3.061975,-2.41023,0.715630,0.084834
1.220030,-0.89590,3.811760,-2.86404,0.740131,0.098683
0.695420,-1.64090,5.340076,-3.06963,0.768893,0.069921
-0.34421,-1.76786,7.613385,-3.39773,0.996860,-0.03340
-0.71551,-1.91638,8.717700,-3.57457,1.106582,-0.07921
-1.67610,-2.45776,10.91914,-3.59800,1.118300,-0.06749
-2.20071,-2.64939,12.60316,-3.49787,1.051188,0.001744
-2.59117,-2.76198,12.42590,-3.11757,1.040536,0.197752
-2.31330,-2.93446,13.20682,-2.92902,1.093799,0.297887
-1.94200,-3.06142,15.84424,-2.85445,1.067167,0.509875
-1.43176,-3.09256,16.67547,-2.65737,0.848788,0.632380
-1.19700,-3.01830,16.74255,-2.13859,0.785938,0.616401
-1.84378,-2.61346,16.32813,-1.89465,0.843462,0.565268
-1.75994,-2.41224,18.31638,-1.73592,0.906312,0.473656
-1.43176,-2.49608,19.93812,-1.93087,0.608039,0.466199
-0.80414,-2.59909,22.01979,-1.87228,0.389660,0.451285
-0.87601,-2.68533,22.59949,-1.29171,0.328940,0.360738
-1.07004,-2.76677,22.80790,-0.88904,0.353441,0.309605
-1.19940,-2.81229,22.93965,-0.03257,0.341723,0.271256
-1.02453,-2.89373,22.26173,0.851598,0.151041,0.263799
-0.81612,-2.80750,19.88063,1.214853,0.030666,0.224384
-0.95506,-2.83145,18.82182,1.604739,-0.26441,0.118923
-1.17544,-2.75240,17.39651,1.684634,-0.73951,0.050746
-0.93829,-2.95602,16.83118,1.748550,-1.23593,0.017723
-0.75144,-2.99195,16.58205,1.881708,-1.39146,-0.00997
-0.68677,-3.12849,15.42504,2.365337,-1.43620,-0.05258
-0.71072,-3.27461,13.29306,2.832988,-1.29026,-0.02062
-0.57418,-3.20035,12.26061,2.982125,-1.26682,0.010266
-0.18132,-2.93685,10.37776,3.172807,-1.30943,0.060333
0.240279,-2.62544,8.094876,3.177068,-1.29239,0.078443
0.606787,-2.33559,7.357069,3.108891,-1.29452,0.059268
0.887058,-1.77744,6.310245,2.979995,-1.24019,-0.01316
1.069115,-1.17378,5.464641,2.940580,-1.13686,-0.06643
1.215239,-0.89830,4.949613,2.943775,-1.05270,-0.08667
1.258358,-0.27548,3.579399,2.927797,-0.87161,-0.10478
1.133793,0.455140,2.130134,2.756289,-0.72567,-0.07708
1.052346,0.833626,1.495333,2.595434,-0.68306,-0.04512
1.299081,1.511546,0.597028,2.173590,-0.57440,0.026245
1.732662,1.969083,0.235311,1.762398,-0.35815,0.039028
1.826086,2.165512,0.086791,1.579173,-0.19730,0.023049
1.694334,2.464947,-0.41146,1.202069,0.146780,-0.01210
1.370945,2.759591,-0.81869,0.685417,0.426944,-0.00890
1.282312,2.850619,-0.80193,0.380751,0.510034,0.009201
1.004437,2.963206,-0.27732,-0.24349,0.590994,0.057138
0.815194,2.888946,0.070023,-0.84749,0.602712,0.124249
0.561273,2.728449,0.467672,-1.14150,0.570754,0.174317
0.515759,2.510461,1.044983,-1.60596,0.497251,0.248885
0.865499,2.060111,2.281050,-1.81369,0.598451,0.240363
1.090674,1.633716,3.447648,-1.81262,0.730544,0.220123
0.980482,1.470823,3.989026,-1.71994,1.144931,0.200948
0.199556,1.183366,4.178268,-1.77108,1.550797,0.243559
-0.65323,0.704270,3.991421,-1.87760,1.695673,0.270190
-0.87840,0.323389,4.068077,-2.19612,1.756393,0.253146
-0.92631,-0.40004,4.999918,-2.49545,1.707391,0.154077
-1.03411,-1.14743,5.982064,-2.64566,1.670106,0.088030
-1.45811,-1.49956,6.521047,-3.02276,1.508186,0.039028
-2.29653,-2.23737,8.104457,-3.39986,1.093799,0.007070
-2.05698,-2.81229,10.32746,-3.48615,0.810439,-0.05471
-1.39822,-3.13807,12.01148,-3.13248,0.571820,-0.25285
-0.88799,-3.23389,14.04524,-2.38573,1.039470,-0.39453
-1.46290,-2.82666,14.37582,-2.03526,1.418704,-0.41370
-2.50493,-2.50567,13.89193,-1.75510,1.868245,-0.30505
-3.44875,-2.16072,14.02368,-1.74018,1.632822,-0.23687
-2.98882,-2.07688,15.30526,-1.69970,1.395268,-0.25817
-2.40193,-2.10083,16.26106,-1.36095,0.994729,-0.38814
-2.54326,-1.53789,17.41089,-0.96361,0.863702,-0.35511
-3.76016,-1.16420,16.55331,-0.99024,0.600582,-0.23154
-3.89431,-0.97975,16.29938,-1.03817,0.458902,-0.18041
-3.88233,-0.91028,16.98210,-0.92526,0.139323,-0.08347
-3.70507,-1.02047,19.22187,-0.72499,-0.04816,-0.05151
-3.44396,-1.13545,20.19683,-0.44908,-0.22073,-0.04086
-3.19483,-1.12347,20.70467,-0.13909,-0.36561,-0.04512
-2.99122,-1.10192,20.78133,0.434015,-0.61488,-0.05151
-2.80916,-1.28637,19.93812,0.657720,-0.71714,-0.05258
-2.69897,-1.37021,19.23864,0.908057,-0.91102,-0.03873
-2.44984,-1.77744,17.88998,1.001800,-1.19864,-0.06856
-1.97314,-2.16072,17.67679,1.209526,-1.46389,-0.14739
-1.65214,-2.67574,17.58815,1.361859,-1.53527,-0.18574
-1.54435,-2.99674,17.38693,1.803943,-1.53633,-0.27735
-1.25928,-3.37283,16.92940,2.365337,-1.38826,-0.31996
-1.41978,-3.47583,15.60230,2.606087,-1.32967,-0.31570
-1.51560,-3.42553,14.60339,2.917144,-1.29558,-0.26776
-1.61621,-3.11651,12.47620,3.048171,-1.35524,-0.17615
-1.66173,-2.85301,10.55503,3.050302,-1.41489,-0.12821
-1.45571,-2.69251,9.704638,2.969342,-1.53527,-0.09199
-0.93590,-2.33559,8.152367,2.864946,-1.58001,-0.11010
-0.41847,-1.88524,7.100752,2.852163,-1.57788,-0.13034
-0.31547,-1.58820,6.686335,2.845771,-1.51609,-0.15484
0.127692,-1.07796,5.289771,2.710483,-1.36056,-0.20704
0.388799,-0.51742,3.435670,2.552824,-1.25723,-0.23048
0.436708,-0.18924,2.635581,2.097956,-1.06868,-0.24220
0.424731,0.570123,1.806745,1.639893,-0.94937,-0.19213
0.295375,1.260021,1.945683,1.449211,-0.88972,-0.14739
0.405567,1.516337,2.091807,1.175438,-0.73632,-0.08773
0.764889,1.741512,2.424778,0.980495,-0.56268,-0.08347
1.126606,1.916382,2.252304,0.720570,-0.41780,-0.11010
1.239194,2.103229,1.763626,0.565042,-0.33898,-0.11863
1.121815,2.184676,1.600734,0.407383,-0.27293,-0.11223
1.045160,2.347568,1.524078,0.083543,-0.13125,-0.07495
1.102651,2.409851,1.531265,-0.21473,0.007230,-0.03873
1.337408,2.419433,1.624688,-0.35960,0.091386,-0.03767
1.641634,2.292472,1.483355,-0.67598,0.342788,-0.08986
1.660798,2.285286,1.342022,-1.13085,0.555841,-0.15911
1.105047,2.268517,1.725299,-1.59211,0.513230,-0.11330
0.295375,2.299659,3.095512,-1.76575,0.459967,-0.04725
0.218720,2.187071,3.610540,-2.01502,0.511100,0.047550
0.716979,1.748698,4.314811,-2.12687,0.781677,0.044354
0.752911,1.478009,5.397567,-2.11303,0.925487,0.053942
0.546900,1.343863,5.967691,-2.08426,1.132148,0.140228
0.312143,0.886326,6.427623,-2.09492,1.176889,0.145554
0.800821,0.536586,6.619261,-2.11516,1.232283,0.114662
0.827171,0.309016,6.473137,-2.18546,1.303656,-0.02169
1.167329,0.064677,6.667171,-2.19505,1.449597,-0.22089
0.194765,0.112587,6.489905,-2.32075,1.503925,-0.26137
-0.80175,0.021558,5.922177,-2.58707,1.437879,-0.25604
-1.41020,-0.11258,6.156934,-2.85125,1.273828,-0.22622
-1.90606,-0.22277,7.143871,-3.16764,1.030948,-0.03127
-2.38037,-0.97496,9.484253,-2.94500,0.990468,0.086965
-1.47009,-1.44447,11.57071,-2.68720,1.161976,0.074182
-1.14909,-1.67923,12.11688,-2.22381,1.541209,0.007070
-2.52170,-1.81816,11.81265,-2.20570,1.643475,0.073117
-3.75777,-2.03855,12.54088,-2.26962,1.567841,0.177512
-3.91827,-2.19186,13.57094,-2.32927,1.411247,0.298952
-3.20920,-2.77635,16.26585,-2.22701,1.039470,0.504548
-2.55524,-3.03746,17.50192,-1.73699,0.768893,0.587639
-2.69178,-3.23629,17.23841,-1.49943,0.722022,0.610009
-2.77562,-3.58842,17.37495,-1.32047,0.541992,0.718666
-1.70005,-3.96212,19.32248,-1.14577,0.165954,0.755950
-1.13951,-4.24957,20.04831,-0.92845,0.016817,0.705883
-0.52148,-4.69513,20.43877,-0.38943,-0.12060,0.547159
-0.18372,-4.83647,20.33816,0.108044,-0.24949,0.310670
0.290584,-4.80293,20.30942,0.349859,-0.33578,0.161533
0.180392,-4.31186,20.02196,0.868642,-0.50729,-0.17082
-0.96464,-3.90463,19.14521,1.108326,-0.60955,-0.30398
-1.29522,-3.82318,18.47448,1.440689,-0.91741,-0.44140
-1.64017,-3.83276,17.75344,1.602609,-1.20930,-0.50532
-1.67131,-4.15615,17.95227,1.900882,-1.23167,-0.53727
-1.69766,-4.21843,17.89717,2.150154,-1.16242,-0.54260
-1.85336,-4.41965,17.38454,2.742441,-1.00690,-0.53301
-2.25101,-4.34779,16.12691,3.295312,-1.03033,-0.45631
-2.32527,-4.25916,15.09685,3.538192,-1.11449,-0.40412
-2.08812,-4.11782,12.33726,3.872685,-1.28386,-0.30824
-1.70005,-3.55968,9.783688,4.023953,-1.41702,-0.26563
-1.59226,-3.19796,8.593135,4.079347,-1.42128,-0.23793
-1.22575,-2.53441,6.233589,4.074020,-1.33819,-0.13993
-0.44003,-1.78463,4.436980,3.950449,-1.27428,-0.04406
0.024686,-1.45645,3.636890,3.848184,-1.25723,-0.02595
0.817589,-0.80488,2.149298,3.553106,-1.19012,-0.05791
1.248776,0.033536,0.764712,3.156828,-1.06762,-0.13673
1.246380,0.447954,0.230520,2.908622,-0.98772,-0.16869
1.011623,1.226484,-0.49770,2.317400,-0.83219,-0.15378
1.061928,1.784631,-0.81151,1.654807,-0.73632,-0.08454
1.263148,1.976269,-0.83546,1.316053,-0.70969,-0.04832
1.885973,2.155930,-0.61029,0.660916,-0.69903,-0.04193
2.345905,2.098438,0.151469,0.134675,-0.60636,-0.15165
2.439328,2.076879,0.575469,-0.05067,-0.51687,-0.24113
1.977001,2.206235,1.277344,-0.25201,-0.18558,-0.42436
1.157747,2.488901,1.531265,-0.35960,0.251175,-0.51490
0.616369,2.733240,1.394722,-0.44908,0.461032,-0.50851
-0.15257,2.967997,1.406700,-0.81980,0.706043,-0.40838
-0.52148,2.874573,2.130134,-1.35456,0.685803,-0.27735
-0.73468,2.647003,3.466811,-1.79558,0.635735,-0.17295
-0.87840,2.551184,4.149523,-1.94258,0.629344,-0.12715
-0.85684,2.361941,5.253839,-2.08852,0.622952,-0.05897
-1.29282,2.405060,5.953318,-2.09385,0.688999,-0.06110
-1.72880,2.409851,6.221612,-2.08746,0.761437,-0.02595
-2.00907,2.270913,6.837250,-2.03739,0.768893,0.078443
-2.41870,2.359546,7.103148,-1.89039,0.722022,0.156207
-2.32048,2.390687,7.007329,-1.78279,0.828548,0.215862
-2.34444,2.472133,6.408459,-1.55589,1.214174,0.302148
-3.00080,2.064902,5.903013,-1.62087,1.691412,0.427849
-3.06068,1.583410,6.106629,-1.79877,1.821374,0.517331
-1.95637,0.392858,8.006243,-2.18440,1.660519,0.561007
-0.90236,-3.12924,10.67001,-2.23553,1.549732,0.480047
-1.33354,0.026349,11.46291,-1.96176,1.611517,0.203079
-3.58529,0.277875,11.11557,-1.83712,1.641344,0.172186
-5.43221,0.179660,11.57550,-2.36230,1.142801,0.527984
-5.12080,-0.69708,13.46314,-2.61689,0.792329,0.762342
-2.57440,-1.65767,17.67918,-2.51463,0.407769,1.014810
-0.34421,-2.10562,20.51782,-1.87654,0.473815,0.883782
-0.24839,-2.12718,20.72144,-1.59105,0.432270,0.766603
-0.44243,-2.00980,20.90349,-1.34710,-0.05881,0.624923
-0.08550,-2.03136,21.32031,-1.29490,-0.44550,0.586574
0.611578,-1.99064,22.06770,-1.16388,-0.74591,0.552485
1.517069,-2.01938,22.92528,-0.86560,-0.89185,0.482178
3.047780,-2.09125,22.82227,0.120827,-0.74910,0.170056
3.320864,-1.93075,21.68682,0.633219,-0.59144,-0.05258
2.635757,-1.21929,18.90806,1.317118,-0.36880,-0.45525
1.622470,-0.68750,17.30788,1.564259,-0.40928,-0.68215
1.112233,-0.30662,16.34969,1.732571,-0.60423,-0.82063
0.843940,-0.19642,15.78196,1.861468,-0.63405,-0.87709
-0.06873,0.098214,14.33030,2.128849,-0.57440,-0.92503
-0.46878,0.215592,13.62843,2.252419,-0.50729,-0.90799
-1.00297,0.354530,12.50255,2.444167,-0.33578,-0.82276
-0.88080,0.304225,11.10599,2.459080,-0.36241,-0.73115
-0.78977,0.304225,10.39214,2.328053,-0.57333,-0.69919
-0.89517,0.404835,10.18133,2.281182,-0.65855,-0.68002
-1.20419,0.529400,9.635169,2.273725,-0.80769,-0.60652
-0.96943,0.764157,7.972707,2.219396,-0.83965,-0.50851
-0.81612,0.888722,7.024097,2.073455,-0.86628,-0.46697
-0.70353,1.051614,6.228798,1.815661,-0.92167,-0.42223
0.110923,1.061196,6.849227,1.143480,-1.37228,-0.38601
0.472640,0.982145,7.757113,0.901665,-1.63753,-0.42649
0.681047,0.931840,8.732073,0.813248,-1.81117,-0.49573
0.853522,0.879140,9.503417,1.059324,-1.78773,-0.66084
0.498991,1.233671,8.164345,1.551476,-1.34458,-0.82170
0.189974,1.554665,7.287600,1.731505,-1.06762,-0.85046
-0.29870,2.242167,5.761680,1.920057,-0.65855,-0.82383
-0.86164,3.059025,4.187850,1.892360,-0.33365,-0.72263
-1.05806,3.497398,3.473998,1.786899,-0.24949,-0.63954
-0.99578,3.835160,2.812846,1.421514,-0.18877,-0.46590
-0.24121,3.921398,2.003174,0.945341,-0.29956,-0.37109
-0.17413,4.139386,3.069162,0.728027,-0.28465,-0.39985
-0.98860,4.285511,3.347037,0.489408,-0.24949,-0.34233
-0.81852,4.496313,3.505139,0.381817,-0.13125,-0.24965
-0.28672,4.436426,3.337456,0.357316,0.106299,-0.18893
-0.07113,4.410075,2.788891,0.337076,0.271415,-0.19852
-0.05196,4.704719,2.000779,0.095261,0.622952,-0.24539
-0.90715,5.116742,2.245117,-0.37238,0.710304,-0.18787
-1.24970,5.234120,2.970947,-0.62592,0.635735,-0.10371
-1.47488,5.389826,4.453749,-1.06481,0.419487,0.127445
-1.26168,5.226933,5.088551,-1.25123,0.306569,0.243559
-0.41129,4.831679,6.379714,-1.58998,0.115887,0.399087
0.355262,4.419657,8.435034,-1.82647,-0.00768,0.426784
0.800821,4.148968,11.03173,-1.81901,-0.02472,0.404413
0.882267,4.165737,11.96117,-1.47493,0.092451,0.329845
0.922990,4.407680,12.27738,-0.96680,0.243718,0.272321
0.949341,4.673578,11.86775,-0.60355,0.330005,0.246754
1.066719,4.755024,11.51082,-0.49915,0.325744,0.232906
1.057137,5.004154,10.99580,-0.41393,0.237327,0.199883
1.076301,5.085600,10.81614,-0.39689,0.143584,0.199883
1.131397,5.068832,10.83769,-0.37345,0.087125,0.196687
1.239194,4.987386,10.84967,-0.28290,0.038123,0.189230
1.442809,4.850843,10.97663,-0.12098,0.015752,0.164729
1.495510,4.750233,10.77541,-0.02191,0.030666,0.142359
1.541024,4.613691,10.15738,0.117631,0.048775,0.078443
1.507487,4.594527,9.951372,0.158111,0.035992,0.040093
1.447600,4.584945,9.754942,0.194330,0.035992,0.006005
1.385318,4.599318,9.565700,0.225223,0.049841,-0.02169
1.150561,4.565782,9.433949,0.277421,0.058363,-0.04619
1.014019,4.508290,9.299801,0.344532,0.056232,-0.03021
1.157747,4.362166,9.177633,0.374360,0.056232,-0.03767
1.040369,4.333420,8.976412,0.405252,0.038123,-0.08241
0.891849,4.350188,8.791960,0.399926,-0.00768,-0.08986
0.875081,4.343002,8.688955,0.370099,-0.05455,-0.09412
0.879872,4.259160,8.475757,0.271029,-0.19197,-0.10904
0.819985,4.206459,8.447011,0.196461,-0.26867,-0.12608
0.769680,4.180109,8.473361,0.187939,-0.25802,-0.13567
0.520550,4.187296,8.609904,0.253985,-0.17919,-0.14952
0.245070,4.187296,8.370356,0.371164,-0.06414,-0.13567
0.166019,4.168132,8.149971,0.415905,-0.01194,-0.12395
0.182788,4.225624,7.991870,0.464907,0.008295,-0.08560
0.259443,4.192087,7.663690,0.490473,-0.05988,-0.06430
0.441499,4.235205,7.131894,0.409513,-0.19623,-0.05577
0.580437,4.220832,6.973792,0.331749,-0.29956,-0.06962
0.527736,4.307070,6.729453,0.162372,-0.48705,-0.10797
0.508573,4.352584,6.765386,0.102718,-0.55629,-0.10158
0.594810,4.266346,6.609679,0.059042,-0.51474,-0.06749
1.073906,4.235205,5.962900,-0.04641,-0.32406,-0.04406
1.354177,4.307070,5.900618,-0.16040,-0.23991,-0.07069
1.406877,4.295092,6.767781,-0.38730,-0.11953,-0.14845
1.014019,4.216042,7.948752,-0.47145,-0.08331,-0.17295
0.985273,4.189691,8.329633,-0.46506,-0.09183,-0.15697
1.279917,4.170527,8.619486,-0.41393,-0.10568,-0.12182
1.505092,4.148968,8.672186,-0.38091,-0.05029,-0.11756
1.545815,4.036380,8.779983,-0.37878,-0.03538,-0.11223
1.869204,3.854324,8.741655,-0.42352,-0.10142,-0.08880
2.350696,3.782460,8.935689,-0.54496,-0.24417,-0.13034
2.614198,3.703409,9.194400,-0.59822,-0.31128,-0.18893
2.712413,3.650709,9.826807,-0.60248,-0.39543,-0.38068
2.401000,3.775274,10.15259,-0.45334,-0.34963,-0.54473
2.144684,3.827974,10.04958,-0.35214,-0.31341,-0.61717
1.361363,4.216042,9.493836,-0.22005,-0.22286,-0.69706
0.566064,4.522663,9.330943,-0.19235,-0.16001,-0.67895
0.400776,4.613691,9.421971,-0.19768,-0.14403,-0.65552
0.065409,4.879589,9.721406,-0.19768,-0.15362,-0.62889
-0.52387,4.992177,9.999281,-0.12311,-0.13338,-0.57030
-0.72749,5.016131,10.08312,-0.04961,-0.10142,-0.51064
-0.69874,5.073623,9.726197,0.112305,-0.00235,-0.33594
0.230697,4.846052,9.184819,0.210309,0.097777,-0.22409
0.808007,4.666391,8.875802,0.255050,0.233066,-0.26563
0.779262,4.644832,8.782379,0.268899,0.286329,-0.30185
0.609183,4.781374,8.629068,0.258246,0.294851,-0.27628
0.788844,4.771792,8.447011,0.225223,0.247980,-0.21663
1.988978,4.412471,8.133203,0.108044,0.126540,-0.16017
3.155576,4.110641,8.300888,0.021758,0.088190,-0.34340
3.019034,4.395702,8.911734,0.096326,0.125474,-0.63102
2.525565,4.800538,8.868616,0.166633,0.096712,-0.69493
2.597430,5.296402,8.073316,0.167699,-0.06627,-0.68535
3.237023,5.164651,7.793046,-0.00700,-0.19836,-0.80146
3.366379,4.977804,8.310469,-0.05174,-0.19730,-0.92716
2.618989,5.030504,9.505813,0.097391,-0.04283,-1.19561
1.265544,5.545532,9.572886,0.365838,0.119083,-1.30746
0.597205,5.785080,9.400412,0.416970,0.112691,-1.30107
-0.42566,6.050978,9.510603,0.441471,-0.07692,-1.16471
-0.60771,5.979114,9.524977,0.562911,-0.21860,-0.94740
-0.30349,5.935995,9.335734,0.677960,-0.23458,-0.87390
-0.10466,6.273757,8.341610,0.871838,-0.15149,-0.81850
-0.35379,6.448627,7.289995,0.871838,0.027470,-0.75139
-0.47596,6.309689,7.237295,0.834554,0.074342,-0.71304
-0.67479,5.715611,7.280413,0.865446,0.255436,-0.63102
-1.26408,5.207769,7.112730,1.032693,0.681542,-0.59693
-1.76473,5.528764,6.806108,1.081695,0.912704,-0.57669
-2.42349,6.103679,6.382109,0.997539,1.094864,-0.52236
-3.89910,6.522887,6.624052,0.524562,1.004317,-0.26563
-4.30633,6.027023,7.086380,-0.03896,0.453575,0.125314
-4.44288,5.305984,7.761905,-0.28610,-0.26547,0.459807
-3.64279,4.175318,8.940480,-0.18916,-0.58718,0.638772
-2.76365,3.516562,8.576367,-0.14548,-0.62127,0.695230
-2.62950,3.154844,8.118830,-0.11992,-0.61594,0.752755
-1.93002,2.833850,7.309159,-0.11885,-0.40928,0.655816
-1.37666,2.632630,7.139080,-0.09968,-0.32300,0.592965
-1.31917,2.761986,7.227713,-0.13163,-0.26121,0.472590
-1.50362,3.133285,6.806108,-0.39049,-0.37306,0.393761
-1.85097,3.245873,6.604888,-0.55774,-0.46255,0.356477
-1.89648,3.346483,6.877973,-0.76653,-0.54883,0.265929
-1.78389,3.435116,7.903238,-0.70155,-0.39970,0.114662
-1.31678,3.463861,9.192006,-0.57905,-0.25695,0.002809
-1.18023,3.559680,9.539350,-0.32658,0.063689,-0.20917
-1.22335,4.165737,9.762129,-0.16253,0.373681,-0.28374
-1.49404,5.056854,9.182423,-0.22431,0.643192,-0.22835
-1.52997,5.658120,8.140390,-0.35960,0.722022,-0.18787
-1.30001,5.816221,7.852933,-0.66427,0.676215,-0.17721
-1.07483,5.763521,9.041090,-0.71860,0.551580,-0.19532
-1.09879,5.353894,11.21858,-0.45867,0.300177,-0.23474
-0.94308,5.270052,11.86056,0.124023,0.276742,-0.31889
-0.57657,5.229329,11.73121,0.411644,0.305504,-0.35618
-0.58616,5.339521,10.96226,0.797269,0.307634,-0.34127
-0.75144,5.952764,9.168050,0.870773,0.250110,-0.21343
-0.70353,6.364786,7.330718,0.801530,0.171281,-0.14206
-0.51190,6.379158,6.679148,0.679025,0.071146,-0.08667
-0.20767,6.221057,5.874268,0.523497,-0.03324,-0.04299
-0.18132,6.012650,5.862290,0.152785,-0.22180,0.027310
-0.21725,5.840176,6.628843,-0.13803,-0.38372,0.112531
-0.19090,5.849758,7.012120,-0.22112,-0.39543,0.183904
0.036663,5.878504,7.718786,-0.29036,-0.31021,0.376717
0.216324,5.552719,8.276932,-0.34575,-0.24310,0.595096
0.522946,5.255679,8.550017,-0.38410,-0.23778,0.697361
1.416459,4.541827,9.055463,-0.46932,-0.24630,0.804953
2.379441,3.600404,9.793271,-0.48637,-0.23032,0.742102
2.801045,3.219522,10.13342,-0.43524,-0.20475,0.637706
3.203486,2.896133,10.59815,-0.19235,-0.12912,0.306409
3.110062,3.030280,10.23164,0.122958,-0.03431,-0.05897
2.937588,3.231500,9.822016,0.256116,0.017883,-0.24220
1.780572,3.892652,9.103372,0.436145,0.110561,-0.54260
0.714584,4.723883,8.552412,0.509648,0.082864,-0.66724
0.340889,5.171837,8.372752,0.504322,0.020013,-0.68535
-0.26037,5.979114,8.197881,0.443602,-0.18877,-0.63208
-0.48794,6.283339,8.020616,0.405252,-0.30169,-0.56284
-0.86164,6.724108,7.548707,0.281682,-0.42313,-0.35937
-1.11077,7.069056,7.268436,0.056911,-0.51261,-0.09093
-0.98141,6.994797,7.711599,-0.23497,-0.68945,0.206274
0.007918,6.290526,8.463780,-0.46506,-0.85563,0.451285
0.693024,5.825803,8.859034,-0.50874,-0.90356,0.492830
1.957837,4.937080,9.345315,-0.49915,-0.88865,0.480047
2.353091,4.527454,9.551327,-0.44376,-0.79384,0.404413
2.341114,4.144177,10.14061,-0.35641,-0.64684,0.264864
1.267939,4.273533,10.16936,-0.10713,-0.33471,-0.13460
0.501386,4.429239,9.802852,0.144263,-0.22180,-0.51810
-0.94308,4.572968,8.794356,0.222027,-0.26228,-0.64593
-1.68568,4.795747,8.339215,0.263572,-0.46894,-0.73328
-1.82462,5.092787,7.917611,0.299791,-0.75762,-0.63315
-1.59944,5.298798,6.796527,0.365838,-0.83326,-0.52130
-0.94308,5.018527,5.689815,0.500061,-0.73312,-0.20385
-0.37056,4.764606,5.239466,0.518170,-0.49557,0.118923
0.855917,4.170527,4.719647,0.465972,-0.35389,0.242493
1.471555,3.751319,4.952008,0.288073,0.024274,0.331976
1.560188,3.708200,5.268211,0.104848,0.425879,0.205209
1.428436,3.729759,6.212030,0.037736,0.630409,0.092291
0.863103,4.074708,7.500797,0.030280,1.203521,-0.19213
0.149251,4.489126,7.955938,0.110174,1.561450,-0.35937
-2.11447,6.199498,7.730763,0.350924,2.095147,-0.66617
-4.00929,8.218886,9.788479,0.329619,2.019513,-0.68854
-4.26801,7.545757,11.89171,-0.86773,0.514295,-0.45844
-3.21160,6.146797,13.83923,-1.36095,-0.47320,-0.36257
-0.13820,5.246097,10.29871,-1.45043,-1.14218,-0.22089
0.443895,4.949058,8.823101,-1.08611,-1.27428,-0.02275
0.853522,4.867612,7.644526,0.855859,0.107365,0.373521
1.179307,5.076018,6.176098,1.317118,0.824287,0.364999
1.097860,5.224538,5.778448,1.035888,0.728413,0.229710
0.896640,5.368267,5.701793,0.724831,0.421618,0.151946
0.661883,5.461690,5.864686,0.057976,-0.30382,0.061399
0.489409,5.679679,6.556979,-0.37452,-0.73845,0.064594
0.501386,5.797057,6.904323,-0.48850,-0.80982,0.083769
0.625951,5.674888,7.515170,-0.62698,-0.81621,0.105074
0.743330,5.476063,8.147577,-0.70049,-0.82900,0.057138
1.052346,5.145487,8.688955,-0.69303,-0.85137,-0.06643
0.846335,5.087996,8.911734,-0.67172,-0.89078,-0.15484
0.309748,5.164651,9.129723,-0.56626,-0.84711,-0.24433
0.113319,5.138301,9.153677,-0.35641,-0.66601,-0.24539
0.084573,5.111950,9.057858,-0.24988,-0.54670,-0.23474
0.084573,5.042481,8.799147,-0.07837,-0.34963,-0.20598
0.158833,5.023318,8.573972,0.003648,-0.25695,-0.17721
0.281002,5.116742,8.068526,0.001518,-0.22606,-0.16550
0.290584,5.171837,7.764300,-0.06239,-0.20688,-0.14952
0.201951,5.260470,7.759509,-0.17638,-0.29423,-0.11223
0.230697,5.303589,7.840955,-0.23283,-0.33684,-0.08347
0.508573,5.207769,8.008639,-0.30421,-0.35815,-0.03873
0.999646,5.037691,8.207464,-0.30847,-0.21434,-0.02275
1.222425,4.920312,8.382333,-0.27758,-0.11527,-0.03660
1.315849,4.848448,8.784774,-0.19342,0.038123,-0.08454
1.315849,4.795747,8.966830,-0.11566,0.083929,-0.13887
1.330222,4.769397,8.954853,-0.06878,0.109495,-0.15911
1.215239,4.767002,8.533248,0.000452,0.159563,-0.18254
1.049951,4.795747,8.346402,-0.00487,0.167020,-0.18574
0.966109,4.781374,8.401497,-0.02511,0.132931,-0.18680
0.954132,4.781374,8.475757,-0.04215,0.081798,-0.19319
0.877476,4.774188,8.588345,-0.05813,-0.01300,-0.22409
0.788844,4.817306,8.530853,-0.05281,-0.04177,-0.24220
0.652301,4.886775,8.442220,-0.04535,-0.03005,-0.25391
0.491804,4.980199,8.399102,-0.02830,0.016817,-0.24859
0.309748,5.095182,8.413475,-0.02724,0.034927,-0.24539
0.261838,5.123928,8.447011,-0.01765,0.070081,-0.21237
0.216324,5.186210,8.442220,0.003648,0.089255,-0.16550
0.271420,5.128719,8.454197,0.019627,0.064754,-0.12395
0.273816,5.092787,8.408683,0.022823,0.025339,-0.11330
0.113319,5.068832,8.382333,0.014301,-0.05242,-0.10158
-0.01843,5.087996,8.341610,-0.00061,-0.13764,-0.08986
-0.04478,5.107160,8.312865,-0.01339,-0.16960,-0.08347
-0.16455,5.219747,8.305678,-0.00380,-0.14297,-0.07282
-0.04238,5.135905,8.279328,-0.01552,-0.17706,-0.00677
0.206742,4.999363,8.181114,-0.05174,-0.25056,0.013462
0.407963,4.810120,8.219441,-0.11885,-0.38904,0.035832
0.489409,4.666391,8.358379,-0.18383,-0.54883,0.034767
0.503782,4.659205,8.494921,-0.20833,-0.62127,0.030506
0.501386,4.637646,8.681768,-0.22644,-0.76082,0.032637
0.733748,4.707115,8.705723,-0.21259,-0.82900,0.053942
0.865499,4.740651,8.724887,-0.19875,-0.82367,0.073117
1.243985,4.850843,8.494921,-0.14122,-0.68625,0.127445
1.691939,4.932290,8.145181,-0.08476,-0.39117,0.198818
1.984187,4.896358,7.994266,-0.07305,-0.23778,0.227580
2.451306,4.575363,7.979893,-0.08050,0.062624,0.243559
2.573475,4.273533,8.238605,-0.08263,0.295916,0.177512
2.480051,4.170527,8.387125,-0.07837,0.374746,0.121053
2.053656,4.093872,8.811124,-0.02724,0.503643,-0.00358
1.454787,4.158550,9.110559,0.073955,0.557971,-0.10052
1.138584,4.232810,9.170446,0.122958,0.536666,-0.13247
0.527736,4.419657,9.084209,0.193265,0.381137,-0.15271
0.060618,4.659205,8.679373,0.189004,0.133996,-0.12395
-0.12383,4.891566,8.279328,0.158111,-0.00555,-0.09519
-0.08550,4.958640,8.070921,0.064368,-0.25162,-0.01316
0.225906,4.992177,8.015825,0.005779,-0.33578,0.030506
0.625951,4.973013,8.128413,-0.04854,-0.40715,0.069921
0.860708,4.963431,8.181114,-0.09435,-0.46574,0.099748
1.387713,4.881985,8.178718,-0.15827,-0.52646,0.146620
1.553001,4.881985,8.202672,-0.19129,-0.52114,0.168990
1.828481,4.841261,8.236209,-0.19662,-0.47426,0.178578
1.996165,4.846052,8.296096,-0.18490,-0.32726,0.191361
2.391419,4.714301,8.514084,-0.15401,-0.16214,0.191361
2.767509,4.508290,8.787169,-0.09329,-0.02579,0.162599
2.882492,4.398098,8.832683,-0.05494,0.026405,0.128510
2.801045,4.263951,8.784774,0.020692,0.130801,0.039028
2.441724,4.280719,8.669791,0.104848,0.282068,-0.04512
2.204571,4.321443,8.621881,0.149589,0.382203,-0.08134
1.713498,4.393307,8.499711,0.216701,0.537731,-0.14845
1.131397,4.517872,8.401497,0.231614,0.613365,-0.17935
0.889454,4.570572,8.384729,0.226288,0.615495,-0.18254
0.525341,4.640041,8.365565,0.187939,0.538796,-0.16656
0.400776,4.692742,8.367960,0.159177,0.473815,-0.15058
0.201951,4.778979,8.281723,0.089934,0.303373,-0.09945
0.156437,4.858030,8.279328,0.017496,0.139323,-0.02701
0.333703,4.836471,8.437430,-0.03363,0.011491,0.042224
0.494200,4.774188,8.470966,-0.04535,-0.03111,0.067790
0.882267,4.628064,8.573972,-0.04854,-0.07266,0.085900
1.129002,4.525058,8.559598,-0.04109,-0.08331,0.064594
1.198470,4.525058,8.629068,-0.03470,-0.08225,0.049681
1.179307,4.587341,8.655418,-0.01339,-0.08118,0.027310
1.119420,4.692742,8.576367,0.010040,-0.06946,0.019853
1.102651,4.738256,8.482944,0.016431,-0.06201,0.021984
1.117024,4.783770,8.379938,0.007909,-0.06307,0.026245
1.150561,4.798143,8.341610,-0.01019,-0.05135,0.019853
1.196075,4.810120,8.305678,-0.01552,-0.03111,0.016658
1.263148,4.743047,8.300888,-0.02617,0.053036,0.017723
1.294290,4.628064,8.494921,-0.03150,0.094582,0.013462
1.239194,4.575363,8.605113,-0.03150,0.092451,0.003874
1.109838,4.532245,8.724887,-0.00806,0.076472,-0.02169
0.882267,4.570572,8.662605,0.027084,0.058363,-0.03553
0.800821,4.611295,8.571577,0.031345,0.046645,-0.03234
0.784053,4.731070,8.451803,0.028149,0.041318,-0.00784
0.855917,4.812516,8.461384,0.026019,0.049841,0.013462
0.942154,4.834075,8.511690,0.023888,0.048775,0.056072
1.117024,4.783770,8.518876,0.031345,0.029601,0.059268
1.155352,4.723883,8.473361,0.034541,0.009361,0.026245
1.126606,4.707115,8.382333,0.028149,0.000838,0.003874
1.037973,4.699928,8.312865,0.004713,0.015752,-0.01423
0.985273,4.723883,8.384729,-0.01765,0.049841,0.002809
0.978086,4.733465,8.506898,-0.01872,0.071146,0.019853
1.025996,4.702323,8.621881,0.003648,0.112691,0.047550
1.085883,4.611295,8.686559,0.040932,0.136127,0.046485
1.033182,4.517872,8.636254,0.069694,0.119083,0.011331
0.939759,4.508290,8.609904,0.073955,0.082864,-0.01316
0.645115,4.594527,8.521271,0.063303,-0.03324,-0.04938
0.506177,4.659205,8.475757,0.049454,-0.10781,-0.05897
0.434313,4.743047,8.394310,0.008974,-0.24310,-0.05258
0.436708,4.802934,8.334424,-0.03789,-0.33258,-0.03021
0.549296,4.905939,8.262559,-0.06239,-0.35815,-0.01423
0.803216,5.006549,8.202672,-0.10287,-0.33365,0.030506
0.944550,5.083205,8.185904,-0.11885,-0.17812,0.109335
1.306267,5.159860,8.159554,-0.11672,-0.04922,0.154077
1.574561,5.111950,8.166740,-0.08902,0.242653,0.206274
1.881182,4.961035,8.233814,-0.05387,0.490860,0.166860
2.159057,4.783770,8.322446,-0.02404,0.604843,0.110401
2.463283,4.405284,8.506898,0.023888,0.727348,0.036898
2.448910,4.273533,8.614695,0.085673,0.838136,-0.04512
2.276436,4.158550,8.712909,0.190069,0.860506,-0.19852
1.938673,4.033985,8.820706,0.215635,0.800851,-0.28161
1.140979,3.904629,8.957248,0.226288,0.675150,-0.34020
0.695420,3.921398,8.981204,0.216701,0.492990,-0.36790
0.125296,4.108245,9.036299,0.173025,0.082864,-0.34233
-0.31547,4.237601,8.969225,0.099522,-0.31341,-0.20385
-1.18503,4.663996,8.808729,0.048389,-0.47000,-0.12289
-1.41739,5.078414,8.442220,-0.05813,-0.70756,0.014527
-1.27126,5.179024,8.298492,-0.12418,-0.68732,0.114662
-0.66521,5.174233,8.023012,-0.14335,-0.60316,0.145554
0.130087,5.143092,7.776278,-0.16679,-0.39756,0.163664
0.522946,5.087996,7.817000,-0.16359,-0.30915,0.161533
1.220030,4.989781,8.063735,-0.10074,-0.16108,0.146620
1.461973,4.886775,8.346402,-0.03896,-0.07159,0.106140
1.965024,4.678369,8.705723,0.008974,-0.02685,0.060333
2.190198,4.611295,8.851847,0.043063,0.014687,0.040093
2.254876,4.596922,8.923711,0.110174,0.130801,-0.01316
2.197385,4.582550,8.873407,0.153850,0.270350,-0.06217
2.020119,4.640041,8.679373,0.171960,0.331070,-0.08454
1.672775,4.680764,8.533248,0.209244,0.443988,-0.13247
1.495510,4.697533,8.526062,0.232680,0.499382,-0.15165
1.102651,4.740651,8.461384,0.262507,0.527079,-0.16124
0.522946,4.795747,8.463780,0.230549,0.439727,-0.15697
0.333703,4.848448,8.370356,0.195395,0.341723,-0.14526
-0.03520,4.908335,8.296096,0.152785,0.256502,-0.13887
-0.03520,4.905939,8.152367,0.109109,0.155302,-0.11543
-0.22444,4.987386,8.140390,0.040932,-0.01940,-0.06643
-0.28672,5.013736,8.157158,-0.02298,-0.16108,-0.00784
-0.31786,5.097578,8.130808,-0.06665,-0.19197,0.029441
-0.01843,5.073623,8.135599,-0.07837,-0.18664,0.037963
0.319330,5.013736,8.181114,-0.09222,-0.16427,0.040093
0.491804,4.973013,8.241001,-0.08370,-0.14510,0.036898
0.709793,4.853239,8.413475,-0.04535,-0.08331,0.013462
0.800821,4.776584,8.545226,-0.00380,-0.03964,-0.01103
0.922990,4.743047,8.617091,0.016431,-0.01940,-0.02595
0.913408,4.704719,8.648232,0.041998,0.018948,-0.03767
0.891849,4.747838,8.602718,0.041998,0.014687,-0.02382
0.676256,4.862821,8.463780,0.036671,0.013622,-0.02062
0.592414,4.922708,8.413475,0.017496,0.015752,-0.00677
0.573251,4.961035,8.334424,-0.00806,0.015752,0.011331
0.498991,5.011340,8.217045,-0.03470,0.009361,0.008135
0.573251,5.004154,8.224232,-0.04215,0.001904,0.002809
0.628347,4.989781,8.276932,-0.01872,-0.02046,-0.02169
0.642719,4.951453,8.351192,-0.00700,-0.01940,-0.02275
0.678652,4.905939,8.454197,-0.00380,-0.00981,-0.01956
0.736143,4.881985,8.533248,-0.00700,-0.01087,-0.01956
0.697815,4.872403,8.552412,-0.00274,-0.01300,-0.00890
0.661883,4.896358,8.490130,-0.00167,-0.02259,0.001744
0.645115,4.910730,8.377543,-0.00274,-0.02366,0.004940
0.621160,4.932290,8.408683,-0.00806,-0.02792,0.001744
0.570855,4.941872,8.413475,-0.01019,-0.01940,-0.00464
0.549296,4.958640,8.415870,-0.00913,-0.01087,-0.00890
0.566064,4.939476,8.420661,-0.00274,0.009361,-0.00571
0.599601,4.937080,8.403893,0.003648,0.023209,-0.00251
0.683443,4.905939,8.389520,0.008974,0.029601,0.000679
0.738539,4.908335,8.399102,0.016431,0.033862,0.000679
0.748121,4.896358,8.435034,0.015366,0.040253,-0.00145
0.726561,4.898753,8.425452,0.008974,0.029601,0.004940
0.707397,4.891566,8.432639,0.003648,0.027470,0.012397
0.647510,4.879589,8.449407,-0.00806,0.011491,0.019853
0.613974,4.843657,8.461384,-0.01339,0.004034,0.014527
0.606787,4.838866,8.461384,-0.01339,0.004034,0.011331
0.575646,4.867612,8.394310,-0.00274,0.006165,0.007070
0.508573,4.910730,8.365565,-0.00274,0.010426,0.002809
0.510968,4.920312,8.358379,-0.00593,0.005099,-0.00145
0.568460,4.891566,8.377543,-0.00700,0.005099,-0.00997
0.623556,4.896358,8.396706,0.003648,0.000838,-0.00784
0.633138,4.889171,8.442220,0.006844,0.009361,-0.00464
0.647510,4.891566,8.442220,0.013235,0.021078,-0.00038
0.671465,4.908335,8.396706,0.003648,-0.00129,-0.00677
0.678652,4.889171,8.403893,-0.00274,-0.00022,-0.00997
0.697815,4.908335,8.432639,-0.01552,0.002969,-0.00997
0.604392,4.932290,8.449407,-0.02191,-0.00661,-0.01103
0.597205,4.939476,8.463780,-0.01446,-0.00448,-0.00997
0.613974,4.905939,8.401497,0.005779,0.009361,-0.00890
0.645115,4.896358,8.341610,0.014301,0.008295,-0.00890
0.618765,4.908335,8.324842,0.014301,0.010426,-0.00784
0.587623,4.910730,8.334424,0.003648,0.011491,-0.00677
0.606787,4.896358,8.463780,-0.00487,0.009361,0.002809
0.601996,4.886775,8.518876,-0.00806,0.005099,0.007070
0.630742,4.884380,8.485339,-0.00806,-0.01300,0.009201
0.604392,4.874798,8.454197,-0.00380,-0.02259,0.006005
0.597205,4.889171,8.403893,0.003648,-0.01940,0.002809
0.568460,4.905939,8.348796,0.012170,-0.00981,0.003874
0.520550,4.908335,8.377543,0.010040,0.005099,0.006005
0.534923,4.915521,8.399102,0.005779,0.011491,0.003874
0.585228,4.867612,8.494921,0.001518,0.020013,0.000679
0.606787,4.898753,8.482944,-0.00806,0.018948,0.000679
0.606787,4.910730,8.425452,-0.00380,0.011491,0.002809
0.654697,4.910730,8.387125,0.003648,0.004034,-0.00677
0.666674,4.905939,8.365565,0.005779,-0.00022,-0.01210
0.642719,4.915521,8.346402,0.006844,-0.00235,-0.00890
0.597205,4.910730,8.415870,0.018562,0.005099,-0.00145
0.625951,4.846052,8.473361,0.019627,0.013622,0.004940
0.625951,4.855634,8.437430,0.017496,0.016817,0.003874
0.554087,4.889171,8.420661,0.001518,0.012556,-0.00358
0.510968,4.929894,8.458989,-0.01233,0.007230,-0.00997
0.520550,4.937080,8.437430,-0.00487,0.001904,-0.01210
0.594810,4.925103,8.389520,-0.00274,0.004034,-0.01210
0.661883,4.908335,8.341610,0.005779,0.010426,-0.00784
0.661883,4.913126,8.310469,0.002583,0.017883,0.000679
0.649906,4.905939,8.394310,0.002583,0.018948,0.002809
0.594810,4.903544,8.454197,0.002583,0.012556,-0.00145
0.587623,4.893962,8.463780,0.008974,0.013622,0.001744
0.537318,4.913126,8.394310,0.008974,0.011491,0.003874
0.556482,4.886775,8.399102,0.001518,0.008295,0.008135
0.554087,4.881985,8.403893,-0.01019,-0.00874,0.010266
0.566064,4.874798,8.463780,-0.01446,-0.01087,0.009201
0.534923,4.917917,8.435034,-0.00380,-0.00129,0.009201
0.537318,4.929894,8.396706,0.000452,0.001904,0.004940
0.544505,4.929894,8.346402,0.002583,0.000838,0.003874
0.556482,4.920312,8.370356,0.000452,0.002969,0.003874
0.573251,4.927499,8.396706,0.003648,0.005099,-0.00571
