leftRight
1.299081,3.334505,7.095962,-0.95876,0.008022,-0.15356
0.714584,3.758505,8.514084,-1.25490,0.298839,-0.10136
-0.77300,3.329715,10.24362,-1.21229,0.649311,0.227803
-0.45440,3.205150,11.91087,-0.79151,0.686595,0.584666
0.357657,2.086461,10.21247,0.740334,0.796317,0.502641
-1.11556,3.530935,8.588345,-0.31960,-0.13791,-0.15675
-1.21377,3.042257,9.524977,0.224747,-0.07613,0.167083
-2.46182,3.653104,8.600322,-0.03198,0.016544,-0.01081
-3.90150,3.998053,8.945271,-0.29403,-0.15922,0.047773
-4.32310,3.986076,9.079418,-0.41334,-0.28598,0.143647
-4.52672,3.751319,9.520186,-0.54117,-0.49797,0.379070
-4.41173,3.518957,9.556118,-0.55289,-0.57361,0.471748
-4.13626,3.406370,9.654333,-0.53478,-0.61196,0.540990
-3.58529,3.207545,9.405202,-0.43358,-0.60237,0.621950
-3.31940,3.128494,9.218356,-0.29616,-0.39890,0.717824
-3.13974,3.001534,9.163259,-0.21733,-0.23805,0.787066
-2.67022,2.642212,8.748842,-0.08417,0.129462,0.921289
-2.04261,2.323613,8.653022,-0.07352,0.416018,0.993727
-1.78150,2.177489,8.636254,-0.10015,0.487391,0.990532
-1.40780,2.088856,8.703328,-0.15874,0.583265,0.971357
-1.12993,2.016992,8.959644,-0.17898,0.740924,0.964965
-0.94787,1.940337,9.381248,-0.07778,0.924149,0.939399
-0.79696,2.038551,9.383644,0.002107,0.969955,0.926616
-0.49273,2.151139,9.220751,0.088393,1.028545,0.910637
0.295375,2.821873,9.153677,0.268423,1.114831,0.844590
0.319330,3.011116,9.115350,0.307837,1.129745,0.847786
0.487013,3.245873,8.748842,0.306772,1.099917,0.956443
0.731352,3.197963,8.411079,0.108633,1.092460,1.154582
1.754222,2.785941,8.305678,-0.03730,1.105244,1.223824
2.698040,2.081670,9.457903,-0.31001,1.157442,1.261108
3.725700,1.348654,11.42459,-0.39630,1.175551,1.204650
4.183237,1.065987,12.24384,-0.36221,1.085004,1.139668
5.088727,0.510236,12.94811,-0.22372,0.744119,0.923420
5.749880,0.198824,12.82115,-0.08204,0.315883,0.578275
5.955891,0.143728,12.61035,-0.03198,0.123071,0.397180
6.291258,0.167683,11.89650,-0.02772,-0.26788,0.070144
6.511642,-0.00239,11.54197,-0.15342,-0.66841,-0.21108
6.629020,-0.21080,11.52759,-0.19922,-0.84418,-0.35276
6.835031,-0.70906,11.07724,-0.19496,-1.08813,-0.65530
7.163212,-0.85039,10.64127,-0.15235,-1.06469,-1.01003
7.191957,-0.87435,10.74427,-0.13105,-0.99545,-1.22202
6.293653,-1.05401,11.22816,-0.11081,-0.96456,-1.71417
4.652750,-1.33907,11.25211,-0.18964,-1.22342,-2.16264
3.795169,-1.35823,11.19702,-0.24290,-1.35338,-2.34480
2.247690,-1.03484,11.23055,-0.27912,-1.47695,-2.63242
1.361363,-0.70187,11.32158,-0.23651,-1.43434,-2.71658
0.451081,-0.28266,11.35991,-0.17046,-1.37362,-2.73895
-0.38733,0.141332,11.42698,-0.10654,-1.36510,-2.68249
-1.26168,0.359321,10.80416,0.001041,-1.53128,-2.34800
-0.24121,-0.28266,9.436344,-0.01600,-1.54832,-2.01457
0.455872,-0.69948,9.088999,-0.09483,-1.45991,-2.04014
0.113319,-0.89830,9.374062,-0.31960,-1.30118,-2.36611
-1.86534,-0.31620,10.09031,-0.52519,-1.52595,-2.49607
-2.79479,-0.14133,9.529767,-0.69564,-1.98402,-2.22762
-2.50014,-0.38567,8.873407,-0.82027,-2.06178,-2.10725
-2.20789,-0.84799,8.777587,-1.19311,-1.83381,-2.17649
-2.80676,-0.85279,9.551327,-1.31881,-1.61863,-2.29154
-5.92568,0.594078,12.14083,-1.15370,-1.17441,-2.08701
-6.23469,0.706665,12.15281,-1.02800,-1.11156,-1.86650
-6.43352,0.536586,11.95878,-0.89484,-1.07002,-1.63640
-6.34010,0.555750,12.07376,-0.59444,-0.81223,-1.23054
-6.23469,0.821648,12.50734,-0.23331,-0.53632,-0.98979
-6.40238,1.049219,12.56483,-0.03198,-0.50756,-0.91202
-6.75212,1.468428,11.69528,0.346187,-0.61409,-0.73199
-6.76889,1.894823,10.05677,0.581610,-0.55869,-0.45183
-6.36884,2.388291,8.890175,0.624221,-0.29025,-0.13225
-6.26823,2.615862,8.492526,0.591198,-0.15709,0.029664
-6.02389,2.853014,8.161950,0.423951,0.030393,0.419550
-5.82028,2.805105,8.166740,0.316359,0.094309,0.638995
-5.22620,2.258935,8.341610,0.141656,0.213618,1.077883
-4.32071,1.104315,8.597927,0.100111,0.373408,1.468835
-3.70986,0.558146,8.698536,0.126743,0.457564,1.608384
-2.60075,-0.13893,8.681768,0.234334,0.695117,1.747934
-1.97314,-0.28027,8.502107,0.286532,0.972086,1.799067
-1.89888,-0.37848,8.540435,0.242856,1.241597,1.837416
-2.00428,-0.44316,8.636254,0.186397,1.344928,1.870439
-2.29892,-0.40962,9.201587,0.025543,1.493000,1.981227
-2.41870,-0.36171,10.05916,-0.04582,1.539871,2.070709
-2.24143,-0.54377,10.42328,-0.14596,1.559046,2.280566
-1.66173,-1.05401,10.97663,-0.22905,1.480216,2.389223
-1.16586,-1.33667,11.34793,-0.21094,1.486608,2.372178
-1.00057,-1.34865,11.44136,-0.16833,1.532414,2.344481
-0.96943,-1.18815,11.50603,-0.11187,1.635745,2.301871
-0.96943,-1.10192,11.59467,-0.12785,1.725227,2.286957
-0.92392,-1.11629,11.86775,-0.14383,1.756120,2.288022
-0.78738,-1.27679,12.30612,-0.11826,1.760381,2.270978
-0.66521,-1.52831,12.59358,-0.01600,1.776360,2.305067
-0.50231,-1.67443,12.51932,0.036195,1.774229,2.339155
0.216324,-1.91877,12.20312,0.059631,1.797665,2.396679
1.095465,-2.28768,12.29415,0.044717,1.807252,2.282696
1.517069,-2.26851,12.26061,0.046848,1.748663,2.183627
2.393814,-2.05052,12.07616,0.032999,1.588873,1.959921
2.705226,-1.89482,12.20791,0.029804,1.486608,1.835286
3.059757,-1.71037,12.31571,0.048978,1.303383,1.692540
3.335237,-1.45166,12.20791,0.080936,1.054111,1.541273
3.759237,-0.81446,11.52280,0.133134,0.661029,1.269631
4.144909,-0.16049,11.04610,0.143787,0.442650,1.040599
4.228751,0.119773,10.85446,0.132069,0.346776,0.945790
4.497045,0.574914,10.52149,0.078806,0.168877,0.793458
5.016863,1.025264,10.67720,0.039391,0.080460,0.685866
5.385767,1.192948,10.92872,0.070284,0.055959,0.641125
6.549970,0.986936,11.09880,0.208768,-0.09743,0.559100
6.997924,0.747388,10.86165,0.284402,-0.20289,0.502641
7.429110,0.534191,10.62689,0.339795,-0.27853,0.409963
7.613562,0.277875,10.28434,0.369623,-0.33818,0.256565
7.232681,0.117378,10.31308,0.341926,-0.46282,-0.17699
7.100930,0.062282,10.39693,0.241791,-0.62793,-0.57540
6.638602,-0.16528,10.61731,0.192789,-0.70996,-0.75436
5.630105,-0.33776,10.71073,0.116090,-0.86229,-1.12721
4.988117,-0.32099,10.77541,0.014890,-1.03700,-1.49685
3.893384,-0.40244,10.94070,-0.04263,-1.12754,-1.64812
3.268164,-0.72822,11.33595,-0.13105,-1.26709,-1.84200
2.949565,-0.87435,11.51082,-0.09483,-1.22235,-1.96663
1.888368,-0.98693,11.75516,-0.01387,-1.16270,-2.04014
0.779262,-0.85518,11.67851,0.175745,-1.10624,-2.17543
0.510968,-0.84081,11.25930,0.282271,-1.28946,-2.18927
0.510968,-1.08515,10.47358,0.278010,-1.39173,-2.16051
0.355262,-1.39895,10.66762,0.165092,-1.37362,-2.16797
-0.34421,-1.35344,11.17306,0.063892,-0.99332,-2.37250
-2.51931,-0.82404,12.24863,0.082001,-0.80583,-2.51205
-4.08595,-0.23475,12.13365,0.273749,-0.69718,-2.66225
-4.41653,-0.01676,11.54676,0.530478,-1.03380,-2.54827
-4.49318,0.177265,10.11666,0.630612,-1.19039,-2.41298
-4.63691,0.368903,9.800457,0.698789,-1.16696,-2.12642
-4.96509,0.495863,9.862739,0.615699,-0.94219,-1.94213
-6.12450,0.903095,10.19091,0.567762,-0.87081,-1.87822
-6.57725,1.312721,10.44244,0.466562,-0.88892,-1.67582
-6.34249,1.360631,10.49275,0.348317,-1.07535,-1.32322
-5.49210,1.166597,10.55982,0.301446,-1.18720,-1.14851
-4.99144,1.037241,10.55263,0.291858,-1.35231,-0.92907
-4.96509,1.075569,10.26997,0.497454,-1.44286,-0.89391
-5.07528,1.360631,9.304593,0.655113,-1.48441,-0.88859
-5.45616,1.751094,8.954853,0.921429,-1.42262,-0.82148
-4.74710,2.199048,9.747756,0.953387,-1.50252,-0.59351
-4.21291,2.409851,9.541745,0.764836,-2.02769,-0.47953
-2.65345,2.824269,7.850537,0.671092,-2.31531,-0.37194
-0.36098,3.612381,5.713770,0.700920,-2.29827,-0.00655
0.237884,3.832765,5.423917,0.768031,-1.45458,0.200106
0.328912,3.983680,6.267126,0.652983,-0.98906,0.193714
0.522946,3.950143,7.527148,0.358970,-0.39464,0.159626
0.918200,3.856720,8.276932,0.285467,-0.17733,0.219281
1.967419,3.339296,9.168050,0.266292,0.172073,0.402506
2.683667,3.279409,8.741655,0.300381,0.220010,0.483466
2.978311,3.471048,8.581158,0.299315,0.140115,0.463226
2.997475,3.497398,9.103372,0.252444,0.052763,0.385462
2.501611,4.089081,10.05916,0.251378,0.064481,0.290653
2.611803,4.393307,9.903462,0.297185,0.018675,0.287458
3.397520,4.287906,8.619486,0.466562,-0.19224,0.433399
3.840683,4.419657,8.226628,0.493193,-0.41701,0.535664
3.970039,4.283115,7.644526,0.410103,-0.54165,0.545251
4.935417,4.026799,5.974877,0.307837,-0.66309,0.530338
4.092208,4.316652,8.585949,0.270553,0.303100,0.407832
3.478966,4.431634,9.132119,0.052174,0.321210,0.176670
3.256186,4.345397,8.547621,0.056435,0.160355,0.164952
2.961543,4.426844,7.924797,-0.05115,-0.24018,0.202236
2.721995,4.199273,7.711599,-0.27592,-0.39784,0.179866
2.211758,3.605195,8.092480,-0.36114,-0.26788,0.204367
1.454787,3.542912,9.723801,-0.46873,0.229597,0.217150
0.968505,3.193172,10.14780,-0.33025,0.720684,0.221411
0.297771,2.591907,9.637564,-0.19709,0.818688,0.244847
0.084573,2.661376,9.424366,-0.02665,0.694052,0.264022
-0.29391,3.011116,8.957248,-0.01600,0.564090,0.251239
-0.86164,3.336901,7.879283,-0.01067,0.420279,0.233129
-0.97183,3.375229,7.373837,0.015955,0.322275,0.228868
-0.98380,3.336901,7.141476,0.093719,0.400039,0.358830
-0.77061,3.047048,7.754718,0.109698,0.553437,0.469618
0.036663,2.850619,7.982288,0.038326,0.853842,0.694388
0.458268,2.886551,8.147577,-0.08204,1.047719,0.907441
0.764889,2.982370,8.372752,-0.18964,1.082873,1.069361
0.879872,3.059025,8.835079,-0.22692,1.123353,1.100254
0.120505,2.965602,9.989700,-0.24929,1.170225,1.099188
-0.31786,2.920088,10.31069,-0.26846,1.212835,1.084275
-0.41368,2.860201,10.25080,-0.27166,1.201117,1.106645
0.235488,2.505670,10.67480,-0.25142,1.112701,1.175887
0.400776,2.187071,11.03173,-0.29084,0.865559,1.416637
0.257047,1.628925,10.91674,-0.37819,0.799513,1.586014
0.086968,1.523524,10.64606,-0.33984,0.834667,1.597732
-0.05196,1.540292,10.49035,-0.10654,1.001913,1.521033
-0.14299,1.616947,10.45442,0.024477,1.139332,1.461378
-0.36098,1.777444,10.52628,0.142722,1.298056,1.400658
-0.36577,1.645693,9.857948,0.249248,1.467433,1.359113
-0.26037,1.576224,9.539350,0.455909,1.818970,1.370831
0.228302,1.480405,9.086605,0.593328,2.038415,1.441138
1.002041,1.341467,8.897361,0.593328,2.141745,1.468835
1.454787,1.219298,9.005158,0.474018,2.168377,1.508250
2.463283,1.204925,9.084209,0.233269,2.053328,1.501858
3.184322,1.427704,9.309384,0.096915,1.936149,1.454986
3.352005,1.557060,9.709428,-0.16513,1.666638,1.269631
3.744864,1.736721,10.35141,-0.38884,1.517501,1.053382
4.631191,1.626529,11.03652,-0.45169,1.500457,0.966030
4.911462,1.592993,11.11317,-0.42825,1.571829,0.845656
4.760547,1.607365,10.67001,-0.25781,1.689008,0.714628
4.257496,1.880450,10.65324,-0.14916,1.748663,0.615559
4.154491,2.079275,10.68917,-0.04796,1.818970,0.403571
4.123350,2.333195,11.50364,-0.18218,1.645332,0.286392
4.614423,1.925964,12.67742,-0.31640,1.466368,0.278935
5.198920,1.707975,12.82834,-0.53478,1.073286,0.367352
6.152320,1.327094,12.66784,-0.38032,0.797383,0.461095
6.530806,0.972563,11.92285,-0.23438,0.636528,0.440855
6.317608,0.927049,11.46052,0.029804,0.116679,0.132994
5.737902,0.778530,10.91435,0.075610,-0.42873,-0.40389
5.498354,0.807275,10.86404,0.020216,-0.67161,-0.62334
5.282761,0.780925,11.07964,-0.06074,-0.88253,-0.94505
4.152095,0.747388,11.75756,-0.10974,-0.93686,-1.20817
3.011848,0.388067,12.13365,-0.10761,-0.94964,-1.34985
2.597430,0.170078,12.09772,-0.02878,-1.01569,-1.62788
2.453701,-0.40483,11.50124,0.083067,-1.26390,-1.80471
2.836978,-0.90549,11.09401,0.105437,-1.46310,-1.84626
2.036888,-1.22169,12.18635,0.059631,-1.79759,-1.89952
1.452391,-1.55706,12.90739,-0.09696,-1.80505,-2.13282
-0.82091,-1.42531,13.68113,-0.10228,-1.68787,-2.33202
-1.86295,-1.21929,13.40086,-0.00108,-1.68361,-2.75280
-2.29174,-0.67073,12.77803,0.025543,-2.20452,-2.82524
-1.95637,-0.85758,12.10251,-0.00428,-2.40053,-2.72297
-2.15280,-0.80727,12.04981,-0.21201,-2.82238,-2.46731
-2.37558,-0.64677,11.98034,-0.54863,-3.00773,-2.37037
-2.75646,-0.32338,11.40303,-0.61681,-2.77764,-2.34267
-2.94331,-0.21798,11.23055,-0.56141,-2.60080,-2.28302
-3.12297,-0.22277,11.19941,-0.41973,-2.20452,-2.09979
-3.37210,-0.07426,11.36949,-0.35901,-1.99147,-2.00711
-3.91108,0.141332,11.07485,-0.21201,-1.67615,-1.87822
-3.76975,0.390462,10.04240,0.008498,-1.57389,-1.68434
-3.49187,0.567728,9.481858,0.058566,-1.58667,-1.42228
-2.91217,0.649174,8.437430,0.017020,-1.61543,-1.29658
-2.61752,0.644383,7.989475,-0.13318,-1.50997,-1.10058
-2.73011,0.733016,8.008639,-0.20029,-1.36297,-1.03453
-3.05589,0.888722,8.195487,-0.27486,-0.78985,-0.92481
-3.47510,1.094733,8.538040,-0.27592,-0.62687,-0.89178
-4.01409,1.293558,8.885384,-0.27060,-0.54484,-0.82361
-3.94222,1.552269,8.770401,-0.24290,-0.57254,-0.60949
-3.88233,1.827749,8.578763,-0.15874,-0.53100,-0.43372
-4.01648,2.577534,8.075712,-0.10228,-0.47241,-0.36235
-4.37820,2.994347,7.857724,-0.00641,-0.18265,-0.14184
-4.46204,2.752404,7.908029,-0.03198,0.234923,0.244847
-3.70986,1.844518,8.847056,-0.08524,0.409627,0.479205
-3.17327,1.552269,8.806333,-0.19070,0.554502,0.850982
-2.86665,1.346258,9.383644,-0.17472,0.701509,1.146060
-2.90977,1.221693,9.723801,-0.07778,1.110570,1.393201
-2.87144,0.867162,9.948976,-0.01706,1.271425,1.537012
-2.85228,0.694688,9.759734,0.082001,1.437606,1.815046
-2.74448,0.481490,9.843575,0.059631,1.611244,2.065382
-2.57919,-0.06467,10.55742,0.019151,1.719901,2.180431
-2.36600,-0.23236,10.68917,-0.02345,1.834949,2.407332
-2.26299,-0.37129,10.54305,-0.03837,1.839210,2.600145
-2.01626,-0.54856,10.80895,-0.04582,1.875429,2.680040
-1.68808,-0.94381,11.02454,-0.05967,1.919105,2.800414
-1.21856,-1.45884,11.42459,-0.03198,2.052263,2.874983
-1.06525,-1.60497,11.66413,0.024477,2.166246,2.897353
-0.77061,-1.75349,11.92285,0.186397,2.491152,2.944225
-0.65323,-1.83733,11.98513,0.296119,2.887430,3.062469
-0.16455,-2.01459,12.82834,0.307837,2.982238,3.139168
0.302561,-2.17988,13.24994,0.292924,2.938562,3.181779
0.858313,-2.35954,13.48230,0.244987,2.773447,3.174322
1.974605,-2.75480,13.69790,0.086263,2.230162,2.994292
2.398605,-2.73324,13.75060,0.003172,1.913779,2.846221
3.189113,-2.37391,13.69790,-0.03837,1.350254,2.537294
4.013158,-1.90440,13.30025,0.091589,1.047719,2.256065
4.434762,-1.64329,12.98404,0.170418,0.923084,2.118646
5.033631,-1.03963,12.10011,0.246052,0.724945,1.874700
5.311507,-0.80488,11.76714,0.230073,0.647180,1.764978
6.051710,-0.39285,11.51082,0.174679,0.553437,1.478422
6.104411,-0.22996,11.63539,0.255639,0.567286,1.154582
6.137947,0.002395,11.69528,0.458040,0.586460,0.894658
6.193043,0.074259,11.55634,0.556044,0.560894,0.781740
6.327190,0.112587,11.00538,0.633808,0.406431,0.546317
6.375100,-0.08144,10.56221,0.505976,0.044241,0.267218
6.379890,-0.20122,10.47119,0.250313,-0.43193,-0.04277
6.396659,-0.36890,10.60054,0.144852,-0.66522,-0.19191
6.535596,-0.46232,10.56700,0.066023,-0.85697,-0.34211
6.669744,-0.55335,10.50712,0.010629,-0.99119,-0.50190
6.801495,-0.83362,10.38974,-0.03198,-1.06789,-0.87261
6.739212,-1.02766,10.40411,-0.01919,-1.03913,-1.07820
6.255326,-1.34625,10.61012,0.038326,-0.96562,-1.53307
5.100705,-1.19534,10.92393,0.074545,-0.95177,-1.75039
4.355711,-1.10671,10.96705,0.090524,-1.08387,-2.07103
2.930401,-0.98214,11.06766,-0.02558,-1.34273,-2.17649
2.652526,-1.23127,10.87123,-0.17366,-1.59519,-2.15199
2.870514,-1.37500,10.82572,-0.25781,-1.61863,-2.17330
2.872910,-1.81098,11.66174,-0.33877,-1.52489,-2.36291
2.053656,-2.22060,12.45704,-0.29936,-1.49612,-2.49181
1.493114,-2.31403,12.62951,-0.14170,-1.47375,-2.69527
0.460663,-2.40985,12.54088,-0.02452,-1.54300,-2.76558
-0.02322,-2.39547,12.20791,-0.06393,-1.64420,-2.80713
-0.25797,-2.33559,12.11209,-0.10761,-1.67402,-2.84228
-0.91434,-2.18467,12.06178,-0.15874,-1.67828,-2.89554
-1.66173,-1.97147,12.12886,-0.10335,-1.62715,-2.87637
-2.00667,-1.91398,11.96357,-0.06820,-1.62928,-2.85933
-2.68939,-1.63850,11.48926,-0.04902,-1.64420,-2.85613
-3.62602,-1.01089,10.91674,-0.05009,-1.68361,-2.81991
-4.12667,-0.67073,10.50951,-0.07139,-1.68787,-2.75493
-5.19985,0.033536,9.783688,-0.21840,-1.62928,-2.50140
-5.89454,0.524609,9.903462,-0.43465,-1.46523,-2.09447
-5.97598,0.756970,10.30350,-0.49004,-1.35231,-1.86437
-5.56396,0.850394,10.98621,-0.43252,-1.08387,-1.46703
-5.46335,0.859976,11.44375,-0.24077,-0.89958,-1.22841
-5.66457,0.977354,11.52759,-0.14063,-0.90703,-1.11549
-5.91130,1.214507,10.90477,0.006368,-1.08706,-0.84491
-5.53282,1.367817,9.719011,0.061761,-1.15204,-0.59031
-5.32441,1.530710,9.134513,0.079871,-1.08706,-0.49764
-5.10403,1.923568,8.399102,0.149113,-0.74511,-0.33039
-5.21182,2.357150,8.260164,0.297185,-0.32433,-0.09603
-5.19506,2.512856,8.152367,0.382406,-0.14324,0.045643
-5.08007,2.754800,7.670876,0.466562,0.179530,0.322611
-5.35316,2.960811,7.529543,0.447387,0.335058,0.468552
-5.48012,2.795523,7.613385,0.321686,0.556633,0.843525
-5.14954,2.064902,7.948752,0.133134,0.656768,1.268565
-4.46444,1.334281,8.585949,0.017020,0.757968,1.561513
-4.30394,1.022868,8.878197,0.002107,0.851711,1.663778
-4.35903,0.572519,9.534559,0.029804,1.195791,1.860852
-4.47162,0.349739,10.38974,0.075610,1.579286,2.065382
-4.42132,0.285061,10.97184,0.118220,1.756120,2.168713
-4.21770,0.031140,11.96597,0.323816,2.048002,2.356199
-3.85838,-0.28745,11.94920,0.605046,2.250402,2.523446
-3.59727,-0.41920,11.64737,0.701985,2.327101,2.588427
-3.22358,-0.65875,11.02215,0.744596,2.431497,2.683235
-2.78760,-0.81685,10.35381,0.580545,2.453867,2.792958
-2.41870,-0.89111,10.21487,0.431408,2.465585,2.841960
-1.72161,-1.13306,10.46400,-0.00108,2.441084,2.887766
-1.10597,-1.41812,10.94310,-0.10122,2.425105,2.889896
-0.70832,-1.45405,11.16827,-0.16087,2.422975,2.872852
-0.08550,-1.40375,11.65695,-0.15768,2.483695,2.779109
0.132483,-1.47561,11.54676,-0.10228,2.567851,2.710932
0.199556,-1.52352,11.33595,-0.14063,2.646680,2.703475
0.520550,-1.70079,11.85817,-0.40056,2.767055,2.727977
1.351781,-2.04813,13.60208,-0.72120,2.532697,2.734368
2.000956,-2.31163,14.59141,-0.81281,2.253598,2.690692
3.409497,-2.60628,15.89694,-0.73931,1.577155,2.493618
4.947394,-2.42662,15.92569,-0.43145,0.955042,2.184692
5.620524,-2.24456,15.50888,-0.25675,0.707900,1.992945
6.669744,-1.80140,14.22251,0.036195,0.367016,1.540207
7.129675,-0.98933,12.90499,0.241791,0.204031,1.051252
7.151235,-0.59407,12.30612,0.316359,0.163551,0.821155
6.801495,0.062282,11.38147,0.394124,0.071938,0.431268
6.444568,0.409626,10.61731,0.413298,-0.08572,0.153234
6.288862,0.471908,10.21487,0.409037,-0.15922,0.049904
6.322399,0.352135,9.436344,0.360035,-0.29983,-0.13225
6.657766,0.016768,8.823101,0.225812,-0.39784,-0.41028
6.691303,-0.13654,8.724887,0.131004,-0.42873,-0.59777
6.188252,-0.33057,9.048276,-0.07033,-0.52354,-1.00790
5.254015,-0.53658,9.594446,-0.23118,-0.64072,-1.35624
4.245519,-1.02526,10.45681,-0.27592,-0.71742,-1.50644
3.445429,-1.30793,11.04850,-0.29510,-0.84099,-1.64812
3.208277,-1.26960,11.38386,-0.32705,-1.17015,-1.88567
2.748345,-1.34625,12.05699,-0.34836,-1.33314,-1.98474
2.341114,-1.53550,12.16239,-0.41547,-1.70172,-2.19141
1.691939,-1.83254,11.82463,-0.45595,-1.90199,-2.28728
1.330222,-1.96668,12.41871,-0.57100,-2.08948,-2.40765
0.997250,-2.05771,13.08944,-0.63172,-2.03408,-2.44920
0.302561,-2.42662,14.08117,-0.62320,-1.78801,-2.53016
0.302561,-3.02309,13.98296,-0.38138,-1.61543,-2.55999
0.494200,-3.33690,13.62843,-0.03730,-1.54832,-2.57064
0.223511,-3.35127,13.15652,0.087328,-1.52382,-2.64627
-1.42457,-2.97758,13.29066,0.152309,-1.49080,-2.94135
-2.38037,-2.87697,13.18526,0.100111,-1.59093,-3.18636
-3.17806,-2.75480,12.17916,0.067088,-1.74433,-3.18530
-2.21508,-2.70689,11.37907,-0.02239,-2.03195,-2.96159
-2.06417,-2.56076,11.58748,-0.11613,-1.85299,-2.87850
-3.64758,-2.06490,12.60556,-0.12785,-1.63674,-3.00527
-6.22272,-1.18576,12.74689,0.039391,-1.22022,-3.28543
-7.07790,-0.68750,11.89650,0.361101,-1.25324,-3.16506
-7.02281,0.198824,10.15498,0.453778,-1.40877,-2.90939
-6.80961,0.951004,9.920230,0.370688,-1.45991,-2.35439
-7.16654,1.286371,10.11905,0.187463,-1.30331,-2.10725
-8.05526,2.005015,10.21247,0.173614,-1.22342,-2.00711
-8.02891,2.201444,9.766920,0.286532,-1.21276,-1.60125
-6.98927,2.196653,8.269746,0.366427,-1.26709,-1.31256
-6.07659,2.263726,7.251667,0.423951,-1.24046,-0.80337
-5.99994,2.357150,7.131894,0.339795,-0.98054,-0.56794
-6.23949,2.682935,7.194176,0.263096,-0.63752,-0.40496
-6.40717,3.118912,7.153453,0.262031,-0.47773,-0.28778
-6.12929,3.334505,6.978583,0.263096,-0.24550,0.029664
-5.87537,3.382415,6.964210,0.190658,-0.03991,0.415289
-5.49689,3.068607,7.206153,0.120351,0.071938,0.607037
-5.18547,2.115207,7.474447,0.005303,0.360625,0.980944
-4.95072,1.731930,7.637340,-0.02239,0.695117,1.314372
-4.49797,1.303139,7.929588,-0.01493,0.869820,1.454986
-4.34706,1.137851,8.224232,-0.00215,1.192595,1.676561
-4.49558,1.070778,8.475757,0.020216,1.564372,1.859787
-4.69440,0.718643,9.160864,0.047913,1.791273,1.959921
-4.97707,0.320993,9.517790,0.138460,2.237619,2.185757
-5.24297,0.251524,9.817225,0.181071,2.601939,2.348743
-5.75081,0.148519,10.44244,0.144852,2.734032,2.421180
-5.84184,-0.22757,10.99819,0.007433,2.827775,2.618254
-5.65020,-0.59168,11.23055,-0.18005,2.801143,2.911202
-4.82376,-1.64090,11.64497,-0.28551,2.746815,3.075252
-3.66435,-2.64700,12.36841,-0.49537,2.618983,3.357547
-2.97684,-3.01830,13.13735,-0.70416,2.554002,3.526924
-1.36469,-3.70341,14.65848,-0.78618,2.513522,3.563143
0.264234,-4.14417,15.26693,-0.80642,2.297274,3.517337
1.917114,-4.06512,15.13279,-0.65835,1.959585,3.319198
2.609407,-3.87348,14.81658,-0.43997,1.702857,2.999619
3.581972,-3.21712,14.27521,-0.32492,1.620831,2.800414
3.888593,-2.83624,14.05482,-0.10441,1.586743,2.379635
4.274265,-2.08885,13.52782,0.017020,1.612309,2.176170
4.616818,-1.43968,12.92895,0.223682,1.648528,1.809719
4.659937,-1.07557,12.74689,0.307837,1.588873,1.436877
4.638378,-0.40483,12.40194,0.315294,1.529219,1.254717
4.650355,0.172474,12.37799,0.300381,1.345993,0.951117
4.710242,0.366507,12.33726,0.225812,1.044524,0.728477
4.911462,0.553355,12.26780,0.168288,0.811231,0.631538
4.954581,0.721038,11.83661,0.059631,0.276469,0.408898
4.961767,0.778530,11.56113,0.034065,-0.22633,0.172409
5.036027,0.723434,10.92633,0.030869,-0.57680,-0.02785
5.357021,0.380880,10.64366,0.027673,-0.70037,-0.12266
5.464818,0.256315,10.62450,0.020216,-0.85377,-0.36554
5.299530,0.126960,10.39932,0.068153,-0.95710,-0.69684
4.806061,0.136541,10.21487,0.083067,-1.00184,-0.85876
3.902966,0.083841,10.65085,0.044717,-1.04978,-1.16343
3.522084,-0.03593,10.87602,0.011694,-1.07854,-1.29445
3.227441,-0.45514,11.04610,-0.03411,-1.22022,-1.46490
3.414288,-0.98693,11.05089,-0.06606,-1.43753,-1.55757
3.282537,-1.14264,11.28804,-0.13957,-1.62396,-1.78128
2.221340,-1.03724,11.95878,-0.18431,-1.67722,-1.95492
0.705002,-0.85518,12.10969,-0.22266,-1.83275,-2.30965
0.206742,-0.82883,12.01627,-0.26846,-2.02130,-2.49820
-0.26277,-0.80967,12.50495,-0.33664,-2.08735,-2.51525
-1.26887,-0.68271,13.85360,-0.52093,-2.08308,-2.59727
-1.98991,-0.60126,14.43091,-0.51987,-1.95419,-2.75706
-3.22118,-0.46232,14.37102,-0.40375,-1.92116,-2.78156
-3.14692,-0.64438,12.77085,-0.02665,-1.91371,-2.61005
-2.42109,-0.83602,11.83182,0.285467,-1.83488,-2.22336
-1.25449,-1.18576,11.34314,0.345122,-1.69426,-2.08275
-2.33006,-0.88393,12.18395,0.360035,-1.24046,-2.14986
-3.23316,-0.57970,12.28456,0.494258,-0.93047,-2.36398
-4.41653,0.023954,11.19941,0.611438,-0.94219,-2.36717
-4.41892,0.241943,10.37537,0.808511,-1.09985,-2.12642
-3.89910,0.495863,8.918921,0.842600,-1.13713,-1.95492
-3.92785,0.886326,8.478153,0.791467,-1.09132,-1.71204
-4.44288,1.248044,8.717700,0.652983,-0.81649,-1.64386
-5.16871,1.731930,8.978808,0.593328,-0.69824,-1.62895
-6.41436,2.431410,9.072232,0.547522,-0.62900,-1.57355
-6.64911,2.716472,8.550017,0.480410,-0.65457,-1.27954
-6.31135,2.675749,8.353588,0.431408,-0.71529,-1.06223
-5.73164,2.551184,8.293701,0.368557,-0.76535,-0.82361
-4.65607,2.261331,8.274537,0.296119,-0.71635,-0.39324
-4.33508,2.203840,7.939170,0.421821,-0.50330,-0.14930
-4.20572,2.347568,7.112730,0.548587,-0.31688,-0.03957
-4.13865,2.496088,6.497092,0.545391,-0.23911,0.015815
-4.01169,2.608675,6.197657,0.436734,-0.10702,0.146843
-3.97815,2.642212,6.338990,0.357905,-0.01328,0.221411
-4.13146,2.675749,6.808504,0.195985,0.224271,0.365222
-3.89671,2.678144,6.688730,0.113959,0.422410,0.540990
-3.67153,2.658980,6.648007,0.022347,0.561959,0.773218
-3.35293,2.352359,7.115125,-0.07139,0.633332,0.878679
-3.68590,2.026574,8.159554,-0.27912,0.854907,1.031012
-4.04283,1.952314,8.717700,-0.38671,1.061568,1.108776
-4.44288,2.055320,9.273451,-0.39204,1.126549,1.151386
-4.32789,2.129580,9.333338,-0.35049,1.154246,1.309045
-4.11470,2.160721,9.493836,-0.33238,1.213901,1.415572
-3.88952,2.112811,9.757338,-0.30575,1.339602,1.522098
-3.31461,1.868473,10.03761,-0.26527,1.470629,1.616907
-2.39235,1.499569,10.38495,-0.20029,1.636810,1.785218
-1.79587,1.322303,10.44484,-0.22266,1.609113,1.937551
-0.59574,1.109106,10.42088,-0.25781,1.518566,1.986553
0.630742,0.893513,10.94549,-0.37286,1.407779,2.052599
1.088279,0.711456,11.61623,-0.50708,1.384343,2.051534
1.792549,0.385671,12.65107,-0.52306,1.404583,2.017446
2.659712,0.241943,12.78043,-0.37925,1.403517,1.947138
3.019034,0.244338,13.08465,-0.22798,1.441867,1.868309
3.569994,0.201219,13.74581,-0.18537,1.450389,1.812915
3.886197,0.299434,13.85121,-0.07246,1.345993,1.659517
3.931711,0.395253,13.76257,0.127808,1.129745,1.470965
3.651440,0.725829,13.72664,0.234334,1.000848,1.365504
3.634672,1.034846,12.72773,0.442061,0.681269,1.190801
3.907757,1.178575,11.66893,0.640200,0.180595,1.069361
5.548659,1.959501,7.884074,0.677484,-0.05589,1.008641
3.859847,1.909196,9.227937,0.484671,0.151833,0.731673
3.435847,2.203840,11.09880,0.096915,0.174203,0.476009
3.352005,2.184676,11.29044,0.112894,-0.05695,0.374809
3.534062,1.971478,10.14780,0.229008,-0.22313,0.336460
3.651440,1.906800,7.984684,0.428212,-0.42340,0.229933
3.543644,2.285286,7.541521,0.451648,-0.42767,0.143647
3.189113,2.536811,8.056549,0.110764,-0.03352,-0.16208
2.063238,2.618257,10.10707,-0.02558,0.082591,-0.23771
1.660798,2.472133,10.77781,-0.10868,0.168877,-0.28032
1.438018,2.213421,10.95507,-0.05328,0.028262,-0.28352
1.459578,2.211026,10.23403,0.115025,-0.28812,-0.29737
1.507487,2.237376,9.793271,0.225812,-0.50969,-0.36767
1.291894,2.246958,9.366875,0.237530,-0.52887,-0.41668
1.076301,2.273308,9.259078,0.204507,-0.44045,-0.54131
0.851126,2.330800,9.211169,0.186397,-0.37866,-0.59458
0.623556,2.352359,9.326152,0.160831,-0.31794,-0.63825
0.139669,2.299659,9.881903,0.137395,-0.25722,-0.67021
-0.18611,2.302054,10.28673,0.137395,-0.22100,-0.71708
-0.34661,2.354755,10.40411,0.155505,-0.25296,-0.73412
-0.72030,2.620653,10.25320,0.199180,-0.39677,-0.79058
-0.94787,2.793127,9.647146,0.256705,-0.56721,-0.83852
-0.89278,2.795523,9.323757,0.291858,-0.61302,-0.83106
-0.55981,2.769172,8.914130,0.316359,-0.61622,-0.80443
-0.29870,2.805105,9.033904,0.314229,-0.60343,-0.77141
-0.28193,2.845828,9.129723,0.243922,-0.56295,-0.73839
-0.53825,2.958415,9.292615,0.173614,-0.49158,-0.77354
-0.74186,3.063816,9.347711,0.154439,-0.46921,-0.80443
-0.84966,3.178799,9.297407,0.124612,-0.47454,-0.85556
-0.89517,3.226709,9.196796,0.100111,-0.54484,-0.84278
-0.72270,3.207545,8.890175,0.093719,-0.58213,-0.81402
-0.38254,3.185986,8.969225,0.060696,-0.59598,-0.75436
-0.30588,3.202754,9.120141,0.014890,-0.53100,-0.72773
-0.34900,3.243477,9.292615,0.018086,-0.49478,-0.73412
-0.44243,3.478234,8.914130,0.056435,-0.45536,-0.74797
-0.29151,3.574053,8.947667,0.102242,-0.44045,-0.72880
-0.05436,3.480630,8.902153,0.119286,-0.42767,-0.68832
0.091759,3.485420,8.911734,0.129938,-0.42980,-0.67340
0.269025,3.538121,8.664999,0.132069,-0.43299,-0.66914
0.326516,3.509375,8.413475,0.148048,-0.47347,-0.66595
0.472640,3.485420,8.109249,0.145917,-0.47454,-0.65103
0.690629,3.444697,7.893656,0.129938,-0.45217,-0.62653
1.323035,3.324923,7.987080,0.089458,-0.39784,-0.60097
1.497905,3.293782,8.377543,-0.04902,-0.22100,-0.60842
1.232007,3.300969,9.081813,-0.10335,-0.16348,-0.66701
0.982877,3.329715,9.144096,-0.13105,-0.17946,-0.79484
1.224821,3.164426,8.667395,-0.11613,-0.28598,-0.82467
1.936278,3.063816,8.394310,-0.13105,-0.37653,-0.79484
2.389023,2.900924,8.684164,-0.25249,-0.33712,-0.80337
2.393814,2.795523,8.942875,-0.41441,-0.26574,-0.92694
2.242899,2.740427,9.112955,-0.48365,-0.24231,-1.01748
1.876391,2.723658,9.117745,-0.54011,-0.24764,-1.10377
1.555397,2.697308,9.321361,-0.69031,-0.27533,-1.20071
1.399691,2.642212,9.268660,-0.81814,-0.36375,-1.23906
1.174516,2.306845,9.175237,-0.87993,-0.43086,-1.23799
1.335013,1.648088,9.160864,-0.99604,-0.59704,-1.19432
1.584143,1.303139,9.180027,-1.12387,-0.75683,-1.15490
2.027306,0.812066,9.292615,-1.17287,-0.78133,-1.19645
1.902741,0.673129,9.285429,-1.17820,-0.72807,-1.41802
1.593724,0.632405,9.201587,-1.03332,-0.63007,-1.71097
0.896640,0.462327,8.849452,-0.93532,-0.59811,-1.81963
0.460663,-0.09342,8.451803,-0.72333,-0.53313,-1.94639
0.367239,-0.25871,8.332029,-0.51454,-0.40636,-2.04120
-0.44243,0.141332,8.360774,-0.42825,-0.28812,-2.11364
-0.93350,0.306620,8.317655,-0.15981,0.312688,-2.32243
-1.53237,0.428790,8.193091,-0.05435,0.496978,-2.33628
-2.93852,0.766552,8.042175,0.052174,0.689791,-2.31178
-3.99492,0.936631,8.341610,0.211964,0.963564,-2.14134
-4.28957,1.101919,8.772796,0.303576,1.186204,-1.88674
-4.38778,1.576224,9.745361,0.323816,1.261837,-1.74719
-4.51714,1.662461,10.49275,0.318490,1.265033,-1.48727
-4.58421,1.600179,10.73708,0.270553,1.128679,-1.23480
-4.38299,1.576224,11.04371,0.161896,0.781404,-0.93759
-3.77933,1.772653,11.07724,0.099046,0.575808,-0.80017
-3.60206,2.036156,10.98142,-0.03730,0.117744,-0.61268
-3.39366,2.512856,10.81614,-0.11294,-0.10169,-0.54877
-2.89779,2.733240,10.40172,-0.28870,-0.52034,-0.41135
-2.73011,3.011116,9.874716,-0.43252,-0.85164,-0.25689
-2.90498,2.946438,9.618400,-0.52413,-0.92301,-0.07792
-2.99840,2.179885,9.275847,-0.54011,-0.78666,0.058426
-2.41630,1.729535,9.599237,-0.48152,-0.40423,0.415289
-2.10249,1.482800,9.690265,-0.39949,-0.25722,0.554839
-1.47488,0.562937,9.122536,-0.15342,-0.31049,0.689062
-1.24252,0.301829,8.842266,0.062827,-0.42234,0.719955
-0.53106,0.253920,8.423057,0.144852,-0.35310,0.715694
-0.06634,0.416812,8.353588,0.266292,-0.18265,0.677344
0.218720,0.455140,8.262559,0.374949,-0.00262,0.579340
0.292980,0.452745,8.169136,0.411168,0.000565,0.515424
0.106132,0.512632,8.020616,0.388797,-0.11661,0.354569
-0.19569,0.483886,8.051757,0.208768,-0.35416,0.145777
-2.45223,1.916382,8.516480,0.072414,-0.49691,0.033925
-3.50385,1.904405,11.11317,-0.42186,-0.52460,-0.02572
-2.57680,0.026349,14.02608,-1.65331,-0.03778,0.290653
-1.89169,-0.32099,14.34228,-1.96756,0.159290,0.074405
-1.72880,-0.00239,13.47512,-1.74066,0.129462,-0.19510
-1.61621,0.402440,12.80199,-0.89484,-0.25509,-0.67340
-1.35750,0.519818,11.10838,-0.41014,-0.46069,-0.83213
-1.15388,0.419208,9.520186,0.451648,-0.88253,-0.90776
0.122901,1.042032,8.612299,1.036478,-0.94006,-0.58499
0.623556,1.365422,8.329633,1.261248,-0.42873,-0.17060
1.208052,1.295953,8.241001,1.244204,-0.12300,-0.02892
1.435623,0.876744,8.569181,0.985345,0.370212,0.074405
1.500301,0.876744,8.736865,0.601850,0.433062,-0.06620
1.459578,1.149829,9.309384,0.411168,0.397909,-0.17593
1.332617,1.295953,9.486649,0.142722,0.278599,-0.39218
0.843940,1.547478,9.632773,0.072414,0.214683,-0.47420
0.189974,1.818167,9.656728,0.044717,0.155029,-0.59884
-0.48075,2.115207,9.565700,0.121416,0.123071,-0.65743
-0.76103,2.302054,9.443531,0.215159,0.029328,-0.64251
-1.26168,2.682935,9.347711,0.246052,-0.00902,-0.60097
-1.47009,2.670958,9.314174,0.265227,-0.02713,-0.44650
-1.45092,2.644608,9.247101,0.229008,-0.13472,-0.25476
-1.30719,2.589512,9.057858,0.187463,-0.18159,-0.16954
-1.27126,2.551184,9.081813,0.100111,-0.18905,-0.03744
-1.29522,2.472133,9.263870,0.045783,-0.06441,0.088253
-1.39343,2.412246,9.534559,0.046848,-0.02500,0.158561
-1.20658,2.251749,9.527372,0.101176,-0.04630,0.294914
-0.91673,2.167907,9.541745,0.192789,-0.08998,0.376940
-0.38254,1.674439,9.170446,0.241791,-0.07080,0.356700
-0.48315,2.052924,9.680683,0.292924,0.061285,0.169213
-0.97183,2.673353,9.508209,0.276945,0.225336,-0.09390
-0.63407,2.960811,9.302197,0.197050,0.086852,0.005163
-0.08550,2.227794,9.242310,-0.12572,-0.10382,0.440855
0.015104,1.897218,9.175237,-0.34410,-0.35523,0.559100
0.436708,1.753489,9.172842,-0.38245,-0.36055,0.540990
0.839149,1.492382,9.798061,-0.33238,-0.26788,0.490923
0.786448,1.367817,9.810039,-0.27699,-0.19331,0.389723
0.750516,1.552269,10.23882,-0.38351,-0.45110,0.290653
0.922990,1.518733,10.13103,-0.44743,-0.50756,0.158561
1.004437,1.442077,10.00167,-0.38458,-0.61196,0.078666
0.755307,1.461241,9.630378,-0.31640,-0.56721,0.021142
0.695420,1.614552,9.302197,-0.16620,-0.42234,-0.04170
0.599601,1.739117,9.278243,-0.00321,-0.19970,-0.00548
0.544505,1.863682,9.165655,0.066023,-0.07400,0.033925
0.597205,1.799004,9.180027,0.154439,0.177399,0.109559
0.594810,1.810981,9.254287,0.145917,0.347841,0.146843
0.530132,1.849309,9.352502,0.133134,0.369147,0.152169
0.448686,1.818167,9.575282,0.095850,0.402170,0.147908
0.407963,1.806190,9.671101,0.084132,0.396843,0.145777
0.312143,1.849309,9.788479,0.087328,0.371277,0.139386
0.163624,1.827749,9.747756,0.103307,0.298839,0.117015
0.127692,1.796608,9.656728,0.122482,0.227467,0.101036
0.168415,1.746303,9.491440,0.124612,0.204031,0.093580
0.103737,1.846913,9.455508,0.107568,0.178464,0.065883
0.005522,1.846913,9.374062,0.077740,0.130528,0.028598
0.010313,1.875659,9.371666,0.059631,0.107092,0.023272
0.003127,1.918777,9.460299,0.007433,0.067677,0.020076
-0.03999,1.937941,9.594446,-0.03624,0.042111,0.024337
-0.06155,1.952314,9.668705,-0.04476,0.035719,0.028598
-0.02561,1.925964,9.716615,-0.03091,0.038915,0.050969
0.024686,1.844518,9.781293,0.045783,0.111353,0.105297
0.072596,1.787026,9.872322,0.068153,0.166747,0.118081
0.098946,1.731930,9.719011,0.102242,0.195509,0.114885
0.089364,1.741512,9.556118,0.185332,0.160355,0.076535
0.077387,1.830145,9.340525,0.207703,0.160355,0.058426
0.000731,1.913986,9.273451,0.204507,0.178464,0.033925
-0.05675,1.961896,9.278243,0.151244,0.161420,0.012620
-0.14060,2.048133,9.297407,0.120351,0.142245,0.006228
-0.26277,2.074484,9.352502,0.061761,0.109222,0.001967
-0.32026,2.127184,9.474672,-0.00108,0.074069,0.001967
-0.34421,2.127184,9.536954,-0.03730,0.049568,0.008358
-0.32744,2.084065,9.556118,-0.03943,0.043176,0.016881
-0.26277,2.055320,9.520186,-0.02452,0.021871,0.033925
-0.21246,2.064902,9.486649,-0.02026,0.012283,0.038186
-0.18611,2.084065,9.491440,-0.01813,0.010153,0.038186
-0.16455,2.040947,9.479463,-0.01706,0.014414,0.037121
-0.09987,1.995433,9.453112,-0.01387,0.014414,0.042447
-0.08790,1.995433,9.477067,-0.01706,0.022936,0.039251
-0.14539,1.981060,9.560909,-0.02026,0.030393,0.032860
-0.15736,1.969083,9.599237,-0.02132,0.042111,0.026468
-0.16695,1.959501,9.625587,-0.00641,0.042111,0.022207
-0.18132,1.964292,9.630378,0.006368,0.045306,0.016881
-0.22683,1.981060,9.623191,0.040456,0.048502,0.013685
-0.23402,2.005015,9.498626,0.053239,0.049568,0.013685
-0.25797,2.026574,9.457903,0.050044,0.047437,0.012620
-0.27714,2.050529,9.414785,0.030869,0.042111,0.021142
-0.24839,2.057715,9.462695,0.010629,0.036784,0.026468
-0.24600,2.048133,9.491440,0.005303,0.031458,0.023272
-0.23402,2.074484,9.522582,0.004237,0.013349,0.013685
-0.21965,2.088856,9.477067,0.007433,0.008022,0.010489
-0.22923,2.088856,9.450716,0.012759,0.008022,0.005163
-0.22444,2.096043,9.374062,0.010629,0.025066,0.006228
-0.24360,2.072088,9.400412,-0.00002,0.045306,0.009424
-0.23881,2.045738,9.409994,-0.00641,0.049568,0.011554
-0.25558,2.033761,9.479463,-0.01813,0.058090,0.008358
-0.28193,2.012201,9.541745,-0.01706,0.059155,0.006228
-0.27235,2.002619,9.560909,-0.01387,0.054894,0.005163
-0.28672,2.002619,9.575282,-0.00534,0.037850,-0.00975
-0.34421,2.033761,9.524977,0.003172,0.021871,-0.01720
-0.36098,2.055320,9.512999,0.005303,0.022936,-0.01507
-0.40410,2.069693,9.508209,0.005303,0.022936,-0.00975
-0.40649,2.052924,9.472276,-0.00002,0.012283,-0.00335
-0.39452,2.062506,9.472276,-0.00748,0.011218,-0.00122
-0.39931,2.062506,9.493836,-0.01919,-0.00156,0.004097
-0.38973,2.052924,9.522582,-0.01919,-0.01647,0.010489
-0.36098,2.060111,9.524977,-0.01706,-0.01754,0.012620
-0.30109,2.048133,9.520186,-0.00854,-0.01115,0.015815
-0.26516,2.038551,9.508209,0.006368,0.004826,0.014750
-0.26037,2.028970,9.498626,0.010629,0.013349,0.010489
-0.30588,2.038551,9.520186,0.019151,0.015479,0.006228
-0.30349,2.048133,9.524977,0.020216,0.010153,0.007293
-0.31786,2.045738,9.515395,0.014890,-0.00582,0.000902
-0.33223,2.038551,9.491440,0.006368,-0.01434,-0.00229
-0.34421,2.040947,9.469881,0.003172,-0.01541,0.000902
-0.36338,2.062506,9.474672,0.001041,-0.01221,0.005163
-0.36577,2.076879,9.462695,0.001041,-0.00795,0.010489
-0.36098,2.093647,9.465089,0.002107,-0.00156,0.016881
-0.32505,2.103229,9.489045,0.004237,0.003761,0.021142
-0.26995,2.076879,9.472276,0.011694,0.004826,0.022207
-0.24121,2.060111,9.457903,0.008498,0.003761,0.019011
-0.23642,2.050529,9.409994,-0.00215,0.002696,0.006228
-0.26995,2.038551,9.407598,-0.01387,0.006957,-0.00229
-0.29151,2.050529,9.433949,-0.01813,0.010153,-0.00548
-0.35379,2.072088,9.503417,-0.02239,0.011218,-0.00335
-0.38494,2.060111,9.572886,-0.01919,0.013349,0.004097
-0.39212,2.064902,9.589654,-0.01067,0.011218,0.006228
-0.38014,2.064902,9.541745,0.011694,0.011218,0.013685
-0.35140,2.045738,9.493836,0.023412,0.015479,0.020076
-0.33223,2.036156,9.443531,0.021281,0.015479,0.021142
-0.30588,2.052924,9.467485,0.009564,0.015479,0.012620
-0.32744,2.067297,9.486649,-0.00002,0.001631,0.008358
-0.31547,2.072088,9.479463,-0.00215,-0.00156,0.007293
-0.29630,2.103229,9.493836,0.002107,0.002696,0.001967
-0.32026,2.086461,9.457903,0.008498,0.008022,0.001967
-0.32984,2.084065,9.460299,0.008498,0.009088,0.003032
-0.31547,2.064902,9.436344,-0.00215,0.011218,0.000902
-0.35859,2.052924,9.489045,-0.00854,0.009088,-0.00335
-0.36098,2.057715,9.501022,-0.00748,0.008022,-0.00335
-0.37296,2.072088,9.544140,-0.00215,0.003761,-0.00548
-0.37056,2.108020,9.520186,0.006368,-0.00049,0.000902
-0.32984,2.119998,9.486649,0.010629,0.004826,0.004097
-0.23162,2.127184,9.438739,0.021281,0.024001,0.005163
-0.20527,2.112811,9.453112,0.034065,0.048502,-0.00868
-0.24121,2.103229,9.448322,0.038326,0.053829,-0.01720
-0.32744,2.098438,9.383644,0.031934,0.070873,-0.03212
-0.49513,2.100834,9.534559,0.005303,0.066612,-0.02892
-0.56460,2.062506,9.570491,0.003172,0.053829,-0.02040
-0.61011,2.019388,9.604027,0.013825,0.036784,-0.00442
-0.62927,2.012201,9.592050,0.030869,0.042111,0.004097
-0.64844,2.043342,9.611214,0.036195,0.033589,0.012620
-0.61730,2.086461,9.584864,0.039391,0.008022,0.036055
-0.57897,2.117602,9.582468,0.040456,-0.00049,0.043512
-0.52387,2.182280,9.539350,0.052174,-0.00369,0.059491
-0.41129,2.187071,9.412389,0.070284,0.014414,0.074405
-0.27953,2.165512,9.311779,0.068153,0.047437,0.073340
-0.23162,2.155930,9.299801,0.059631,0.059155,0.066948
-0.20527,2.127184,9.350107,0.038326,0.065547,0.040316
-0.28912,2.105625,9.393225,0.012759,0.046372,0.004097
-0.43524,2.141557,9.462695,-0.00748,0.015479,-0.01614
-0.49752,2.165512,9.503417,-0.01387,0.004826,-0.01933
-0.56460,2.232585,9.553723,-0.00215,0.001631,-0.01188
-0.58136,2.249354,9.558513,0.012759,0.009088,-0.00229
-0.55501,2.270913,9.544140,0.048978,0.030393,0.020076
-0.49992,2.263726,9.467485,0.078806,0.060220,0.041382
-0.45680,2.273308,9.417181,0.089458,0.079395,0.047773
-0.38014,2.244563,9.295011,0.093719,0.127332,0.053100
-0.33463,2.203840,9.295011,0.085197,0.157159,0.046708
-0.31786,2.189467,9.292615,0.074545,0.156094,0.037121
-0.38254,2.184676,9.321361,0.039391,0.141180,0.004097
-0.53585,2.206235,9.445926,0.003172,0.107092,-0.02253
-0.60771,2.230190,9.508209,-0.00854,0.084721,-0.02892
-0.71551,2.266122,9.575282,-0.00428,0.049568,-0.02999
-0.79456,2.302054,9.546536,0.018086,0.036784,-0.02146
-0.81852,2.314032,9.515395,0.027673,0.035719,-0.01081
-0.81133,2.330800,9.453112,0.038326,0.039980,0.010489
-0.78258,2.337986,9.407598,0.038326,0.045306,0.020076
-0.74426,2.337986,9.378852,0.037260,0.050633,0.030729
-0.68677,2.323613,9.347711,0.029804,0.062351,0.039251
-0.59095,2.304450,9.330943,0.025543,0.070873,0.039251
-0.55262,2.270913,9.342921,0.017020,0.090048,0.031794
-0.57897,2.275704,9.438739,0.014890,0.101765,0.025403
-0.61251,2.287681,9.489045,0.022347,0.114549,0.015815
-0.67718,2.292472,9.505813,0.043652,0.114549,0.012620
-0.70353,2.304450,9.501022,0.061761,0.122005,0.008358
-0.76342,2.323613,9.501022,0.071349,0.118810,0.010489
-0.75384,2.318822,9.419575,0.079871,0.113483,0.011554
-0.74426,2.323613,9.369271,0.074545,0.111353,0.005163
-0.76582,2.347568,9.350107,0.068153,0.110288,-0.00229
-0.80894,2.366732,9.333338,0.063892,0.104961,-0.00548
-0.85924,2.385896,9.335734,0.052174,0.087917,-0.00548
-0.89038,2.388291,9.304593,0.028738,0.062351,-0.00229
-0.88799,2.407455,9.352502,0.013825,0.059155,-0.00655
-0.94069,2.419433,9.429158,0.003172,0.032523,-0.00975
-0.95745,2.419433,9.448322,0.002107,0.022936,-0.00548
-0.95506,2.405060,9.441135,0.008498,0.008022,0.000902
-0.90715,2.395478,9.386039,0.013825,-0.00156,0.006228
-0.85924,2.373919,9.330943,0.011694,0.002696,0.008358
-0.84487,2.381105,9.333338,0.007433,0.006957,0.006228
-0.85445,2.402664,9.386039,0.002107,0.013349,-0.00122
-0.85205,2.417037,9.412389,0.003172,0.012283,-0.00122
-0.84966,2.419433,9.419575,0.003172,0.009088,-0.00229
-0.84966,2.412246,9.388435,0.006368,-0.00156,-0.00229
-0.82570,2.400269,9.347711,0.001041,0.001631,-0.00548
-0.84487,2.405060,9.362084,0.001041,0.006957,-0.00975
-0.88319,2.421828,9.409994,0.002107,0.010153,-0.00975
-0.89757,2.409851,9.371666,0.010629,0.011218,-0.00548
-0.90475,2.402664,9.364480,0.011694,0.011218,-0.00548
-0.91434,2.409851,9.364480,0.008498,0.003761,-0.00761
-0.88559,2.429014,9.364480,0.001041,0.000565,-0.00761
-0.87361,2.445783,9.352502,-0.00321,0.000565,-0.00868
-0.89038,2.467342,9.402808,-0.00108,-0.00049,-0.00655
-0.87840,2.440992,9.359688,0.003172,-0.00156,-0.00016
-0.85924,2.421828,9.352502,0.002107,0.000565,0.001967
-0.84487,2.390687,9.345315,-0.00534,0.009088,0.000902
-0.84726,2.366732,9.364480,-0.00854,0.020805,-0.00655
-0.90475,2.390687,9.409994,0.003172,0.028262,-0.01188
-0.93829,2.409851,9.412389,0.010629,0.032523,-0.00975
-0.98860,2.431410,9.378852,0.023412,0.039980,-0.00335
-1.00776,2.452969,9.371666,0.025543,0.047437,0.003032
-1.02932,2.474529,9.354898,0.027673,0.062351,0.017946
-1.00536,2.476924,9.338129,0.035130,0.087917,0.036055
-1.00536,2.462551,9.338129,0.041521,0.107092,0.043512
-0.95745,2.436201,9.345315,0.046848,0.134789,0.048839
-0.94308,2.450574,9.376457,0.048978,0.149702,0.047773
-0.93829,2.452969,9.412389,0.054305,0.152898,0.045643
-0.92631,2.448178,9.431553,0.069218,0.148637,0.039251
-0.93590,2.457760,9.424366,0.075610,0.124136,0.019011
-0.97183,2.462551,9.390830,0.075610,0.104961,0.007293
-1.03651,2.493692,9.342921,0.057500,0.065547,-0.01081
-1.10118,2.527229,9.306988,0.032999,0.032523,-0.01827
-1.12993,2.539206,9.290220,0.024477,0.020805,-0.01933
-1.17065,2.558370,9.273451,0.014890,0.016544,-0.01720
-1.19940,2.570348,9.268660,0.013825,0.022936,-0.00761
-1.20898,2.570348,9.256683,0.010629,0.027197,-0.00016
-1.18742,2.555975,9.295011,0.004237,0.033589,0.012620
-1.14670,2.546393,9.350107,-0.00534,0.028262,0.019011
-1.13712,2.546393,9.374062,-0.00748,0.024001,0.019011
-1.10837,2.527229,9.388435,-0.00321,0.021871,0.020076
-1.08202,2.503274,9.374062,0.010629,0.029328,0.017946
-1.08202,2.496088,9.350107,0.018086,0.035719,0.013685
-1.12274,2.510461,9.316570,0.030869,0.050633,0.007293
-1.18263,2.539206,9.306988,0.037260,0.061285,0.006228
-1.21138,2.560766,9.297407,0.036195,0.064481,0.007293
-1.23293,2.582325,9.292615,0.030869,0.059155,0.015815
-1.22335,2.613466,9.306988,0.022347,0.054894,0.021142
-1.21856,2.623048,9.314174,0.015955,0.046372,0.028598
-1.16586,2.599093,9.318965,0.012759,0.043176,0.030729
-1.12514,2.579930,9.314174,0.009564,0.029328,0.025403
-1.11795,2.553579,9.306988,0.009564,0.024001,0.017946
-1.12514,2.551184,9.304593,0.007433,0.018675,0.005163
-1.14670,2.546393,9.330943,0.009564,0.011218,-0.00229
-1.17784,2.567952,9.314174,0.010629,0.012283,-0.00548
-1.23293,2.594302,9.321361,0.015955,0.014414,-0.00548
-1.25928,2.596698,9.311779,0.014890,0.010153,-0.00229
-1.27605,2.611071,9.304593,0.009564,0.008022,-0.00016
-1.27605,2.615862,9.283034,-0.00108,-0.00476,0.005163
-1.25928,2.627839,9.297407,-0.00428,-0.00902,0.010489
-1.24491,2.625444,9.299801,0.002107,-0.00689,0.011554
-1.21856,2.625444,9.306988,0.004237,-0.00476,0.010489
-1.19221,2.591907,9.295011,0.005303,0.008022,0.005163
-1.16586,2.579930,9.283034,0.005303,0.015479,0.001967
-1.15388,2.572743,9.268660,0.002107,0.011218,-0.00655
-1.17065,2.567952,9.316570,0.008498,0.001631,-0.00975
-1.18742,2.584721,9.338129,0.015955,0.002696,-0.00975
-1.22814,2.591907,9.340525,0.017020,0.008022,-0.00868
-1.24012,2.582325,9.287824,0.010629,0.009088,-0.00442
-1.26408,2.587116,9.256683,0.002107,0.010153,0.003032
-1.30001,2.613466,9.266265,0.001041,0.008022,0.005163
-1.29522,2.630235,9.287824,0.001041,-0.00689,0.010489
-1.29761,2.630235,9.316570,-0.00002,-0.01541,0.015815
-1.28803,2.639816,9.321361,-0.00321,-0.01647,0.015815
-1.23293,2.635026,9.287824,-0.00428,-0.01328,0.012620
-1.20658,2.623048,9.297407,0.002107,-0.00582,0.007293
-1.18263,2.608675,9.287824,0.006368,-0.00049,0.005163
-1.15867,2.606280,9.292615,0.011694,0.002696,-0.00016
-1.15628,2.606280,9.285429,0.005303,0.005892,-0.00655
-1.15867,2.601489,9.261474,-0.00748,0.001631,-0.01081
-1.17305,2.618257,9.237520,-0.01174,-0.00369,-0.00975
-1.21377,2.651794,9.266265,-0.01387,-0.01115,-0.00229
-1.24252,2.656585,9.297407,-0.01387,-0.01008,0.006228
-1.26408,2.656585,9.297407,-0.01493,-0.00689,0.009424
-1.26168,2.627839,9.275847,-0.01174,0.004826,0.010489
-1.24731,2.608675,9.268660,-0.00961,0.009088,0.007293
-1.22575,2.570348,9.290220,0.002107,0.012283,0.001967
-1.22814,2.565557,9.328548,0.010629,0.002696,-0.00442
-1.23773,2.572743,9.347711,0.009564,-0.00049,-0.00335
-1.24012,2.582325,9.333338,-0.00534,-0.01328,-0.00335
-1.25928,2.613466,9.283034,-0.02345,-0.01434,0.005163
-1.26647,2.639816,9.230333,-0.02878,-0.01008,0.009424
-1.25210,2.647003,9.239914,-0.02239,-0.00049,0.015815
-1.25210,2.637421,9.263870,-0.00534,0.009088,0.017946
-1.22096,2.620653,9.318965,0.003172,0.010153,0.016881
-1.19221,2.603884,9.374062,0.010629,0.009088,0.013685
-1.17305,2.591907,9.383644,0.023412,0.014414,0.000902
-1.15867,2.594302,9.369271,0.021281,0.017610,-0.00868
-1.12753,2.579930,9.316570,0.007433,0.013349,-0.01933
-1.13232,2.572743,9.232728,-0.01174,0.004826,-0.01507
-1.21617,2.608675,9.232728,-0.01706,0.000565,-0.00975
-1.25689,2.627839,9.232728,-0.01493,-0.00476,-0.00335
-1.30001,2.656585,9.287824,-0.00428,-0.00476,0.003032
-1.31678,2.644608,9.323757,-0.00002,-0.00795,0.005163
-1.31678,2.635026,9.340525,-0.00215,-0.01434,0.009424
-1.30240,2.618257,9.318965,-0.00534,-0.01328,0.011554
-1.24012,2.630235,9.292615,-0.00428,-0.01328,0.008358
-1.17784,2.618257,9.285429,-0.00215,0.001631,0.000902
-1.14430,2.608675,9.278243,0.003172,0.015479,-0.00229
-1.12753,2.606280,9.268660,0.004237,0.018675,-0.00442
-1.16586,2.594302,9.290220,0.006368,0.020805,-0.00868
-1.18023,2.582325,9.309384,0.008498,0.008022,-0.01188
-1.23054,2.589512,9.338129,0.010629,0.004826,-0.01401
-1.26647,2.587116,9.330943,0.009564,0.005892,-0.01294
-1.29282,2.601489,9.292615,0.006368,0.005892,-0.00229
-1.35271,2.642212,9.259078,0.001041,0.005892,0.003032
-1.35750,2.658980,9.268660,-0.00748,-0.00156,0.016881
-1.32875,2.661376,9.273451,-0.00961,-0.00369,0.021142
-1.29043,2.649399,9.271056,-0.01067,0.000565,0.022207
-1.22575,2.620653,9.285429,-0.00854,-0.00156,0.016881
-1.18742,2.596698,9.318965,-0.00428,-0.00049,0.012620
-1.18023,2.594302,9.333338,0.011694,0.006957,0.005163
-1.18503,2.603884,9.359688,0.022347,0.012283,0.003032
-1.20898,2.613466,9.316570,0.035130,0.018675,0.001967
-1.21617,2.611071,9.275847,0.029804,0.028262,-0.00229
-1.21138,2.623048,9.215960,0.004237,0.018675,-0.00655
-1.23054,2.642212,9.196796,-0.00961,0.011218,-0.00655
-1.25928,2.654190,9.218356,-0.02878,-0.00369,-0.00655
-1.27126,2.654190,9.254287,-0.02772,-0.00689,-0.00655
-1.29761,2.647003,9.302197,-0.02239,-0.00476,-0.00442
-1.28803,2.649399,9.299801,-0.01174,0.003761,0.000902
-1.28564,2.632630,9.304593,-0.00748,0.006957,0.001967
-1.27366,2.615862,9.295011,-0.00641,0.006957,0.000902
-1.25449,2.603884,9.278243,-0.00641,0.009088,-0.00016
-1.24731,2.606280,9.292615,-0.00961,0.006957,-0.00442
-1.28084,2.625444,9.340525,-0.00961,-0.00156,-0.00655
-1.29043,2.630235,9.342921,-0.00748,-0.00476,-0.00442
-1.30001,2.637421,9.306988,0.001041,-0.00689,-0.00229
-1.29043,2.635026,9.271056,0.007433,0.004826,0.006228
-1.27845,2.625444,9.256683,0.006368,0.010153,0.008358
-1.26408,2.618257,9.259078,0.002107,0.011218,0.010489
-1.25449,2.596698,9.275847,-0.00534,0.008022,0.004097
-1.26647,2.603884,9.285429,-0.00748,0.002696,0.000902
-1.29522,2.632630,9.292615,-0.00854,-0.00902,-0.00016
-1.29282,2.639816,9.306988,-0.00534,-0.00582,0.005163
-1.27366,2.637421,9.302197,-0.00215,-0.00476,0.007293
-1.23054,2.639816,9.297407,0.003172,0.004826,0.008358
-1.22096,2.623048,9.374062,0.021281,0.012283,0.004097
-1.22814,2.613466,9.366875,0.032999,0.009088,0.000902
-1.23773,2.625444,9.283034,0.039391,0.002696,-0.00548
-1.24491,2.639816,9.203983,0.023412,0.002696,-0.00548
-1.25449,2.635026,9.182423,0.012759,0.001631,-0.00655
-1.29282,2.642212,9.192006,-0.00215,0.006957,-0.00868
-1.34073,2.651794,9.239914,-0.01174,-0.00156,-0.00548
-1.33115,2.680540,9.302197,-0.02345,-0.01434,-0.00548
-1.32636,2.687726,9.330943,-0.02345,-0.01967,-0.00122
-1.27126,2.673353,9.302197,-0.01067,-0.01754,0.005163
-1.24491,2.651794,9.271056,-0.00428,-0.01115,0.006228
-1.19461,2.620653,9.232728,-0.00428,-0.00156,0.001967
-1.20658,2.582325,9.261474,-0.01600,0.001631,-0.00655
-1.21856,2.572743,9.287824,-0.02026,-0.00156,-0.00975
-1.27605,2.584721,9.352502,-0.01919,-0.00689,-0.02146
-1.36948,2.630235,9.364480,-0.00215,-0.01008,-0.02146
-1.39583,2.642212,9.347711,0.005303,-0.01115,-0.01614
-1.40541,2.675749,9.297407,0.012759,-0.01434,-0.00122
-1.33834,2.661376,9.201587,0.003172,-0.01541,0.012620
-1.29282,2.651794,9.208773,-0.00321,-0.01434,0.017946
-1.23533,2.623048,9.223147,-0.01280,-0.00902,0.019011
-1.22814,2.615862,9.306988,-0.01813,-0.01221,0.010489
-1.22335,2.615862,9.328548,-0.01813,-0.01754,0.008358
-1.20658,2.625444,9.335734,-0.01174,-0.02393,0.004097
-1.18263,2.630235,9.321361,-0.00002,-0.01647,0.001967
-1.16826,2.627839,9.295011,0.005303,-0.00795,0.000902
-1.16107,2.627839,9.285429,0.014890,0.006957,-0.00442
-1.18263,2.627839,9.275847,0.012759,0.005892,-0.01081
-1.19461,2.637421,9.273451,0.008498,0.002696,-0.01294
-1.18742,2.635026,9.256683,0.003172,-0.00156,-0.01720
-1.20179,2.625444,9.239914,-0.00108,-0.00049,-0.02679
-1.21138,2.630235,9.211169,-0.00108,0.001631,-0.02892
-1.24731,2.611071,9.206378,-0.00748,0.012283,-0.03531
-1.30959,2.635026,9.259078,-0.02026,0.003761,-0.03957
-1.32636,2.642212,9.295011,-0.02558,-0.00049,-0.03638
-1.35031,2.637421,9.366875,-0.02878,-0.01221,-0.03105
-1.36708,2.661376,9.376457,-0.01706,-0.01754,-0.02466
-1.35990,2.649399,9.354898,-0.00002,-0.01860,-0.01188
-1.34073,2.630235,9.316570,0.004237,-0.01967,-0.00655
-1.30240,2.611071,9.266265,0.005303,-0.01860,0.001967
-1.27126,2.589512,9.263870,0.003172,-0.01754,0.004097
-1.22335,2.591907,9.278243,-0.00108,-0.01967,-0.00335
-1.19940,2.632630,9.306988,-0.00002,-0.01860,-0.01081
-1.19940,2.656585,9.292615,0.003172,-0.02286,-0.01614
