leftRight
2.329136,2.412246,8.974017,-0.02008,-0.25826,0.017047
2.314763,2.457760,8.835079,-0.00943,-0.06013,-0.04793
2.135102,2.692517,8.813520,-0.00410,0.037873,-0.04367
1.909928,2.982370,8.842266,-0.03713,0.370235,0.346213
1.387713,3.197963,8.899757,-0.39079,0.882627,0.936370
1.627261,2.172698,9.287824,-0.43767,0.065570,0.057527
0.968505,1.537896,9.455508,-0.30770,-0.45534,0.005329
1.162538,0.826439,10.32985,-0.18094,-0.51925,-0.36218
2.041679,0.907886,9.884299,0.031045,-0.52671,-0.45166
1.840459,1.779840,9.778898,0.262207,-0.27105,-0.15765
1.866809,2.177489,9.465089,0.358081,0.029351,0.008525
2.214153,1.324699,9.208773,0.341037,-0.07078,-0.22370
2.666899,0.265897,10.23403,0.376191,-0.15387,-0.42397
2.745949,0.206010,10.59336,0.553024,-0.34349,-0.72331
2.527961,1.049219,11.00777,0.686182,-0.47132,-0.76059
2.348300,1.528315,10.76823,0.847037,-0.58743,-0.66046
2.194989,2.033761,9.357294,0.716010,-0.60980,-0.56565
2.487238,2.088856,8.097271,0.562612,-0.65561,-0.57843
2.441724,2.002619,7.836164,0.212140,-0.79516,-0.61039
2.254876,2.256540,8.049362,0.098157,-0.84416,-0.59654
2.171035,2.582325,8.413475,0.088570,-0.82392,-0.48149
2.111148,3.150053,9.187214,0.190835,-0.81433,-0.33555
2.405791,3.312946,8.926107,0.184443,-0.73550,-0.24926
2.221340,2.977579,8.391916,0.162073,-0.61513,-0.20026
2.173430,2.912901,8.193091,0.148224,-0.32538,-0.10119
2.226131,3.109330,8.090085,0.126919,-0.04947,-0.00958
2.338718,2.939251,8.262559,0.126919,0.076222,0.006394
2.458492,2.714076,8.475757,0.130115,0.130551,0.008525
2.518379,2.563161,9.153677,0.136506,0.029351,-0.00106
2.726786,2.647003,8.985994,0.151420,0.392606,-0.01277
3.234627,2.699704,6.068301,-0.10637,0.649334,-0.05539
2.841769,3.099749,8.336819,-0.33860,0.035742,-0.00958
1.888368,3.176404,10.47837,-0.31090,-0.17411,0.095877
1.893159,3.042257,10.81614,-0.18094,-0.44362,0.172576
2.171035,2.785941,10.61012,-0.21716,-0.32644,0.049005
2.530356,2.496088,9.843575,-0.25124,-0.16026,-0.00638
2.815418,2.366732,8.442220,-0.27681,0.373431,0.182163
2.583057,2.620653,8.217045,-0.30664,0.449065,0.512395
1.320640,3.746528,8.765610,-0.46643,-0.00899,0.721186
0.841544,3.212336,9.903462,-0.65391,-0.55334,0.596550
0.927781,2.635026,10.24841,-0.73594,-0.60234,0.376041
1.064324,1.545083,9.853157,-0.67522,-0.47345,0.336626
1.124211,1.729535,9.687870,-0.38866,0.001654,0.405868
1.181702,2.730845,10.09749,-0.21822,0.230686,0.477241
0.767284,2.944042,10.57180,0.023588,0.541743,0.633835
0.439104,2.881760,10.71792,0.142898,0.621637,0.682837
0.235488,2.488901,10.82332,0.173791,0.688749,0.695620
0.740934,1.928359,10.62450,0.190835,0.722837,0.702012
0.817589,1.866077,10.49514,0.197226,0.721772,0.703077
0.736143,1.813376,10.49993,0.131180,0.646138,0.726513
0.441499,1.724744,10.39932,0.039567,1.011524,0.795755
0.115714,1.633716,9.707033,-0.02647,1.666661,0.801081
0.194765,1.698394,9.467485,-0.31516,2.271731,0.717990
0.271420,1.595388,9.290220,-0.45897,2.629659,0.679641
0.611578,1.590597,8.808729,-0.60917,2.761752,0.658336
0.922990,1.626529,8.789565,-0.86590,0.498067,0.932108
0.841544,1.621738,9.436344,-0.72316,0.175292,0.904412
-0.10466,0.531795,11.72881,-0.31196,-0.41486,0.703077
0.285793,0.091027,11.78630,-0.05524,-0.57145,0.591224
1.121815,-0.22038,11.62341,0.435845,-0.71739,0.434630
1.514674,-0.23236,11.35272,0.780991,-0.61726,0.412260
2.393814,-0.29943,10.57898,0.971673,-0.37331,0.519851
3.474175,-0.33536,9.953767,1.028132,-0.33816,0.617856
3.601135,-0.08623,9.421971,1.045176,-0.37012,0.800016
3.807147,0.155705,9.180027,0.704292,0.012307,0.951283
4.422784,0.527004,8.250582,0.439041,0.230686,0.967262
5.002490,0.972563,6.559374,-0.08826,0.781427,0.727578
5.366603,1.104315,6.410855,-0.14791,0.989153,0.611464
6.288862,0.325784,6.906719,-0.03819,0.598202,0.475110
6.276885,0.256315,7.666085,0.103483,0.717511,0.362192
5.265993,-0.06707,9.762129,0.359146,0.495936,-0.03088
5.546264,-0.24673,9.707033,0.280317,0.323364,-0.21517
5.795394,-0.63001,9.002762,-0.07974,-0.25187,-0.45166
5.862467,-0.56293,8.375147,-0.33966,-0.52245,-0.56032
5.486377,-0.12456,7.599012,-0.36523,-0.38397,-0.58482
5.395349,0.026349,7.541521,-0.07121,0.126290,-0.68496
5.654060,-0.08144,8.137994,0.367669,0.387279,-0.91931
5.948704,-0.75697,9.283034,0.440106,0.267970,-1.09402
5.884027,-1.36542,9.235124,0.043828,-0.24974,-1.47538
5.838512,-1.53789,8.897361,-0.51543,-0.26359,-1.80029
5.380976,-1.45166,7.361860,-0.79240,-0.19754,-1.87379
4.171259,-1.00849,7.103148,-1.15565,-0.19968,-1.92386
3.399915,-0.97496,7.594221,-1.16844,-0.00154,-1.89723
1.828481,-1.18097,9.057858,-0.97669,0.202989,-1.84503
0.997250,-1.07317,11.17546,-0.31196,0.492740,-1.71720
0.755307,-1.01328,12.32529,0.157812,0.217902,-1.75555
-0.12143,-1.24085,13.48709,0.180182,0.064505,-1.83011
-0.64125,-1.38937,12.28935,-0.05843,-0.12830,-1.97499
-1.01016,-1.19534,11.29523,-0.28640,-0.47238,-1.95582
-1.96356,-0.47909,10.36099,-0.37588,-0.64282,-1.87912
-3.43438,0.026349,10.03281,-0.59852,-0.76427,-1.67139
-3.90389,0.215592,9.580073,-0.81051,-0.58424,-1.42212
-4.44767,0.723434,8.691350,-0.88401,-0.41166,-1.29535
-4.81657,1.231275,8.554808,-0.99693,-0.15280,-1.09508
-5.03216,1.269603,8.700932,-1.03954,-0.18263,-0.90227
-5.39628,1.274394,9.203983,-1.02889,-0.28170,-0.78616
-6.33770,1.401354,9.977723,-0.96817,-0.46386,-0.54008
-6.64911,1.525919,10.15977,-0.82862,-0.64282,-0.25246
-7.16174,1.856495,10.45202,-0.74446,-0.67585,-0.06817
-7.40369,2.182280,10.49993,-0.56443,-0.61406,0.278037
-7.31266,2.318822,10.52149,-0.29279,-0.42445,0.524112
-6.63234,1.854099,10.46640,-0.13193,-0.31579,0.653009
-6.19158,1.327094,10.58377,0.161007,-0.09741,0.956610
-6.15085,1.037241,10.53826,0.273925,0.123094,1.197359
-5.65978,0.550959,10.17654,0.255816,0.208315,1.292168
-5.00581,0.069468,9.568096,0.141833,0.289275,1.561679
-4.86448,-0.14851,9.424366,0.143963,0.335081,1.679924
-4.12907,-0.66594,9.683078,0.173791,0.429890,1.751296
-3.66195,-0.84081,9.913044,0.245163,0.516176,1.833321
-3.55176,-0.90788,10.22206,0.428389,0.708989,1.994176
-3.42001,-1.03245,10.44963,0.486978,0.822972,2.066614
-3.16369,-1.28876,10.27955,0.442237,1.015785,2.164618
-2.65106,-1.61934,9.582468,0.329319,1.027503,2.237056
-2.45223,-1.69839,9.551327,0.300557,1.082897,2.322278
-2.12166,-1.82056,9.886694,0.328254,1.172379,2.357431
-1.89409,-1.86847,10.00167,0.457151,1.344951,2.393650
-1.20898,-1.96908,10.44244,0.517871,1.315124,2.388324
-0.49273,-2.27091,10.89039,0.485913,1.026437,2.321212
0.271420,-2.31403,10.74906,0.305883,0.795275,2.210425
0.613974,-2.33080,10.50951,0.233445,0.677031,2.153966
1.402086,-2.40985,10.38255,0.210010,0.535351,2.025069
1.708707,-2.53202,10.47837,0.256881,0.664248,1.859953
2.647735,-2.69012,10.59096,0.280317,0.889019,1.725730
3.555621,-2.55597,10.35381,0.300557,0.951869,1.582985
4.020344,-2.36433,10.66043,0.306949,0.931629,1.472197
4.612027,-2.34277,11.01017,0.309079,0.728164,1.188837
4.904276,-2.33559,11.14192,0.296296,0.525764,0.990698
5.531891,-2.42182,11.47250,0.220662,0.071961,0.611464
5.821744,-2.38589,11.46531,0.039567,-0.34242,0.325973
5.924749,-1.89482,10.98621,-0.06056,-0.48943,0.181098
6.109201,-1.70318,10.31308,-0.15324,-0.61726,-0.12569
6.262512,-1.74630,10.14780,-0.08080,-0.46066,-0.41757
6.324794,-1.77265,10.08072,-0.03287,-0.40740,-0.58482
6.324794,-2.14155,9.814829,0.092831,-0.57997,-0.89907
6.303235,-2.31403,9.836389,0.190835,-0.65987,-1.22504
6.018173,-2.52004,10.02802,0.194031,-0.61619,-1.40614
6.082851,-2.58232,9.786084,0.081113,-0.57145,-1.75448
5.903190,-2.57753,9.596841,-0.14046,-0.66306,-1.96008
4.774920,-2.62304,9.512999,-0.24911,-0.76320,-2.03145
3.433452,-2.44578,9.845971,-0.36736,-0.84203,-2.14969
2.870514,-2.35715,10.15738,-0.29385,-0.87292,-2.15715
1.296685,-2.00262,11.60425,-0.18413,-0.91979,-2.16248
0.872685,-2.00741,12.10011,-0.00517,-1.11154,-2.23705
0.590019,-2.00022,12.38996,0.012936,-1.25535,-2.28818
0.142064,-1.91159,12.00908,-0.01902,-1.27133,-2.29137
-0.44482,-1.66964,10.99819,-0.11383,-1.19889,-2.31587
-0.62688,-1.57143,10.61971,-0.23527,-0.95708,-2.32014
-1.04130,-1.32709,10.06156,-0.28214,-0.87292,-2.26474
-2.31330,-0.79769,10.39214,-0.39186,-0.88357,-2.00801
-3.15171,-0.51263,10.65324,-0.50797,-1.15522,-1.68950
-4.56265,0.114982,11.31200,-0.57615,-1.30222,-1.56273
-5.33878,0.383276,11.52520,-0.64646,-1.40449,-1.46686
-5.35076,0.361716,11.34554,-0.70079,-1.41088,-1.37738
-5.34118,0.594078,10.61491,-0.74979,-1.12432,-1.17072
-5.66217,0.601264,10.00886,-0.74979,-0.91340,-1.06206
-5.90172,0.610846,9.992095,-0.71676,-0.63856,-0.81918
-5.99515,0.922258,10.62210,-0.53567,-0.45108,-0.59974
-5.78434,1.020473,11.18743,-0.39719,-0.40101,-0.50919
-5.65259,0.972563,11.25211,-0.13087,-0.42764,-0.39840
-5.58791,1.006100,10.98382,0.080047,-0.48304,-0.23968
-5.87298,1.269603,10.12145,0.154616,-0.42764,-0.10226
-5.91370,1.375004,9.709428,0.285643,-0.19009,0.243948
-5.78914,1.197738,9.072232,0.384713,0.097528,0.617856
-5.34597,0.699479,8.660209,0.401757,0.218968,0.782972
-4.96509,0.337762,8.482944,0.397496,0.390475,1.001351
-4.15063,-0.31380,8.415870,0.363407,0.537482,1.143031
-3.75537,-0.68271,8.478153,0.335711,0.590745,1.223991
-3.56134,-0.90070,8.387125,0.206814,0.718576,1.356083
-2.95049,-1.26241,8.085294,0.022523,0.934825,1.399759
-2.33006,-1.27918,8.370356,-0.04458,1.047743,1.395498
-2.21748,-1.22169,8.466176,-0.21183,1.305537,1.444500
-2.45702,-1.03724,8.514084,-0.40145,1.644290,1.595768
-2.86665,-1.05161,9.208773,-0.46110,1.785970,1.706555
-2.98403,-1.10431,10.83530,-0.42275,1.890366,1.944109
-2.93852,-1.12347,11.63539,-0.20863,1.755078,2.157162
-2.76844,-1.31272,12.75168,-0.07121,1.627246,2.271145
-2.17436,-1.46124,12.87146,0.173791,1.371583,2.475675
-1.75036,-1.53310,12.58879,0.309079,1.189423,2.606703
-0.77061,-1.76067,11.99232,0.304818,1.064787,2.637595
0.206742,-1.94752,11.26409,0.272860,1.042417,2.643987
0.709793,-2.14395,11.16108,0.284578,0.977435,2.558766
2.015329,-2.45057,11.24732,0.317601,0.950804,2.458631
2.412978,-2.51046,11.25930,0.386843,0.842147,2.275406
2.990288,-2.46734,11.33116,0.379386,0.732425,2.111355
3.553226,-2.34996,11.12036,0.357016,0.718576,2.038917
4.219169,-2.44578,11.39584,0.377256,0.747339,1.862084
4.635982,-2.57513,11.75037,0.551959,0.691945,1.543570
5.424095,-2.85541,12.12886,0.632919,0.600332,1.337974
6.054105,-2.77156,11.55873,0.663812,0.482088,1.115334
6.188252,-2.67095,11.33116,0.647833,0.337212,0.894824
6.279280,-2.48171,10.85207,0.533850,-0.03030,0.459131
6.200230,-2.40026,10.56461,0.380452,-0.34881,0.052201
6.113992,-2.41703,10.49275,0.328254,-0.49688,-0.13208
6.025360,-2.52483,9.929813,0.232380,-0.71633,-0.49321
5.972659,-2.49129,9.699847,0.168464,-0.76427,-0.67430
5.867258,-2.57274,9.735779,0.064068,-0.79409,-1.04395
5.337857,-2.60628,9.565700,0.038502,-0.77492,-1.41573
4.616818,-2.60628,9.630378,0.010805,-0.69609,-1.72998
4.147305,-2.57513,9.721406,-0.00730,-0.67904,-1.87059
3.093294,-2.40745,10.05198,-0.06482,-0.73337,-2.08365
1.981792,-2.22300,10.40651,-0.11915,-0.81327,-2.23065
1.560188,-2.22060,10.54305,-0.14365,-0.86333,-2.27433
0.997250,-2.38589,10.69876,-0.20011,-1.00928,-2.30309
0.990064,-2.75240,10.55742,-0.24592,-1.05402,-2.38192
0.822380,-2.83385,10.63168,-0.26722,-1.00288,-2.46714
-0.10946,-2.66377,11.01736,-0.32049,-0.94216,-2.66528
-1.57070,-2.25893,11.45573,-0.38973,-0.94216,-2.81761
-2.41870,-1.89242,11.68330,-0.42914,-1.00395,-2.83572
-3.76016,-1.50436,11.60185,-0.53247,-1.20635,-2.69724
-4.00929,-1.37021,11.41261,-0.75724,-1.36081,-2.48206
-4.10272,-1.27918,11.57550,-0.87229,-1.41408,-2.41494
-4.67524,-1.10431,12.04022,-0.99799,-1.47586,-2.27433
-4.94114,-1.02286,12.32289,-0.97562,-1.50995,-2.02719
-4.79501,-1.06359,12.34206,-0.90745,-1.51954,-1.88231
-4.45006,-1.13785,12.18395,-0.80731,-1.50036,-1.74809
-3.65955,-1.40375,11.68569,-0.55165,-1.27559,-1.59469
-3.52062,-1.39416,11.56592,-0.27042,-0.98264,-1.57445
-3.58529,-1.28397,11.43896,-0.02967,-0.83031,-1.50840
-4.12188,-0.84799,10.99580,0.088570,-0.82712,-1.31879
-4.67045,-0.36650,10.05677,0.113071,-0.83351,-1.18989
-4.76627,-0.16049,9.606423,0.147159,-0.73018,-0.93316
-4.54828,-0.01916,8.784774,0.207879,-0.45534,-0.75100
-4.35903,0.268293,8.509294,0.261142,-0.29661,-0.66685
-4.47641,0.440767,8.442220,0.346363,-0.03562,-0.44101
-4.90999,0.752179,8.169136,0.330384,0.136942,-0.15552
-5.31483,0.984541,7.826582,0.292035,0.198728,0.015982
-5.44179,1.013287,7.711599,0.159942,0.330820,0.369649
-5.27890,0.711456,7.584639,0.043828,0.458652,0.677510
-4.73992,0.347344,7.967916,0.011871,0.550265,0.795755
-4.36383,0.095818,8.250582,0.034241,0.733490,0.964066
-4.02846,-0.23475,8.902153,0.165269,0.978501,1.145161
-3.86557,-0.32578,9.469881,0.267534,1.136160,1.255949
-3.79849,-0.39525,9.810039,0.532784,1.466391,1.474328
-3.36970,-0.62282,10.38734,0.786317,1.718859,1.620269
-2.73730,-0.74738,10.21487,0.837450,1.816863,1.667140
-2.51452,-0.76894,9.917835,0.729858,1.904215,1.754492
-2.21748,-0.74499,9.680683,0.582852,1.899954,1.855692
-1.60663,-0.74738,10.33944,0.541307,1.872257,1.902564
-1.29522,-0.81206,10.59096,0.461412,1.729511,1.957957
-0.54783,-0.85039,10.99340,0.330384,1.335364,1.975002
0.130087,-0.99412,10.89998,0.234511,1.186227,1.952631
0.891849,-1.05401,11.07245,0.232380,1.104202,1.787515
2.338718,-0.99172,11.96836,0.608418,1.462130,1.461544
3.098085,-0.29464,12.02346,0.698966,1.724185,1.369932
2.932797,0.055095,11.81984,0.588178,1.685836,1.306016
2.829791,0.352135,11.70725,0.542372,1.513263,1.247426
2.805836,0.651569,12.49057,0.606288,1.048808,1.160075
2.535147,0.747388,13.48709,0.731989,0.603528,1.159010
2.432142,0.886326,13.50386,0.711749,0.118833,1.124921
2.844164,1.039637,12.78282,0.631854,-0.12617,1.048222
3.931711,0.893513,11.64976,0.514675,-0.42764,0.749948
4.662333,0.795298,11.19462,0.507218,-0.58317,0.340887
5.943913,0.431185,10.88560,0.480586,-0.62472,0.141683
6.633811,0.280270,10.29392,0.313340,-0.67265,-0.24713
6.813472,0.325784,9.819621,0.022523,-0.71313,-0.65406
6.777540,0.344948,9.036299,-0.09678,-0.74083,-0.85327
6.406241,0.227570,8.875802,-0.19585,-0.74402,-1.12811
5.948704,0.217988,9.172842,-0.15537,-0.76213,-1.21972
4.913857,0.378485,10.07114,-0.02754,-0.79729,-1.38483
4.552140,0.344948,10.50472,0.051285,-0.75042,-1.52864
3.761632,0.229965,10.50951,0.118397,-0.75148,-1.61493
2.796255,0.342553,10.51910,0.148224,-0.83777,-1.63411
1.301476,0.517423,10.97184,0.112005,-1.04017,-1.65435
0.767284,0.529400,11.01736,0.018262,-1.11900,-1.65861
0.149251,0.670733,10.51670,-0.01689,-1.15628,-1.69163
-0.21965,0.709061,10.39453,-0.09039,-1.19037,-1.75555
-0.52148,0.675524,10.38495,-0.13513,-1.23085,-1.67672
-1.81504,0.893513,10.40172,-0.11809,-1.21274,-1.57552
-3.15411,1.307930,10.72990,-0.01476,-1.11048,-1.31240
-3.53739,1.458846,10.81853,0.136506,-0.98691,-1.10787
-3.97815,1.528315,10.98861,0.173791,-0.95175,-1.05780
-3.93264,1.365422,10.80416,0.148224,-1.01247,-1.01732
-3.85838,1.267207,10.52389,0.020393,-1.12113,-0.92784
-4.01169,1.267207,10.05677,-0.06802,-1.12539,-0.83942
-4.44288,1.466032,9.469881,-0.24379,-1.07213,-0.66046
-4.53390,1.585806,9.230333,-0.35031,-1.01993,-0.49321
-4.59379,1.595388,9.326152,-0.34499,-1.01460,-0.43036
-4.61535,1.432495,9.766920,-0.22887,-0.96347,-0.35472
-4.44527,1.384586,10.01605,-0.02328,-0.80368,-0.31531
-4.01169,1.449264,10.07354,0.089635,-0.70994,-0.30359
-3.78412,1.413331,9.910649,0.235576,-0.49369,-0.25139
-3.75777,1.489987,9.663914,0.214271,-0.37118,-0.11184
-3.90629,1.767862,8.914130,0.174856,-0.35307,-0.02130
-4.17458,2.033761,8.365565,0.158877,-0.27531,0.150205
-4.13146,2.100834,8.341610,0.170595,-0.08356,0.271645
-3.71465,2.040947,8.231418,0.165269,0.104985,0.335561
-3.15411,2.139162,7.812210,0.200422,0.344669,0.531569
-3.23076,2.263726,7.896051,0.066199,0.449065,0.690294
-3.64758,2.258935,8.363169,-0.08826,0.679162,0.737165
-2.80197,2.505670,7.119916,-0.21716,0.860256,0.833039
-2.80437,2.314032,7.603803,-0.18520,0.993414,0.895889
-2.94570,1.592993,8.988389,-0.12661,1.045612,0.924652
-2.80197,1.343863,10.02323,-0.00943,1.088223,1.012003
-2.78281,1.336676,10.44005,0.073656,1.098875,1.091898
-2.79000,1.243252,10.90956,0.106679,1.171313,1.094029
-2.20310,0.812066,10.79458,0.207879,1.416324,1.062071
-1.85815,0.665942,10.72032,0.241967,1.542025,1.053549
-1.65214,0.522213,10.54545,0.240902,1.597419,1.050353
-1.65454,0.464722,10.40651,0.201487,1.584636,1.057810
-1.67131,0.479095,10.32267,0.071525,1.461065,1.103616
-1.60184,0.601264,10.28913,-0.03819,1.248012,1.179250
-1.39104,0.970168,10.48316,-0.08293,1.193684,1.226121
-1.05567,1.106710,10.38974,-0.14365,1.105267,1.297494
-0.85924,1.133060,10.25799,-0.20650,1.046678,1.397629
-0.49752,1.082756,10.07833,-0.23633,1.074374,1.449827
0.170810,1.104315,9.877112,-0.29385,1.200075,1.502025
0.661883,1.121083,9.843575,-0.34818,1.249078,1.407216
1.869204,0.972563,9.996886,-0.31623,1.109528,1.283645
2.698040,0.831230,10.64845,-0.27894,0.954000,1.230382
2.980706,0.900699,11.57790,-0.16389,0.714315,1.113203
3.213068,1.010891,11.75037,-0.06908,0.610985,1.047157
3.790378,1.166597,12.03304,0.099222,0.375562,0.918260
4.221564,1.109106,11.91087,0.124788,0.173161,0.786167
4.406016,1.176179,11.61383,0.082178,-0.09208,0.579506
4.933022,1.334281,11.14192,0.064068,-0.24442,0.457001
5.292343,1.085151,10.90477,0.064068,-0.48730,0.172576
5.385767,0.958191,10.81614,0.124788,-0.55121,-0.12569
5.579801,0.766552,10.48316,0.183378,-0.56186,-0.26524
5.469609,0.670733,10.50472,0.276056,-0.62472,-0.52623
5.299530,0.630010,10.46400,0.302687,-0.72378,-0.77337
4.887507,0.550959,10.16696,0.281382,-0.78237,-0.88736
4.329361,0.507841,9.730988,0.173791,-0.87186,-1.10041
4.053881,0.546168,9.457903,0.076852,-0.91447,-1.29748
3.656231,0.632405,9.225542,0.034241,-0.91021,-1.37844
3.198695,0.716247,9.237520,-0.07121,-0.90168,-1.49562
2.892074,0.764157,9.251893,-0.20757,-0.97838,-1.54569
2.068029,0.888722,9.393225,-0.26935,-0.99862,-1.55528
1.404482,0.991727,9.625587,-0.33220,-0.96986,-1.54569
1.169725,0.953400,9.786084,-0.34605,-0.87399,-1.51906
0.827171,0.646778,10.07593,-0.35031,-0.86227,-1.53823
0.666674,0.388067,10.49514,-0.35777,-0.96986,-1.62984
0.544505,0.285061,10.84488,-0.34392,-1.06041,-1.66074
-0.02801,0.239547,11.28325,-0.29812,-1.08065,-1.63091
-0.76103,0.258711,11.58748,-0.15324,-1.08278,-1.57871
-1.06286,0.165287,11.71444,-0.05630,-1.09982,-1.58723
-1.51081,-3.12924,11.66174,-0.04245,-1.09663,-1.59895
-1.72880,0.033536,11.19462,-0.04778,-1.07639,-1.57232
-1.90606,0.150914,10.99340,-0.08187,-1.03591,-1.47964
-2.40672,0.356925,10.70355,-0.10637,-1.03378,-1.42212
-2.81874,0.400044,10.47119,-0.16496,-1.01993,-1.32624
-2.97684,0.407231,10.40411,-0.17241,-0.96453,-1.26766
-3.11339,0.498259,10.26278,-0.15004,-0.89529,-1.24742
-3.13255,0.618033,10.24122,-0.04671,-0.75361,-1.16539
-3.24035,0.677920,10.24601,0.117332,-0.73550,-0.97258
-3.91108,1.013287,10.46400,0.182313,-0.74083,-0.85433
-4.52911,1.386981,10.22924,0.246229,-0.64922,-0.62956
-4.58900,1.509151,9.762129,0.251555,-0.44895,-0.49640
-4.18656,1.612156,8.799147,0.243033,-0.32005,-0.45912
-3.68590,1.571433,8.090085,0.224923,-0.08356,-0.40799
-3.59248,1.569038,7.922401,0.224923,0.127355,-0.30785
-3.67632,1.703184,7.819396,0.203618,0.165705,-0.21837
-4.16261,2.057715,7.905633,0.088570,0.225359,0.035157
-4.41173,2.326009,7.812210,-0.05950,0.290340,0.350475
-4.73033,2.656585,7.579848,-0.11276,0.329755,0.504938
-4.77824,2.393082,7.563080,-0.15217,0.502328,0.757405
-4.59379,2.112811,7.606198,-0.10104,0.707924,0.961936
-3.95420,1.743908,7.737950,-0.07761,0.832560,1.055679
-3.45354,1.494778,7.864910,-0.10743,1.138290,1.225056
-3.20681,1.422914,7.795441,-0.24059,1.372648,1.332648
-2.80676,1.082756,7.675667,-0.32688,1.445086,1.373128
-2.59117,0.718643,7.922401,-0.50691,1.456804,1.464740
-2.57919,0.646778,8.205068,-0.67948,1.346017,1.586180
-2.62471,0.512632,8.902153,-0.75298,1.320450,1.637313
-2.35641,0.440767,9.398016,-0.81903,1.308732,1.710816
-2.14322,0.368903,9.678287,-0.77216,1.286362,1.799233
-1.90367,0.138937,10.44244,-0.73594,1.260796,1.868475
-1.84857,0.009581,11.09401,-0.71676,1.161726,2.032526
-1.78150,-0.01676,11.23055,-0.77322,1.078635,2.182728
-1.33834,-0.08384,11.21858,-0.81477,1.074374,2.242383
-0.67000,-0.38088,11.03412,-0.83501,1.107398,2.329734
-0.24600,-0.54856,11.17546,-0.76364,1.113789,2.328669
0.683443,-0.92705,11.90847,-0.70185,1.093549,2.286058
1.804527,-1.22169,12.61993,-0.55484,0.983827,2.144378
2.286018,-1.34146,12.99363,-0.40038,0.829364,1.946239
3.088503,-1.51873,13.40804,-0.29705,0.727099,1.809886
3.962852,-1.49477,13.80090,-0.06163,0.462913,1.481784
4.358107,-1.49956,13.94942,0.081113,0.149726,1.125986
4.916253,-1.49717,13.77455,0.103483,-0.16985,0.780841
5.265993,-1.37260,13.05351,0.109875,-0.31685,0.626378
5.388162,-1.27679,12.71815,0.153551,-0.52991,0.367519
5.390558,-1.20013,12.16239,0.271795,-0.63537,0.125704
5.395349,-1.31511,11.69048,0.343167,-0.64069,0.004264
5.419303,-1.45405,11.42219,0.467803,-0.59063,-0.25352
5.436072,-1.84691,10.80895,0.496565,-0.55547,-0.40160
5.510332,-2.34277,10.11666,0.467803,-0.50860,-0.78829
5.814558,-2.71647,9.548932,0.330384,-0.57039,-1.31027
5.958286,-2.83864,9.393225,0.223858,-0.64709,-1.57126
5.670829,-2.88176,9.242310,0.009740,-0.80155,-1.95688
4.475485,-2.51525,9.474672,-0.10317,-0.97519,-2.08684
3.665813,-2.32121,9.730988,-0.07228,-1.12539,-2.07619
2.194989,-2.02897,10.49754,-0.03926,-1.13285,-2.09110
1.713498,-2.07688,10.68199,-0.02647,-0.98158,-2.28285
1.948255,-2.18946,10.48077,-0.07335,-0.82072,-2.53532
2.223735,-2.43380,10.19091,-0.11596,-0.84096,-2.60563
1.354177,-2.43859,10.62450,-0.24911,-1.21700,-2.57899
0.594810,-2.40745,11.00059,-0.44086,-1.64311,-2.45542
-0.75144,-2.51525,11.50603,-0.54526,-1.63139,-2.49590
-0.49752,-3.06621,10.77541,-0.66244,-1.27453,-2.87514
0.134878,-3.35367,10.45681,-0.63793,-1.07426,-3.07434
0.149251,-3.39199,11.07245,-0.56017,-0.94110,-3.18833
-0.78738,-3.09016,11.85577,-0.44725,-0.92192,-3.17661
-2.18873,-2.64460,12.61993,-0.18946,-1.24576,-2.81442
-3.78891,-2.10562,13.31941,-0.03819,-1.56854,-2.30522
-5.97598,-0.94621,13.45116,-0.00730,-1.56215,-2.12626
-5.82028,-0.28266,12.06178,0.092831,-1.32779,-1.91534
-5.31243,-0.17007,11.36709,0.262207,-1.11474,-1.68524
-4.99144,0.146123,10.83290,0.335711,-1.03484,-1.53717
-5.11361,0.558146,10.40651,0.415605,-0.84629,-1.23996
-5.13517,0.766552,10.06635,0.417736,-0.69928,-1.13450
-4.68722,0.852790,9.096186,0.415605,-0.52138,-1.05567
-4.43809,0.922258,8.717700,0.424128,-0.33922,-0.99282
-4.29915,1.094733,8.581158,0.469934,-0.06545,-0.81598
-4.32789,1.348654,8.600322,0.488043,0.030416,-0.50493
-4.81178,1.911591,8.818310,0.488043,0.030416,-0.31105
-5.20943,2.488901,8.885384,0.485913,0.005915,0.121443
-5.23578,2.773963,8.885384,0.467803,0.071961,0.573115
-5.04893,3.157240,8.684164,0.446498,0.140138,0.789363
-4.61056,3.190777,8.248187,0.390039,0.338277,1.172858
-4.34706,3.015907,7.999057,0.323993,0.563048,1.508416
-3.82245,2.488901,7.630153,0.278186,0.710054,1.671401
-3.40563,2.136766,7.436120,0.195096,1.082897,1.993111
-3.23555,2.000224,7.376233,0.165269,1.368387,2.284993
-2.94810,1.741512,7.673272,0.158877,1.450412,2.408564
-2.63189,1.307930,8.205068,0.113071,1.614463,2.620551
-2.50014,1.049219,8.236209,0.015066,1.690097,2.801646
-2.14082,0.519818,8.320051,-0.06589,1.720989,2.899650
-1.84857,0.052700,8.348796,-0.32475,1.752947,3.075419
-1.70724,-0.22517,8.308073,-0.75831,1.766796,3.167032
-1.23533,-1.00131,8.075712,-0.98734,1.761469,3.172358
-0.54304,-1.95950,8.379938,-1.28881,1.718859,3.105246
-0.15497,-2.38589,9.012344,-1.22596,1.762535,2.968892
0.693024,-3.02069,10.78979,-1.04487,1.716728,2.873019
1.394900,-3.54770,12.93134,-0.54526,1.425911,2.579006
1.720685,-3.83995,13.68592,-0.14046,1.072244,2.166749
2.446515,-4.21843,14.03805,-0.02008,0.933760,1.943044
3.229836,-4.04835,13.23796,0.052351,0.704728,1.572332
3.443034,-3.74652,12.70138,-0.02967,0.474631,1.288972
3.658627,-3.05183,11.81984,-0.09039,0.364909,1.162205
3.823915,-2.51285,11.18983,-0.14791,0.199793,0.904412
4.013158,-2.27810,11.06047,-0.11276,0.094332,0.687098
4.326965,-1.85410,11.07485,-0.05097,0.027220,0.561397
4.336547,-1.58341,10.91195,-0.03073,0.003785,0.523047
4.324570,-1.48040,10.64127,-0.04671,0.061309,0.443152
4.408411,-1.48998,10.39693,-0.07974,0.132681,0.381367
4.762942,-1.63132,9.903462,-0.15537,0.221098,0.136357
5.067168,-1.72474,9.886694,-0.24911,0.113507,-0.19493
5.438467,-1.89242,10.45442,-0.29492,-0.04415,-0.37070
5.151010,-2.15113,11.12515,-0.35031,-0.41699,-0.72757
4.909067,-2.29486,11.39105,-0.28107,-0.72378,-1.04715
4.370084,-2.55358,11.78630,-0.19692,-0.82285,-1.18456
3.790378,-2.73563,12.07137,-0.01156,-0.85694,-1.42638
3.558017,-2.78115,11.97315,0.105614,-0.78024,-1.62452
3.081316,-2.87936,11.41021,0.139702,-0.70887,-1.82053
2.623780,-2.99434,10.78739,0.146094,-0.68437,-1.90681
2.206967,-3.04704,10.53586,0.151420,-0.66733,-2.06021
1.931487,-3.06142,10.45202,0.152485,-0.64389,-2.13371
1.435623,-3.14765,10.28434,0.092831,-0.59276,-2.29990
0.968505,-3.31534,9.977723,0.011871,-0.54376,-2.44158
0.654697,-3.33690,9.932209,0.002283,-0.56080,-2.50123
-0.23881,-3.23629,10.21247,0.033176,-0.57571,-2.50443
-1.14909,-3.03507,10.57898,0.112005,-0.59276,-2.43412
-1.58028,-3.00153,10.61731,0.137572,-0.60980,-2.35529
-2.67741,-2.90092,10.41130,0.120527,-0.63217,-2.22533
-3.19004,-2.41464,10.01365,0.063003,-0.62578,-2.17206
-3.29784,-1.85170,9.798061,0.060873,-0.67265,-2.05702
-3.60685,-1.62653,9.869926,0.073656,-0.70994,-1.97712
-4.19375,-1.37979,9.970536,0.087504,-0.72592,-1.88125
-4.34227,-1.38937,9.905858,0.083243,-0.59489,-1.96753
-4.23207,-1.33188,9.421971,0.117332,-0.51286,-2.01121
-4.47881,-0.62042,9.512999,0.297361,-0.37225,-1.92705
-5.02737,-0.01676,9.752547,0.544502,-0.35201,-1.53504
-6.65390,1.147433,10.15738,0.652094,-0.40314,-1.22718
-8.42656,2.261331,10.05198,0.770338,-0.48410,-0.49321
-8.98231,2.723658,9.738174,0.687248,-0.35840,0.254601
-8.97991,3.265037,8.581158,0.576460,-0.26359,0.601877
-8.12952,3.274618,7.201363,0.290970,-0.13682,1.190968
-7.46597,3.171613,6.815690,-0.04884,-0.08250,1.606420
-6.13887,2.551184,6.501883,-0.20650,-0.05267,1.751296
-4.79501,1.499569,6.458764,-0.45151,0.086875,1.937717
-4.19854,1.101919,6.633634,-0.58361,0.420303,2.051701
-3.16848,0.512632,7.040865,-0.62089,0.614181,2.085789
-2.41870,0.074259,7.594221,-0.66670,0.925238,2.160357
-2.20310,-0.10061,7.951148,-0.68587,1.055200,2.210425
-2.14801,-0.35453,8.609904,-0.68907,1.151073,2.276471
-2.20310,-0.51023,9.048276,-0.67096,1.222446,2.351040
-2.25341,-0.64917,9.546536,-0.59639,1.325777,2.514025
-2.23904,-0.79050,9.987304,-0.48667,1.367322,2.658901
-1.97793,-1.18097,10.69157,-0.43234,1.357735,2.720686
-1.55393,-1.60017,11.15390,-0.34712,1.340690,2.797385
-1.25210,-1.85410,11.22337,-0.32155,1.357735,2.794189
-0.56220,-2.38350,11.14432,-0.32049,1.334299,2.754775
0.211533,-2.91050,11.22576,-0.27042,1.293819,2.640791
0.582832,-3.03028,11.51562,-0.14259,1.275709,2.530004
1.191284,-3.12849,12.11688,-0.04671,1.260796,2.482067
1.485928,-3.38481,12.76126,0.142898,1.167052,2.384063
1.560188,-3.56447,12.97686,0.267534,0.952934,2.197642
2.171035,-3.70101,13.26192,0.287774,0.809124,2.078332
3.081316,-3.50458,13.15652,0.311210,0.512980,1.778993
3.541248,-3.43751,13.06789,0.346363,0.259448,1.433848
4.293429,-3.38241,12.82355,0.370864,0.135877,1.244231
4.904276,-3.36804,12.67024,0.427323,-0.11232,0.824517
5.208501,-3.35127,12.57681,0.490174,-0.33603,0.399477
5.692388,-3.17161,12.27977,0.516806,-0.42658,0.207729
5.666038,-2.94883,11.77672,0.524262,-0.55228,-0.11824
5.553451,-2.85780,11.42698,0.480586,-0.62685,-0.41012
5.289947,-2.78115,10.71553,0.452890,-0.63750,-0.57204
5.189338,-2.82426,10.21487,0.382582,-0.64922,-0.95021
5.251620,-2.86499,10.01605,0.296296,-0.80794,-1.48710
5.143824,-2.84343,9.984909,0.219597,-0.93045,-1.79709
4.291033,-2.70210,10.12145,0.115201,-0.98051,-2.05275
3.649045,-2.62065,9.829202,0.069395,-0.98158,-2.16461
2.963938,-2.58711,9.683078,0.009740,-0.95282,-2.33505
2.297995,-2.45297,9.726197,-0.05524,-0.91660,-2.44158
2.003351,-2.38829,9.795666,-0.11809,-0.87186,-2.49058
1.461973,-2.37631,9.692660,-0.23100,-0.74616,-2.65889
1.387713,-2.41703,9.704638,-0.25444,-0.63004,-2.83785
1.081092,-2.44099,10.20529,-0.22461,-0.60554,-2.90390
0.225906,-2.37152,10.92633,-0.05843,-0.60234,-2.97208
-0.95985,-2.26372,11.57790,0.171660,-0.67904,-2.91349
-1.57070,-2.21102,11.74558,0.273925,-0.69076,-2.83572
-2.74927,-2.07927,11.45333,0.352755,-0.57358,-2.75476
-2.90258,-2.00501,10.35860,0.300557,-0.48090,-2.73452
-2.91935,-1.89482,9.953767,0.168464,-0.53736,-2.54704
-3.79849,-1.53550,9.714220,0.083243,-0.62152,-2.39257
-5.00342,-1.08036,9.553723,0.001218,-0.75042,-2.04210
-5.35076,-0.79050,9.580073,0.086439,-0.81433,-1.74276
-5.60708,-0.39764,9.884299,0.168464,-0.74935,-1.62345
-5.37472,-0.03353,9.707033,0.374060,-0.42338,-1.40614
-5.30046,0.146123,9.469881,0.534915,-0.27637,-1.05567
-6.01910,0.493468,9.225542,0.553024,-0.34775,-0.78829
-7.75343,1.346258,9.338129,0.473130,-0.43616,-0.21198
-8.25887,1.882845,9.134513,0.411344,-0.38716,0.017047
-8.00974,2.361941,8.389520,0.333580,-0.26572,0.304668
-7.47076,2.364336,8.157158,0.333580,-0.11019,0.525178
-6.56048,2.242167,8.011034,0.336776,0.074092,0.773384
-6.17720,2.191862,7.852933,0.320797,0.177422,0.909738
-5.94724,2.108020,7.565475,0.238772,0.409650,1.211207
-5.87058,1.971478,7.419351,0.110940,0.753730,1.490307
-5.47772,1.633716,7.103148,0.065134,0.949739,1.605355
-4.78782,1.279185,7.189385,0.034241,1.361996,1.800298
-4.49318,1.054010,7.481634,0.113071,1.837103,1.984589
-3.89192,0.735411,8.315260,0.310144,2.170531,2.137987
-3.62602,0.045513,9.378852,0.424128,2.224859,2.167814
-3.42001,-0.32578,9.920230,0.500827,2.192901,2.147574
-2.85467,-1.00610,10.63647,0.513610,2.113006,2.087919
-2.43786,-1.16659,10.61971,0.449694,2.020328,2.022938
-2.11926,-0.95579,10.07114,0.133311,1.818994,1.994176
-2.35402,-0.62522,9.913044,-0.22355,1.626181,2.094311
-2.05937,-0.56293,10.62450,-0.33860,1.552678,2.137987
-1.69526,-0.74499,11.04371,-0.40784,1.461065,2.175271
-0.75384,-1.09952,11.69767,-0.35244,1.437629,2.095376
0.412753,-1.24564,12.06657,-0.31623,1.429107,2.001633
0.875081,-1.12108,12.19114,-0.24272,1.402476,1.796037
1.296685,-0.74020,12.82834,-0.07761,1.243751,1.654357
1.418854,-0.26589,13.54458,0.026784,1.136160,1.613877
1.627261,-0.07665,13.54458,0.183378,0.898606,1.499894
2.312368,0.244338,13.18526,0.259012,0.601397,1.356083
2.963938,0.527004,12.79240,0.270730,0.433086,1.271928
3.265768,0.630010,12.52411,0.238772,0.078353,1.101485
3.888593,0.804880,12.06418,0.166334,-0.23696,0.939565
4.389248,0.898304,11.64737,0.123723,-0.36586,0.860736
4.688683,0.862371,11.49406,0.102418,-0.51286,0.639161
5.474400,0.589287,11.41500,0.237706,-0.51286,0.279102
5.996614,0.289852,11.42219,0.344233,-0.48197,0.068180
6.080456,0.153310,11.30481,0.515740,-0.47345,-0.39627
6.020569,-0.06946,10.80895,0.557285,-0.52352,-0.87138
5.304321,0.021558,10.26278,0.510414,-0.60661,-1.07271
4.772524,0.162892,10.07354,0.331450,-0.80794,-1.36779
3.656231,0.412021,9.915440,0.124788,-0.98584,-1.56273
2.908842,0.452745,9.987304,-0.01795,-1.09556,-1.72678
2.599825,0.414417,10.08072,-0.03926,-1.11793,-1.78857
1.945860,0.174869,10.64366,0.041698,-1.13924,-1.85249
1.253566,-0.12935,11.08443,0.101353,-1.14350,-1.87912
1.112233,-0.57731,10.98142,0.185509,-1.10195,-2.02399
0.994855,-0.72343,10.97663,0.214271,-1.10941,-2.22639
0.261838,-0.79290,11.06766,0.201487,-1.21807,-2.35316
-0.19569,-0.77613,11.05808,0.184443,-1.26813,-2.38938
-0.67958,-0.76655,11.01496,0.150355,-1.32672,-2.42134
-1.10597,-0.78092,10.92633,0.094961,-1.38212,-2.40962
-2.00428,-0.53419,10.91914,0.037437,-1.44390,-2.38831
-2.95289,-0.13175,10.91674,-0.12554,-1.66441,-2.29670
