upDown
-0.84966,5.468877,7.670876,0.494142,0.691076,0.599640
-0.95027,5.619792,7.941565,0.506925,0.792276,0.602836
-1.09879,5.670097,8.161950,0.553797,0.889215,0.620945
-1.32157,5.682075,8.245791,0.617713,0.962718,0.655033
-1.46769,5.593441,7.931983,0.676302,1.009590,0.709362
-1.36708,5.538346,7.575057,0.702934,1.013851,0.827606
-1.13712,5.478459,7.232504,0.644344,0.968044,0.876608
-0.86882,5.473668,7.040865,0.547405,0.893476,0.908566
-0.62927,5.468877,7.007329,0.365245,0.784819,0.958634
-0.42087,5.327544,7.024097,0.309851,0.783754,0.983135
-0.19809,5.176629,7.086380,0.287481,0.825299,1.003375
0.098946,5.061645,7.215735,0.348201,1.051135,0.991657
0.455872,4.949058,7.311554,0.439814,1.280167,0.859564
0.793635,4.790956,7.340300,0.474967,1.321712,0.721080
1.069115,4.731070,7.409769,0.468576,1.153400,0.741320
1.246380,4.968222,7.541521,0.431291,1.042613,0.797779
0.879872,5.809035,7.836164,0.369506,0.943543,0.876608
0.544505,6.084515,7.896051,0.288546,0.845539,0.957568
0.357657,6.280944,7.697227,0.204390,0.745404,1.031072
0.233093,6.417486,7.397792,0.102125,0.635682,1.110966
0.254652,6.453418,7.060029,0.092538,0.634617,1.113097
0.374426,6.357599,6.880368,0.118104,0.645270,1.103509
0.621160,6.204288,6.887555,0.207586,0.645270,1.022549
1.002041,6.170752,7.024097,0.238479,0.619703,0.952242
1.370945,6.127634,7.167826,0.215043,0.576027,0.792452
1.639239,6.065351,7.424142,0.190542,0.560048,0.708297
1.878786,6.012650,7.690040,0.177759,0.557918,0.626271
2.336323,5.770707,7.800232,0.188411,0.552592,0.561290
2.451306,5.629374,7.534334,0.218239,0.564310,0.512288
2.432142,5.643747,6.966606,0.252327,0.590941,0.475004
2.151871,5.789871,7.004933,0.299199,0.612246,0.439850
1.926696,5.957554,7.107939,0.296003,0.589876,0.427067
1.790154,6.139611,7.170221,0.188411,0.326756,0.396174
1.612888,6.271362,7.134289,0.040340,0.093463,0.357825
1.284708,6.412695,7.177408,0.014773,0.055114,0.351433
1.164934,6.434255,7.131894,0.021165,0.155248,0.339715
1.114629,6.460605,6.877973,0.031818,0.191467,0.307757
1.184098,6.484560,6.741431,0.025426,0.174423,0.222536
1.042764,6.575588,6.715080,0.006251,0.120095,0.189513
1.335013,6.474978,6.674357,-0.02037,0.021025,0.162882
1.466764,6.470187,6.786945,-0.03103,0.043396,0.138381
1.349386,6.515701,6.880368,-0.04275,0.078549,0.120271
1.155352,6.587565,6.887555,-0.05553,0.173358,0.080856
0.992459,6.676198,6.810900,-0.05553,0.203185,0.063812
1.030787,6.688175,6.545001,-0.05553,0.180815,0.067008
1.006832,6.683384,6.485115,-0.05233,0.124356,0.061682
0.903827,6.733689,6.688730,-0.06512,0.070027,0.020136
0.649906,6.762435,6.952233,-0.07044,0.054048,-0.00649
0.616369,6.776808,7.043261,-0.08855,0.021025,-0.03738
0.736143,6.688175,7.024097,-0.12690,0.060440,-0.00436
0.819985,6.604333,6.947442,-0.15247,0.106246,0.023332
0.716979,6.618707,6.916301,-0.18975,0.186141,0.058486
0.324121,6.772017,6.784549,-0.23236,0.189337,0.062747
0.077387,6.934910,6.545001,-0.29415,0.110507,0.025463
0.055827,6.918141,6.556979,-0.33569,0.075354,0.008418
0.074991,6.922932,6.887555,-0.33569,0.056179,0.002027
0.101341,7.009170,7.354673,-0.25260,0.042330,0.025463
0.072596,7.186435,7.807419,0.032883,-0.05460,0.124532
0.029477,7.287045,7.999057,0.330091,-0.03862,0.201231
-0.16695,7.392446,8.827893,0.500534,0.142465,0.182056
-0.61969,7.174458,9.491440,0.510121,0.264970,0.141576
-0.55741,7.016356,9.354898,0.466445,0.415173,0.055290
0.225906,6.630684,8.320051,0.418508,0.403455,0.021202
1.030787,6.321667,6.751013,0.252327,0.304385,-0.01182
1.260753,6.247407,6.327013,0.019034,0.388541,0.038246
1.138584,6.055769,5.943737,-0.09920,0.495067,0.098966
0.961318,5.998278,5.756889,-0.21106,0.579223,0.163947
0.661883,6.065351,5.184370,-0.31758,0.633552,0.214014
0.688234,6.110865,5.098133,-0.50081,0.658053,0.238515
0.740934,6.039000,5.409544,-0.59562,0.605855,0.190578
0.956527,5.763521,5.864686,-0.82465,0.302255,-0.03845
1.354177,5.488040,6.334199,-1.04622,-0.16113,-0.39212
2.389023,4.886775,7.345091,-1.07925,-0.47112,-0.70850
2.916028,4.467567,7.721181,-0.98444,-0.53610,-0.84805
3.867033,3.863906,8.209859,-0.66699,-0.53291,-1.01210
3.665813,3.598008,8.650627,-0.50720,-0.48603,-1.00251
2.633362,3.986076,9.323757,-0.38363,-0.42105,-0.91729
1.945860,4.347793,9.589654,-0.31971,-0.35394,-0.77987
0.072596,5.404199,9.541745,-0.32930,-0.26766,-0.47521
-1.07244,5.998278,9.230333,-0.32291,-0.23783,-0.30157
-2.69657,6.846277,8.252978,-0.21745,-0.36673,-0.31222
-2.85467,7.121757,8.001452,-0.16099,-0.46686,-0.31861
-2.09291,7.018752,8.696141,-0.09814,-0.60641,-0.26748
-2.04261,7.021147,9.283034,-0.08642,-0.63730,-0.20996
-2.24383,7.073847,9.160864,-0.06512,-0.58723,-0.01608
-2.56961,7.037915,8.535644,-0.03529,-0.50947,0.053159
-2.71095,6.966051,7.967916,0.013708,-0.41147,0.078726
-2.36839,6.767226,7.826582,0.074428,-0.29961,0.060616
-1.86534,6.518096,7.781068,0.207586,-0.09082,-0.01288
-0.94548,6.168356,7.742741,0.291742,-0.00667,0.016941
-0.98141,6.180334,7.721181,0.291742,0.013568,0.051029
-1.38145,6.309689,7.407374,0.205456,0.064701,0.070204
-1.27366,6.288130,7.105544,0.108517,0.157379,0.056355
-0.92871,6.273757,6.664775,0.096799,0.210642,0.046768
-0.64365,6.139611,6.980978,0.148997,0.259644,0.027593
-0.57178,6.043792,7.313950,0.185216,0.260709,0.008418
-0.36577,5.828198,7.790650,0.222500,0.263905,-0.06401
-0.21725,5.813826,7.747532,0.199064,0.319299,-0.09597
0.015104,5.914436,7.385814,0.134083,0.338474,-0.07680
-0.15257,6.007859,7.105544,0.121300,0.334213,-0.06828
-0.11904,5.971927,7.342696,0.143670,0.263905,-0.07893
-0.01843,5.892877,7.656504,0.136213,0.361909,-0.04271
-0.22204,6.127634,8.137994,-0.14181,0.361909,0.036115
-1.02692,7.030729,5.011895,-0.25793,0.258579,0.053159
-1.03890,6.721712,5.263421,-0.33143,-0.10787,0.052094
-0.47117,6.295317,6.394086,-0.32824,-0.33796,0.091509
-0.75384,6.161170,8.130808,-0.29628,-0.66074,0.183122
-1.03651,6.228243,8.779983,-0.25793,-0.53930,0.178861
-0.81612,6.149193,8.389520,-0.10986,0.018895,0.221471
-0.31068,5.976718,7.543916,0.017969,0.180815,0.260886
-0.36098,5.964741,7.443306,0.053123,0.158444,0.245972
-0.47836,5.964741,7.553498,0.014773,0.002916,0.166077
-0.49273,5.885690,7.766695,-0.13116,-0.13556,0.104292
-0.08550,5.615001,8.068526,-0.20999,-0.18883,0.096835
0.201951,5.504809,8.013429,-0.30693,-0.21546,0.107488
0.513364,5.509600,7.524752,-0.28456,-0.19735,0.108553
0.400776,5.674888,7.074402,-0.23449,-0.19522,0.120271
0.345680,5.737170,7.146266,-0.18229,-0.14835,0.182056
0.331307,5.765916,7.486424,-0.23236,0.040200,0.283256
0.034268,5.885690,7.987080,-0.21745,0.184010,0.325867
-0.18851,5.938391,8.046966,-0.14927,0.340604,0.363151
-0.52387,6.005464,7.419351,-0.05340,0.479088,0.380195
-0.21965,5.928809,7.445702,0.084016,0.521699,0.274734
0.072596,5.768311,7.965520,0.080820,0.292667,0.055290
0.453477,5.543137,8.437430,0.063776,0.145661,-0.02780
0.918200,5.337125,8.803937,0.026491,-0.08550,-0.04058
1.665589,5.040086,8.868616,0.032883,-0.11000,0.183122
1.287103,5.325148,8.672186,0.061645,-0.06526,0.325867
0.693024,5.569487,8.444616,0.101060,-0.00667,0.438785
-1.05567,6.381554,7.843351,0.179889,0.062570,0.545311
-2.50493,7.047497,7.313950,0.204390,0.066831,0.559160
-2.64627,7.100198,7.098357,0.229957,0.055114,0.561290
-2.30850,6.803158,6.664775,0.313047,0.009307,0.570878
-1.99709,6.398323,5.924572,0.399334,-0.03223,0.636924
-1.89409,6.228243,5.526923,0.373767,-0.04821,0.708297
-1.75275,5.856944,4.566336,0.075493,-0.04821,0.867021
-1.65454,5.236515,2.841591,-0.61266,0.106246,0.876608
-1.41499,4.800538,1.698948,-1.11866,0.235143,0.776473
-0.34182,3.547703,-0.66059,-2.24997,0.359779,0.419610
1.440414,1.839727,-2.60333,-3.19166,0.351257,-0.00969
2.324345,1.010891,-3.09679,-3.53361,0.368301,-0.19078
3.241814,-0.50784,-2.18651,-3.83615,0.584550,-0.43686
2.829791,-2.13676,0.254475,-3.77862,0.788015,-0.50397
2.259667,-2.68293,1.581570,-3.64121,0.987219,-0.51356
0.726561,-3.33450,4.899308,-3.50592,1.140617,-0.48373
-0.23881,-3.50937,6.468346,-3.50485,1.272710,-0.34098
-1.20179,-3.48063,7.570266,-3.77862,1.199207,-0.07467
-2.00667,-3.30096,8.147577,-3.95120,0.976567,0.182056
-3.50385,-2.86259,8.583554,-3.93202,0.823169,0.303496
-4.37341,-2.86978,10.37058,-3.76584,0.460979,0.704036
-4.14823,-3.20994,13.46553,-3.61990,0.255383,0.965025
-4.31831,-3.20275,14.86210,-3.16290,-0.15048,1.404979
-5.07528,-2.71168,17.27434,-2.67608,-0.44875,1.485939
-4.30633,-2.90811,19.51172,-2.41722,-0.55954,1.419893
-3.01038,-3.21952,20.28306,-1.88352,-0.72039,1.271821
-0.26277,-3.59321,20.59927,-1.26780,-0.75874,1.086465
0.609183,-3.71538,20.96578,-0.88750,-0.68417,0.962895
1.399691,-3.51177,21.28677,-0.17803,-0.49030,0.650772
2.523170,-3.42553,21.92157,0.089342,-0.41253,0.500570
2.983102,-3.43990,22.18987,0.302395,-0.36353,0.354629
3.462198,-3.54291,22.04374,0.507990,-0.37099,0.170338
3.423870,-3.59561,21.90001,1.042753,-0.46153,-0.22593
3.675395,-3.76808,22.04135,1.715999,-0.53930,-0.58493
4.003576,-3.93577,22.47972,2.089907,-0.56913,-0.72554
3.888593,-4.24957,23.14566,2.765284,-0.75661,-0.81396
3.153181,-4.49631,22.93247,3.206303,-1.09963,-0.67121
2.410583,-4.57775,22.50607,3.494990,-1.50762,-0.56256
0.187579,-4.23760,20.86038,3.615364,-1.66635,-0.56682
-0.93110,-4.08908,18.50562,3.798590,-1.94438,-0.62860
-0.57657,-4.28311,16.25387,4.087276,-2.10310,-0.75324
-0.46638,-4.37174,14.94355,4.223630,-2.08393,-0.80118
-0.26756,-4.39570,12.74450,4.227891,-1.91349,-0.80331
-0.37056,-4.03877,10.19571,4.091537,-1.78353,-0.72022
-0.45680,-3.78485,8.384729,3.765567,-1.45862,-0.51462
-1.29282,-2.87217,4.595082,3.448118,-1.19550,-0.32926
-1.47727,-2.15113,3.124258,3.184998,-1.00801,-0.23126
-1.26647,-0.90549,1.600734,3.031600,-0.92599,-0.22061
-0.66281,-0.13654,0.913231,2.845179,-0.85994,-0.20996
0.034268,0.388067,0.141887,2.616147,-0.82372,-0.18758
0.240279,0.761761,-0.44021,2.021730,-0.79709,-0.13113
0.295375,1.209716,-1.01512,1.709608,-0.78750,-0.08212
0.278607,1.715162,-1.64993,1.412399,-0.77579,-0.03738
0.273816,2.567952,-2.58656,1.132235,-0.72252,0.000962
0.295375,2.855410,-2.72550,0.677367,-0.45408,0.051029
0.745725,3.279409,-2.90516,0.527165,-0.25487,0.040376
1.330222,3.394392,-2.62488,0.339679,0.146726,-0.03632
1.636843,3.327319,-2.32066,0.272567,0.323560,-0.09065
2.048865,3.051839,-1.91103,0.180954,0.490806,-0.14604
2.101566,2.853014,-1.98290,-0.15992,0.785884,-0.24724
2.123125,2.723658,-2.30389,-0.39641,0.910520,-0.24617
1.430832,2.773963,-2.84048,-0.99509,1.084158,-0.20996
0.973296,2.814687,-2.89078,-1.34876,1.140617,-0.20356
0.745725,2.402664,-2.81652,-2.01774,1.189619,-0.28452
0.779262,2.055320,-2.51709,-2.38100,1.353670,-0.38892
0.676256,1.573829,-1.14208,-2.45983,1.493219,-0.41768
-0.28912,1.248044,0.712011,-2.60577,1.888432,-0.35057
-1.03651,1.212111,1.361186,-2.96476,2.021590,-0.08212
-2.98403,1.111501,1.995988,-3.38980,1.861801,0.133054
-3.90389,0.663547,3.188936,-3.53681,1.780840,0.133054
-3.26909,-0.38088,4.640596,-3.58368,1.742491,0.056355
-2.50972,-0.95579,5.785634,-3.54107,1.752078,-0.06934
-1.98991,-1.60017,7.115125,-3.51124,1.846887,-0.15243
-3.28107,-2.11520,8.538040,-3.48887,2.081245,0.026528
-5.32441,-2.08406,10.46879,-3.68914,1.834104,0.453699
-5.25973,-2.86978,12.34685,-3.78821,1.519851,0.604966
-3.78412,-3.57884,13.51344,-3.44094,1.085223,0.489918
-0.13820,-4.69992,16.51258,-2.54931,1.471914,-0.12793
0.942154,-4.92270,15.32922,-2.30963,1.726512,-0.43046
0.060618,-4.64004,14.83335,-2.76343,1.347278,-0.58812
-4.12907,-3.46146,13.66436,-3.96505,-0.11000,-0.01714
-4.65128,-3.42793,17.69116,-4.23243,-0.87805,0.250233
-3.18046,-4.07231,21.12627,-3.64014,-1.66209,0.482461
-0.05436,-4.96822,25.89807,-2.09870,-1.21148,0.362086
1.564979,-4.77658,26.69097,-1.30189,-0.69589,0.280061
1.629657,-4.15136,25.89328,-0.13755,0.227686,0.126663
2.245295,-3.00153,23.98648,0.472837,0.413042,-0.15563
2.731577,-2.48650,23.53133,0.688020,0.226621,-0.32926
2.592639,-2.30924,23.38282,1.105603,-0.28470,-0.59984
1.320640,-1.79660,22.78634,1.504012,-0.50201,-0.61049
0.240279,-1.62413,21.63651,1.703216,-0.50947,-0.57960
0.240279,-1.90201,21.53830,2.098429,-0.62878,-0.57428
0.556482,-2.75719,21.23886,2.507490,-0.83331,-0.64991
0.443895,-3.71059,20.62322,2.753566,-0.92918,-0.69465
0.254652,-4.15375,20.22078,3.332004,-1.10389,-0.75963
-0.33942,-4.52745,18.34033,3.715499,-1.30735,-0.76070
-0.90715,-4.41247,15.12321,3.762371,-1.45862,-0.74578
-0.89278,-4.27592,13.52303,3.624952,-1.89218,-0.78094
-0.82570,-3.89265,10.78260,3.363962,-2.09352,-0.83100
-1.02692,-3.40637,8.559598,3.291524,-1.96995,-0.83740
-1.13712,-3.06142,7.884074,3.405507,-1.42560,-0.79052
-1.21138,-2.43141,7.146266,3.654779,-0.82905,-0.65630
-1.52758,-1.82775,5.675443,3.709108,-0.63730,-0.56256
-1.70005,-1.47561,4.683714,3.535470,-0.58191,-0.33459
-1.64256,-0.78332,3.004484,3.178606,-0.77792,-0.15243
-1.52279,-0.09821,1.691762,2.952770,-0.91001,-0.06188
-1.42457,0.258711,1.109660,2.485120,-1.12200,0.090444
-0.92152,0.809671,0.014927,1.965271,-1.11880,0.210818
-0.15018,1.195343,-1.13490,1.719195,-1.03891,0.234254
0.180392,1.432495,-1.30498,1.297351,-0.84609,0.269408
0.568460,1.736721,-1.32654,0.928770,-0.65328,0.275800
0.882267,2.028970,-1.70742,0.712521,-0.58404,0.268343
1.129002,2.158325,-1.91582,0.291742,-0.38270,0.218275
1.526651,2.352359,-1.93020,0.065906,-0.00667,0.135185
1.823690,2.522438,-1.51338,0.063776,0.264970,0.087248
1.816504,2.575139,-1.41517,0.145801,0.896672,0.038246
1.497905,2.694913,-1.86791,0.199064,1.584832,-0.01288
1.629657,2.529625,-2.74705,0.038209,2.187771,-0.15669
1.569770,2.479320,-3.39144,-0.23343,2.321995,-0.20782
0.460663,2.515252,-5.00599,-1.29230,2.087636,-0.17587
-1.31438,2.421828,-6.39776,-2.80604,1.404802,0.062747
-2.03782,1.983455,-6.62054,-3.47502,1.211990,0.225732
-2.78281,0.682711,-5.31261,-4.59675,1.820255,0.468612
-2.46661,-2.39547,-0.99596,-5.17412,2.399759,0.464351
-3.14453,-3.37522,0.462881,-5.65775,2.378453,0.506962
-3.77454,-4.40288,2.386451,-4.98024,2.100420,0.431328
-3.78172,-6.72650,9.711824,-4.23669,2.122790,0.301366
-2.80916,-8.13744,17.72709,-2.82415,2.721468,-0.20143
-1.74557,-8.18774,19.03502,-2.48539,2.973936,-0.43366
-1.62340,-7.00437,17.08031,-2.66436,2.901498,-0.53593
-2.52649,-6.23063,15.40108,-3.46863,1.984306,-0.23659
-6.13408,-4.94905,13.56854,-3.46970,1.030895,-0.26961
-5.96640,-5.55271,16.52456,-3.13201,0.669771,-0.43899
-3.12057,-6.15158,21.08795,-2.27234,0.394933,-0.60623
-2.42349,-5.91922,22.09405,-1.88459,0.268166,-0.29411
-4.77824,-3.61238,21.21970,-1.97513,0.111573,-0.12047
-5.73643,-2.07688,19.04700,-2.06142,-0.25061,0.026528
-5.33639,-1.83254,18.71163,-1.29869,-0.36779,-0.08852
-3.34096,-2.24456,22.29766,-0.69895,-0.34649,-0.16948
-2.44744,-2.19425,25.73997,0.510121,-0.22505,-0.23126
-2.48577,-2.02178,26.31249,1.257936,-0.29642,-0.13432
-3.49427,-1.12587,24.85124,1.408138,-0.47645,-0.07786
-3.84161,-0.74499,21.95271,1.472054,-0.90255,0.073399
-3.90389,-0.72343,20.63760,1.633974,-1.20402,0.221471
-4.04044,-1.31751,19.63150,1.835309,-1.30096,0.250233
-3.33137,-2.69730,20.54657,2.339179,-1.52680,0.177795
-2.83072,-3.49979,21.14783,2.855831,-1.84638,0.019071
-1.89888,-4.95624,21.38738,3.137061,-1.96356,-0.05762
-1.77192,-5.63895,20.49147,3.704846,-2.06476,-0.17587
-1.69047,-5.89287,19.56442,4.062775,-1.98593,-0.22487
-1.95876,-5.96474,16.74734,4.107516,-1.92201,-0.25044
-1.70245,-5.64374,13.09903,4.076624,-1.81016,-0.29837
-1.72161,-5.25568,11.44615,4.078754,-1.66741,-0.30689
-1.39822,-4.55140,9.771711,4.068101,-1.58326,-0.27707
-1.73599,-3.87588,8.250582,4.132018,-1.33398,-0.16628
-1.78869,-3.53093,7.522356,4.081950,-1.11561,-0.02993
-1.73119,-2.72605,6.365341,3.977554,-1.06554,0.011614
-1.43655,-2.15832,4.171082,3.776219,-1.00801,0.045703
-1.10597,-1.83493,3.454834,3.343722,-1.04317,0.067008
-0.73947,-1.14264,2.070247,3.031600,-1.10389,0.078726
-0.58855,-0.35213,-0.14077,2.522404,-1.13158,0.127728
-0.47596,0.158101,-0.67257,2.096298,-1.00908,0.238515
-0.39931,1.030055,-1.12532,1.869397,-0.89403,0.283256
-0.20048,1.719953,-2.19609,1.374050,-0.62665,0.294974
0.199556,2.009806,-2.68477,1.099212,-0.50308,0.285387
0.731352,2.352359,-3.53756,0.809460,-0.38483,0.275800
0.891849,2.711681,-4.03822,0.498403,-0.27298,0.275800
0.843940,2.845828,-4.18434,-0.12903,-0.11532,0.305627
1.006832,2.841037,-4.02864,-0.67338,0.057244,0.286452
1.842854,2.268517,-3.57110,-0.91413,0.144596,0.225732
2.235713,1.947523,-3.40342,-1.37539,0.403455,0.045703
2.448910,1.537896,-3.33395,-1.77913,0.847670,-0.10769
1.550606,1.458846,-2.81892,-1.96661,1.117181,-0.12900
0.851126,1.413331,-2.49792,-2.47368,1.453805,-0.08958
0.043850,0.910281,-1.31216,-2.94665,1.420781,-0.05549
0.237884,-0.23475,1.957660,-3.02335,1.338756,-0.06934
0.400776,-0.84799,3.682404,-2.86782,1.285493,-0.24617
0.985273,-1.60017,5.287375,-2.69419,1.728643,-0.54871
0.086968,-1.33667,4.499263,-2.85185,1.884171,-0.64245
-1.04848,-1.21211,3.883625,-3.66358,1.632769,-0.60304
-2.58159,-1.75828,4.959195,-4.37517,0.998937,-0.40490
-2.52889,-3.20994,8.032593,-4.42524,0.879628,-0.33033
-1.87253,-3.84234,9.965744,-3.73814,1.579506,-0.53273
-0.50950,-4.16813,12.05699,-3.14799,2.408281,-0.76176
-3.01038,-3.51177,11.51562,-3.23427,2.439173,-0.73833
-4.01648,-3.43032,11.10838,-3.96931,1.858605,-0.42727
-5.23338,-4.19448,13.26671,-4.18236,1.223708,-0.09917
-4.58660,-4.56578,19.58119,-3.75519,1.172575,0.015875
-3.90150,-3.97649,25.11714,-2.09764,1.410129,0.119206
-4.08595,-3.11412,25.78787,-0.98018,1.280167,0.266212
-4.63691,-1.39656,22.87976,-1.05581,0.783754,0.380195
-3.78412,-0.50065,21.28917,-1.39989,0.082810,0.463286
-2.99122,-0.24194,22.73364,-1.71201,-0.65648,0.472873
-2.32048,0.493468,26.23583,-1.43398,-1.48632,0.449438
-1.89888,0.706665,26.94250,-0.88111,-1.50230,0.446242
-0.71551,1.063592,24.83448,0.482424,-1.14224,0.351433
-0.47357,1.645693,20.74539,1.274980,-0.80774,0.170338
-1.38145,1.882845,19.05898,1.460336,-0.68524,0.143707
-1.68808,1.554665,19.27457,1.502946,-0.69270,0.203362
-1.35271,0.206010,20.64478,1.750088,-0.80774,0.341846
-0.67239,-1.03963,20.50105,2.209216,-0.98351,0.372739
-0.49513,-1.54747,19.94291,2.387115,-1.03784,0.361021
0.000731,-2.63742,19.71055,2.681128,-1.15609,0.304562
-0.07592,-3.65550,19.03263,3.095516,-1.29137,0.196970
0.156437,-4.13459,18.22774,3.317090,-1.33079,0.150098
0.846335,-4.74304,15.93048,3.720825,-1.37340,-0.03632
0.400776,-4.43403,13.03674,3.978619,-1.28818,-0.25150
-0.23881,-4.11064,11.83421,4.016969,-1.22320,-0.28239
-0.77300,-3.55249,10.22445,4.052123,-1.16887,-0.20356
-1.24731,-3.02788,8.545226,4.026556,-1.21361,-0.04377
-0.87361,-2.90811,7.876887,4.000990,-1.25409,0.045703
-0.09748,-2.64221,6.132979,3.985011,-1.25835,0.068073
0.338494,-2.04813,4.108799,3.815634,-1.30309,-0.01714
0.388799,-1.66964,3.308710,3.672888,-1.38405,-0.08745
0.055827,-0.78092,1.766022,3.417225,-1.44051,-0.20996
-0.13820,0.098214,0.223333,3.206303,-1.24876,-0.21102
-0.04717,0.529400,-0.55280,3.077406,-1.08258,-0.18545
0.554087,1.207320,-1.88468,2.724804,-0.74276,-0.14497
0.592414,1.961896,-2.76861,2.233717,-0.50841,-0.12580
0.635533,2.287681,-3.01774,1.935443,-0.46153,-0.09810
0.693024,2.908110,-3.42977,1.263262,-0.50947,-0.05869
0.815194,3.250664,-3.32676,0.534622,-0.64156,0.026528
1.078697,3.214731,-3.15668,0.216108,-0.68950,0.057421
1.840459,2.977579,-2.71112,-0.19082,-0.53823,0.076595
2.386628,2.963206,-3.25729,-0.44115,-0.02584,-0.07467
2.199780,3.020698,-3.41779,-0.64995,0.204250,-0.17800
0.705002,3.645918,-3.00816,-1.26141,0.505720,-0.26215
0.240279,3.911816,-0.57915,-1.85369,0.678293,-0.13539
0.587623,3.777669,1.044983,-2.00283,0.753926,-0.07893
1.620075,3.209940,2.851173,-2.06994,0.840213,-0.11089
2.039283,3.305760,3.289546,-2.05609,0.889215,-0.35270
1.248776,3.583635,2.999693,-2.17114,0.915847,-0.46668
-0.68197,4.251974,4.398653,-2.65584,0.761383,-0.51142
-1.41260,4.503499,5.967691,-2.82308,0.701729,-0.36868
0.106132,3.645918,8.847056,-2.68673,0.744339,-0.08425
2.633362,2.740427,9.505813,-1.96768,1.044743,-0.20782
2.307577,3.396788,6.559374,-1.12292,1.798950,-0.83633
0.223511,4.285511,4.587895,-1.15914,2.106811,-1.05045
-3.97576,5.768311,5.064596,-2.13279,1.782971,-0.95884
-4.00211,4.783770,8.676978,-2.93707,0.763514,-0.40064
-2.77323,4.065126,10.09270,-2.94559,0.439674,-0.20782
-1.75994,3.842347,10.04479,-2.47048,0.589876,-0.18332
-4.83094,4.580154,9.941790,-2.43852,0.978697,-0.11941
-5.25494,4.096267,11.88452,-2.95944,1.169379,0.418545
-2.33006,2.258935,18.57748,-2.97435,0.863649,0.815888
-0.85445,1.693603,22.64980,-1.87713,0.838082,0.740254
-1.33354,1.957105,22.75280,-1.24756,0.866844,0.722145
-1.72640,2.658980,21.56225,-0.60414,0.594137,0.848911
0.156437,2.464947,22.20184,-0.27071,0.000785,0.906436
1.394900,2.246958,22.26652,-0.01931,-0.29855,0.808431
2.743554,2.203840,20.79570,0.623039,-0.75235,0.392979
2.135102,3.039861,17.43484,1.235565,-0.91321,-0.00436
1.291894,3.919002,13.95182,1.549818,-0.79603,-0.18013
1.184098,4.122618,12.73012,1.617995,-0.65222,-0.21102
1.378131,4.062731,11.71444,1.713869,-0.33264,-0.28985
0.877476,3.957330,11.11317,1.766067,-0.22078,-0.34631
0.343285,4.010030,10.72990,1.798025,-0.17924,-0.42514
-0.49273,4.084290,10.30590,1.727717,-0.25594,-0.39851
-0.72749,4.062731,10.16936,1.681911,-0.32518,-0.29198
-0.86882,3.976494,10.01125,1.675519,-0.34435,-0.22167
-0.86643,3.863906,9.757338,1.607342,-0.37205,-0.12154
-0.50471,3.748923,8.717700,1.338896,-0.36459,-0.03099
-0.82570,4.041172,8.219441,1.190824,-0.40934,0.039311
-0.85445,4.000448,8.545226,1.060862,-0.50841,0.140511
-0.40410,3.660290,9.299801,1.062993,-0.51799,0.151164
0.561273,3.437511,9.357294,1.058732,-0.51160,0.048898
1.042764,3.310551,9.405202,1.150344,-0.59789,-0.17587
1.284708,3.205150,10.15498,1.292024,-0.63517,-0.28559
0.642719,3.509375,9.486649,1.437965,-0.61387,-0.35377
0.369635,3.744132,8.902153,1.565797,-0.60002,-0.38359
0.118110,4.045962,7.359464,1.742631,-0.64263,-0.39212
0.187579,4.271138,5.656279,1.795894,-0.68098,-0.38466
0.269025,4.472358,4.781929,1.769262,-0.63624,-0.39212
0.453477,4.778979,3.150608,1.570058,-0.46260,-0.40064
0.510968,4.989781,2.709840,1.395355,-0.39123,-0.41662
0.333703,5.219747,2.580484,1.208934,-0.34755,-0.42940
0.051036,5.523973,2.602044,0.873376,-0.28150,-0.39425
0.027081,5.595837,2.652348,0.717847,-0.24955,-0.37401
-0.03040,5.722797,2.774518,0.409986,-0.21865,-0.32394
-0.46878,6.027023,3.126654,0.261915,-0.21865,-0.27387
-0.59574,6.204288,3.658450,-0.00653,-0.30707,-0.12580
-0.12143,6.151588,4.496867,-0.13755,-0.36992,-0.01608
0.094155,6.177938,4.942426,-0.11199,-0.32092,0.002027
0.225906,6.197102,5.423917,0.039274,-0.06419,0.011614
0.331307,6.290526,5.390381,0.201195,0.157379,-0.00542
0.477431,6.295317,5.203534,0.260849,0.245796,-0.02140
0.755307,6.297712,4.928053,0.359919,0.415173,-0.10556
0.748121,6.393531,4.607059,0.288546,0.531286,-0.13113
-0.08071,6.982819,3.588981,0.099994,0.441804,-0.07573
-0.53585,7.265486,3.433275,-0.36978,0.117964,0.109618
-0.55501,7.435564,4.130359,-0.58816,-0.06632,0.212949
0.350471,7.052288,5.474223,-0.56366,-0.04502,0.207623
0.702606,6.942096,5.869476,-0.39428,0.120095,0.136250
1.083487,6.743271,5.840731,-0.37617,0.297994,0.067008
0.549296,6.999588,4.963985,-0.50081,0.317168,0.092574
0.017500,7.169667,4.904098,-0.80867,0.175488,0.240646
-0.22444,7.229554,6.200053,-0.87152,0.121160,0.308823
0.640324,6.757644,7.699622,-0.78950,0.075354,0.312019
1.102651,6.527678,8.034989,-0.59668,0.155248,0.184187
1.430832,6.343226,7.941565,-0.54342,0.250057,0.103227
0.681047,6.621102,7.651712,-0.57218,0.193598,0.128793
0.007918,6.786390,7.606198,-0.90028,0.106246,0.264082
0.285793,6.695362,7.505589,-1.00148,0.019960,0.286452
0.259443,6.362390,8.183508,-0.91200,0.037004,0.282191
0.716979,6.359995,9.012344,-0.53490,0.081745,0.165012
0.901431,6.182729,10.15738,-0.15992,0.106246,0.092574
0.465454,6.187520,9.541745,-0.08962,0.086006,0.077661
0.386403,6.302503,9.247101,-0.18869,0.033808,0.059551
0.827171,6.192311,7.400187,-0.54662,0.253253,-0.04058
1.109838,6.407904,7.548707,-0.61692,0.349126,-0.05975
0.772075,6.233035,8.753633,-0.42411,0.394933,-0.02247
0.199556,6.149193,10.73229,-0.06405,0.198924,0.054225
0.170810,6.048583,11.16348,0.103190,0.106246,0.081922
0.395985,5.955159,10.77541,0.336483,0.032743,0.074465
0.872685,5.895272,9.613610,0.437683,0.043396,0.027593
1.028391,5.883295,8.897361,0.458988,0.040200,-0.00010
1.061928,5.878504,8.597927,0.476033,0.063636,-0.03845
0.966109,5.912040,8.061339,0.447270,0.040200,-0.06401
0.841544,5.816221,7.828978,0.424900,0.021025,-0.07254
0.731352,5.852153,7.675667,0.371637,-0.06845,-0.07786
0.760098,5.806639,7.646922,0.371637,-0.12491,-0.08958
0.693024,5.787476,7.433724,0.384420,-0.11958,-0.08638
0.736143,5.665306,7.009724,0.382289,-0.05993,-0.09597
0.884663,5.701238,6.858809,0.356723,0.043396,-0.14604
1.014019,5.667702,6.619261,0.347136,0.082810,-0.17587
0.946945,5.665306,6.662380,0.382289,0.146726,-0.22593
0.712188,5.732379,6.700707,0.404660,0.194663,-0.22274
0.331307,5.919227,6.276708,0.360984,0.181880,-0.19504
0.252256,6.043792,6.207239,0.254458,0.114768,-0.14924
0.292980,6.050978,6.197657,0.173498,0.061505,-0.16734
0.455872,6.079724,6.238380,0.156453,0.048722,-0.23552
0.922990,6.115656,6.418041,0.131952,0.054048,-0.25257
0.956527,6.168356,6.537815,0.010512,-0.04182,-0.23765
0.834358,6.333644,6.451578,-0.06405,-0.20267,-0.19717
0.673861,6.618707,6.863600,-0.07044,-0.23996,-0.19078
0.875081,6.669012,7.287600,-0.06618,-0.23463,-0.23552
1.169725,6.695362,7.304368,-0.06085,-0.22398,-0.32926
1.663193,6.783995,7.323532,-0.04275,-0.22185,-0.37507
1.703916,6.913350,7.531939,-0.02251,-0.26020,-0.40277
1.495510,7.018752,7.618176,0.005186,-0.34755,-0.33033
0.932572,7.284649,7.857724,0.014773,-0.39442,-0.27920
0.642719,7.406819,8.032593,0.017969,-0.51160,-0.21209
0.733748,7.358909,8.013429,-0.02996,-0.63517,-0.24298
1.313453,7.200808,7.903238,-0.07151,-0.68204,-0.29518
2.012933,7.025938,7.591825,-0.14714,-0.74809,-0.38998
2.135102,7.076243,7.512775,-0.14075,-0.77898,-0.42620
2.060843,7.054684,7.795441,-0.02037,-0.82798,-0.45070
1.953046,7.011565,8.154763,0.134083,-0.84503,-0.41555
1.742244,6.918141,8.458989,0.216108,-0.81627,-0.40596
1.881182,6.757644,8.003848,0.209717,-0.79390,-0.43260
2.307577,6.451023,7.194176,0.148997,-0.74170,-0.58173
2.592639,6.316876,6.889950,0.126626,-0.71613,-0.68932
3.002266,6.168356,6.592911,0.163910,-0.68843,-0.88214
2.801045,6.206684,6.801318,0.294938,-0.75129,-0.92688
2.377046,6.328854,6.916301,0.360984,-0.75874,-0.79478
1.337408,6.427068,6.856414,0.261915,-0.72785,-0.71169
0.733748,6.554028,5.428709,-0.05979,-0.67033,-0.61156
0.755307,6.589961,4.772347,-0.27391,-0.64582,-0.54658
0.939759,6.589961,4.827443,-0.28989,-0.68311,-0.49758
0.654697,6.369577,5.958109,-0.13436,-0.80242,-0.40596
0.597205,6.103679,6.552188,0.005186,-0.79496,-0.30796
0.611578,5.758729,6.885159,-0.00972,-0.74809,-0.30689
0.982877,5.353894,5.586810,-0.25793,-0.67352,-0.31861
1.330222,5.327544,4.894517,-0.67445,-0.76833,-0.29731
1.069115,5.502413,4.113591,-0.83850,-0.81201,-0.29731
0.982877,5.219747,4.427398,-1.02705,-0.72146,-0.28665
0.860708,5.004154,4.884935,-1.32532,-0.70867,-0.35164
0.669070,4.599318,5.550878,-1.52985,-0.77153,-0.39638
0.724166,4.517872,6.056324,-1.72693,-0.96647,-0.42620
0.475036,4.484335,6.683939,-1.39030,-0.96753,-0.44431
0.194765,4.067522,8.746446,-1.11547,-0.84716,-0.46136
0.446290,3.959725,10.25080,-0.81932,-0.54675,-0.49118
0.427126,3.998053,10.05198,-0.87152,-0.43597,-0.63286
0.522946,4.048358,8.787169,-0.90241,-0.41253,-0.73087
1.009228,4.192087,8.664999,-0.65634,-0.08017,-1.03447
1.073906,4.295092,8.993181,-0.53809,-0.00667,-1.06004
-0.13820,4.901148,10.44963,-0.31865,0.038069,-1.06110
-0.57897,4.989781,10.66762,-0.22917,-0.03117,-0.99505
-1.31438,5.181419,10.66762,-0.21638,-0.09828,-0.92901
-1.89888,5.416176,10.31308,-0.15886,-0.21865,-0.73513
-2.13843,5.500018,10.26278,-0.07470,-0.24848,-0.52314
-2.12884,5.653328,10.24122,-0.02996,-0.23144,-0.48160
-1.34792,5.440131,9.790875,0.024361,-0.19841,-0.48799
-0.72988,5.222143,9.601632,0.084016,-0.14195,-0.51356
-0.32505,5.092787,9.381248,0.160714,-0.02371,-0.54658
-0.16934,5.116742,9.132119,0.166041,0.035939,-0.52527
-0.36098,5.301193,8.571577,0.115973,0.088137,-0.41875
-0.51429,5.490436,8.370356,0.016904,0.112638,-0.24724
-0.73228,5.775498,8.020616,-0.02464,0.104116,-0.18758
-0.40649,5.773103,8.027802,-0.06085,0.086006,-0.11834
0.048641,5.521577,8.288909,-0.05553,0.087071,-0.14604
0.283398,5.377849,8.353588,-0.04381,0.091333,-0.17267
0.657092,5.200583,8.439825,-0.07470,0.018895,-0.19398
0.606787,5.186210,8.461384,-0.17803,-0.16006,-0.14710
0.463059,5.210165,8.466176,-0.25367,-0.30174,-0.05975
0.223511,5.315566,8.461384,-0.27497,-0.31559,-0.03525
-0.04717,5.444922,8.787169,-0.19295,-0.37844,-0.07573
-0.09029,5.456899,8.928503,0.007317,-0.42425,-0.07573
0.182788,5.298798,9.235124,0.082950,-0.39016,-0.09597
0.197160,4.934685,9.637564,0.158584,-0.31666,-0.17480
0.307352,4.767002,9.314174,0.111712,-0.36673,-0.14391
0.525341,4.759815,8.806333,0.049927,-0.43703,-0.10662
0.247465,5.052063,8.315260,-0.10347,-0.58510,-0.03419
-0.00885,5.253283,8.015825,-0.24834,-0.67672,0.002027
0.029477,5.289216,7.869701,-0.30800,-0.70228,0.018006
0.331307,5.284425,7.706809,-0.39109,-0.70122,0.047833
0.673861,5.207769,7.637340,-0.40493,-0.61600,0.076595
0.772075,5.169442,7.673272,-0.39109,-0.54569,0.087248
1.002041,5.056854,7.824187,-0.32291,-0.41147,0.103227
1.241589,4.956244,8.042175,-0.28030,-0.33690,0.104292
1.366154,4.886775,8.231418,-0.21425,-0.21546,0.065943
1.569770,4.707115,8.494921,-0.18443,-0.19841,0.018006
1.754222,4.652019,8.557204,-0.15566,-0.18350,-0.00862
1.974605,4.508290,8.528458,-0.14608,-0.16965,-0.01501
1.981792,4.520267,8.552412,-0.13223,-0.15048,-0.00969
1.977001,4.596922,8.454197,-0.12264,-0.13556,0.000962
1.948255,4.671183,8.442220,-0.08855,-0.06845,0.022267
1.866809,4.752629,8.451803,-0.05446,0.002916,0.032919
1.852436,4.767002,8.444616,-0.02464,0.041265,0.027593
1.852436,4.781374,8.444616,-0.01824,0.037004,0.022267
1.838063,4.747838,8.396706,-0.02037,0.015699,0.007353
1.864413,4.675973,8.427847,-0.02144,-0.02797,-0.00756
1.828481,4.661601,8.492526,-0.01931,-0.05141,-0.00223
1.809318,4.608900,8.468570,-0.02251,-0.09402,0.007353
1.804527,4.599318,8.415870,-0.02996,-0.11745,0.016941
1.785363,4.606504,8.487734,-0.03529,-0.11958,0.024397
1.670380,4.628064,8.533248,-0.03848,-0.10574,0.025463
1.656007,4.652019,8.535644,-0.03209,-0.09721,0.018006
1.648820,4.649623,8.408683,-0.03209,-0.09189,0.012679
1.667984,4.659205,8.358379,-0.03635,-0.08123,0.010549
1.732662,4.644832,8.317655,-0.04594,-0.07058,0.012679
1.821295,4.642436,8.372752,-0.04594,-0.06419,0.013745
1.859623,4.584945,8.379938,-0.02783,-0.03969,0.015875
1.876391,4.601714,8.355983,-0.02037,-0.02371,0.013745
1.873995,4.541827,8.363169,-0.01398,-0.00560,0.009484
1.902741,4.513081,8.370356,-0.00653,0.010373,0.003092
1.890764,4.481940,8.420661,0.004121,0.040200,-0.00756
1.941069,4.450798,8.447011,0.020100,0.062570,-0.02034
1.988978,4.410075,8.458989,0.029687,0.072158,-0.02460
1.988978,4.398098,8.447011,0.049927,0.100920,-0.02886
1.972210,4.388516,8.456593,0.063776,0.114768,-0.03206
1.921905,4.371747,8.509294,0.066971,0.117964,-0.03738
1.917114,4.381330,8.506898,0.073363,0.136074,-0.04697
1.878786,4.417262,8.526062,0.069102,0.145661,-0.05336
1.842854,4.434030,8.480548,0.047797,0.169097,-0.06614
1.840459,4.446007,8.473361,0.012643,0.157379,-0.06082
1.804527,4.462776,8.367960,-0.02144,0.119029,-0.04271
1.761408,4.527454,8.238605,-0.04168,0.073223,-0.02673
1.694334,4.556200,8.219441,-0.04914,0.043396,-0.01927
1.538628,4.611295,8.269746,-0.03422,0.012503,-0.00649
1.452391,4.618482,8.403893,-0.01505,0.019960,0.018006
1.473950,4.613691,8.478153,-0.01398,0.019960,0.031854
1.493114,4.604109,8.521271,-0.01931,0.029547,0.048898
1.449996,4.616086,8.564390,-0.02677,0.044461,0.057421
1.459578,4.640041,8.475757,-0.02996,0.040200,0.060616
1.485928,4.616086,8.406289,-0.03103,0.049787,0.055290
1.598515,4.608900,8.355983,-0.02890,0.060440,0.051029
1.634448,4.575363,8.408683,-0.03103,0.068962,0.047833
1.656007,4.532245,8.413475,-0.03635,0.075354,0.040376
1.730267,4.534640,8.432639,-0.03955,0.088137,0.029724
1.751826,4.486731,8.375147,-0.02677,0.096659,0.031854
1.787758,4.465171,8.339215,-0.00972,0.095594,0.042507
1.720685,4.505894,8.523667,0.009447,0.094528,0.047833
1.634448,4.541827,8.626672,0.035013,0.096659,0.039311
1.562583,4.517872,8.703328,0.066971,0.104116,0.016941
1.598515,4.467567,8.676978,0.080820,0.101985,0.008418
1.672775,4.457985,8.636254,0.092538,0.073223,-0.00010
1.701521,4.412471,8.650627,0.087211,0.066831,-0.01714
1.679962,4.424448,8.650627,0.078689,0.074288,-0.02353
1.636843,4.453194,8.667395,0.076559,0.076419,-0.02034
1.593724,4.441216,8.557204,0.074428,0.076419,-0.01927
1.588933,4.520267,8.430243,0.063776,0.072158,-0.01714
1.591329,4.515476,8.384729,0.055253,0.078549,-0.02247
1.457182,4.539431,8.425452,0.050992,0.079615,-0.02247
1.478742,4.572968,8.327238,0.038209,0.071093,-0.02993
1.473950,4.592132,8.375147,0.030752,0.071093,-0.04058
1.471555,4.608900,8.420661,0.023295,0.065766,-0.04590
1.454787,4.608900,8.399102,0.022230,0.052983,-0.03738
1.485928,4.616086,8.394310,0.016904,0.046591,-0.03099
1.426041,4.630459,8.415870,0.016904,0.039135,-0.02673
1.375736,4.661601,8.439825,0.021165,0.039135,-0.02993
1.323035,4.661601,8.427847,0.025426,0.039135,-0.03099
1.356572,4.697533,8.458989,0.019034,0.034874,-0.03099
1.404482,4.642436,8.470966,0.014773,0.031678,-0.03099
1.380527,4.671183,8.451803,0.000925,0.019960,-0.02886
1.356572,4.671183,8.377543,-0.00866,0.026351,-0.02886
1.330222,4.678369,8.384729,-0.01611,0.030613,-0.02460
1.358968,4.663996,8.377543,-0.02037,0.029547,-0.02247
1.358968,4.680764,8.394310,-0.02144,0.032743,-0.02353
1.335013,4.654414,8.403893,-0.02144,0.027417,-0.03419
1.339804,4.649623,8.406289,-0.02037,0.026351,-0.04058
1.351781,4.596922,8.461384,-0.01824,0.021025,-0.03738
1.390109,4.599318,8.490130,-0.00972,0.016764,-0.02566
1.349386,4.601714,8.490130,-0.00013,0.019960,-0.01821
1.265544,4.625669,8.480548,0.017969,0.024221,-0.00542
1.234403,4.661601,8.535644,0.023295,0.022090,-0.00649
1.224821,4.675973,8.540435,0.017969,0.017829,-0.01288
1.270335,4.656809,8.540435,0.007317,-0.00134,-0.02140
1.358968,4.623273,8.447011,0.007317,-0.00560,-0.01927
1.366154,4.623273,8.415870,0.005186,0.000785,-0.01501
1.284708,4.606504,8.461384,0.007317,0.018895,-0.01821
1.289499,4.656809,8.451803,0.005186,0.023156,-0.02140
1.289499,4.640041,8.447011,0.007317,0.017829,-0.02247
1.299081,4.632855,8.415870,0.022230,0.008242,-0.02673
1.294290,4.630459,8.461384,0.035013,0.014634,-0.03312
1.306267,4.630459,8.521271,0.036079,0.019960,-0.03525
1.313453,4.642436,8.554808,0.022230,0.031678,-0.03312
1.306267,4.663996,8.466176,-0.00333,0.037004,-0.03206
1.299081,4.675973,8.399102,-0.01292,0.038069,-0.02886
1.272730,4.687951,8.281723,-0.01292,0.032743,-0.02460
1.248776,4.685555,8.298492,0.000925,0.024221,-0.02034
1.234403,4.678369,8.360774,0.000925,0.018895,-0.02140
1.193680,4.671183,8.538040,0.007317,0.011438,-0.02460
1.200866,4.654414,8.530853,0.013708,0.010373,-0.02034
1.224821,4.654414,8.509294,0.011578,0.007177,-0.01714
1.198470,4.644832,8.511690,0.006251,-0.00241,-0.00756
1.160143,4.678369,8.485339,0.004121,-0.00454,-0.00329
1.138584,4.663996,8.456593,0.004121,-0.00241,0.000962
1.155352,4.678369,8.437430,-0.00227,-0.01306,0.000962
1.155352,4.685555,8.463780,-0.00759,-0.00986,-0.00329
1.164934,4.699928,8.463780,-0.01079,-0.00986,-0.00542
1.220030,4.671183,8.413475,-0.02144,-0.00667,-0.00436
1.277521,4.683160,8.403893,-0.02570,0.003981,-0.00436
1.270335,4.685555,8.396706,-0.01718,0.005046,-0.00862
1.263148,4.685555,8.382333,-0.00546,0.001850,-0.00969
1.234403,4.673578,8.442220,0.015839,-0.00773,-0.01075
1.255962,4.642436,8.583554,0.019034,-0.00773,-0.00969
1.236798,4.640041,8.617091,0.013708,0.000785,-0.00649
1.224821,4.644832,8.540435,0.008382,0.000785,-0.00436
1.232007,4.661601,8.461384,0.003055,-0.01306,-0.00116
1.227216,4.685555,8.403893,0.003055,-0.02051,-0.00116
1.222425,4.680764,8.423057,0.015839,-0.00986,-0.00329
1.220030,4.683160,8.449407,0.013708,0.001850,-0.00329
1.215239,4.668787,8.475757,0.013708,0.003981,-0.00010
1.234403,4.659205,8.499711,0.009447,0.001850,0.005223
1.232007,4.666391,8.454197,0.008382,0.000785,0.005223
1.203261,4.687951,8.423057,0.010512,-0.00134,0.006288
1.196075,4.680764,8.415870,0.005186,0.007177,0.002027
1.210448,4.683160,8.420661,0.005186,0.012503,-0.00010
1.243985,4.678369,8.454197,-0.00120,-0.00027,0.000962
1.272730,4.680764,8.406289,-0.00227,-0.00347,-0.00969
1.248776,4.668787,8.418266,0.019034,0.014634,-0.00649
1.248776,4.647228,8.444616,0.027557,0.019960,-0.00116
1.263148,4.668787,8.502107,0.029687,0.034874,0.003092
1.188889,4.695137,8.542831,0.023295,0.033808,-0.00010
1.169725,4.704719,8.487734,0.007317,0.012503,-0.00542
1.220030,4.690346,8.387125,0.014773,0.011438,-0.02034
1.224821,4.673578,8.401497,0.031818,0.011438,-0.01075
1.311058,4.661601,8.415870,0.032883,0.011438,-0.00329
1.210448,4.711905,8.528458,0.020100,0.011438,0.005223
1.157747,4.745442,8.514084,0.012643,0.014634,0.006288
1.155352,4.755024,8.389520,-0.00333,0.017829,0.003092
1.193680,4.740651,8.334424,-0.00866,0.005046,0.000962
1.241589,4.723883,8.336819,-0.00546,-0.00027,-0.00116
1.241589,4.721487,8.372752,-0.00013,0.002916,-0.00223
1.198470,4.685555,8.458989,0.005186,0.007177,-0.00329
1.217634,4.699928,8.502107,0.022230,0.001850,0.004157
1.191284,4.699928,8.530853,0.026491,-0.00027,0.008418
1.140979,4.699928,8.502107,0.026491,0.000785,0.007353
1.198470,4.699928,8.435034,0.023295,-0.00347,0.004157
1.210448,4.697533,8.423057,0.024361,-0.00027,0.008418
1.186493,4.714301,8.437430,0.009447,-0.00134,0.011614
1.172120,4.735860,8.418266,0.000925,0.005046,0.009484
1.246380,4.740651,8.305678,-0.00546,0.026351,-0.00223
1.306267,4.716697,8.312865,-0.00759,0.031678,-0.00756
1.301476,4.733465,8.353588,-0.00227,0.019960,-0.01075
1.267939,4.731070,8.406289,0.015839,0.000785,-0.01075
1.191284,4.711905,8.535644,0.028622,-0.00241,-0.00969
1.150561,4.731070,8.590740,0.041405,-0.00241,-0.00329
1.136188,4.745442,8.571577,0.026491,0.008242,0.000962
1.160143,4.764606,8.384729,0.012643,0.011438,-0.00010
1.212843,4.774188,8.245791,-0.01292,0.011438,-0.00116
1.217634,4.769397,8.221837,-0.02251,0.006111,-0.00223
1.217634,4.759815,8.312865,-0.02251,0.002916,-0.00010
1.148165,4.723883,8.430243,-0.01185,-0.00986,0.002027
1.145770,4.711905,8.482944,0.009447,-0.01412,0.005223
1.131397,4.683160,8.561994,0.016904,-0.02051,0.008418
1.167329,4.714301,8.561994,0.039274,-0.00667,-0.00862
1.200866,4.726278,8.518876,0.043535,0.002916,-0.01608
1.311058,4.757420,8.468570,0.039274,0.005046,-0.02353
1.296685,4.771792,8.372752,0.012643,-0.00347,-0.03845
1.282312,4.769397,8.320051,-0.01611,-0.01306,-0.03845
1.236798,4.757420,8.219441,-0.02144,-0.01838,-0.03312
1.152956,4.802934,8.310469,-0.01505,-0.01838,-0.01288
1.114629,4.807724,8.387125,-0.00120,-0.00241,0.015875
1.076301,4.824493,8.475757,0.001990,0.010373,0.038246
1.081092,4.783770,8.451803,0.008382,0.027417,0.024397
1.243985,4.702323,8.396706,0.013708,0.032743,0.015875
1.318244,4.675973,8.458989,0.028622,0.040200,0.003092
1.301476,4.675973,8.470966,0.050992,0.058309,-0.00436
1.272730,4.702323,8.487734,0.055253,0.044461,0.002027
1.232007,4.769397,8.490130,0.063776,0.065766,-0.01182
1.208052,4.747838,8.444616,0.061645,0.086006,-0.02566
1.267939,4.790956,8.372752,0.053123,0.079615,-0.02673
1.176911,4.798143,8.305678,0.016904,0.042330,-0.02993
1.152956,4.810120,8.264955,0.006251,0.025286,-0.03099
1.109838,4.829284,8.312865,-0.00013,0.005046,-0.02673
1.069115,4.831679,8.375147,-0.00227,0.000785,-0.02140
1.011623,4.836471,8.394310,-0.00653,-0.00027,-0.01075
0.997250,4.822098,8.367960,-0.01185,-0.00347,-0.00329
1.023601,4.795747,8.377543,-0.01611,-0.00560,-0.00116
1.052346,4.788561,8.379938,-0.01718,-0.00241,0.002027
1.083487,4.781374,8.370356,-0.01185,0.000785,0.004157
1.088279,4.774188,8.430243,-0.00440,-0.00134,0.005223
1.093069,4.783770,8.458989,0.007317,-0.00560,0.008418
1.093069,4.790956,8.473361,0.005186,-0.00773,0.005223
1.164934,4.795747,8.430243,-0.00333,-0.00560,-0.00010
1.210448,4.812516,8.351192,-0.00653,0.000785,-0.00223
1.196075,4.805329,8.346402,-0.00440,-0.00027,-0.00116
1.164934,4.817306,8.353588,0.000925,0.001850,-0.00010
1.157747,4.817306,8.413475,0.009447,0.008242,-0.00542
1.172120,4.807724,8.447011,0.011578,0.010373,-0.00649
1.186493,4.807724,8.413475,0.013708,0.012503,-0.00756
1.169725,4.810120,8.391916,0.014773,0.013568,-0.00756
1.162538,4.805329,8.387125,0.010512,0.017829,-0.00542
1.138584,4.817306,8.384729,0.006251,0.017829,-0.00329
1.119420,4.834075,8.360774,0.003055,0.017829,-0.00116
1.105047,4.826889,8.355983,-0.00972,0.009307,-0.00010
1.105047,4.817306,8.339215,-0.00440,0.007177,-0.00116
1.124211,4.807724,8.384729,0.003055,0.008242,-0.00010
1.109838,4.802934,8.463780,0.009447,0.010373,-0.00116
1.109838,4.798143,8.466176,0.008382,0.014634,-0.00223
1.105047,4.790956,8.403893,0.001990,0.015699,-0.00542
1.119420,4.771792,8.348796,-0.00759,0.009307,-0.01182
1.126606,4.769397,8.329633,0.001990,0.011438,-0.00969
1.076301,4.783770,8.425452,0.006251,0.015699,-0.00969
1.064324,4.795747,8.439825,0.017969,0.013568,-0.00116
1.049951,4.810120,8.473361,0.006251,-0.00241,0.004157
1.023601,4.812516,8.425452,-0.00120,-0.00560,0.000962
1.126606,4.826889,8.327238,-0.00972,0.000785,-0.00436
1.145770,4.819702,8.320051,-0.01611,0.007177,-0.00862
1.150561,4.812516,8.327238,-0.01718,0.005046,-0.00649
1.090674,4.807724,8.384729,-0.01398,-0.00667,-0.00116
1.069115,4.805329,8.415870,-0.00333,0.003981,-0.00329
1.078697,4.790956,8.449407,-0.00013,0.010373,-0.00862
1.124211,4.776584,8.435034,0.001990,0.012503,-0.01182
1.107442,4.762210,8.425452,0.001990,0.012503,-0.01608
1.078697,4.810120,8.427847,0.004121,0.007177,-0.01714
1.049951,4.822098,8.427847,0.004121,0.001850,-0.01182
1.037973,4.841261,8.394310,-0.00013,-0.00560,-0.00010
1.071510,4.867612,8.334424,-0.00440,0.001850,0.005223
1.124211,4.826889,8.348796,-0.00440,0.006111,0.005223
1.145770,4.822098,8.360774,-0.00759,0.007177,-0.00223
1.160143,4.783770,8.427847,0.000925,0.000785,-0.00969
1.129002,4.757420,8.492526,0.007317,-0.00241,-0.00969
1.109838,4.764606,8.475757,0.010512,0.003981,-0.01288
1.100256,4.776584,8.396706,0.011578,0.018895,-0.01182
1.059533,4.802934,8.353588,0.011578,0.023156,-0.00969
1.035578,4.817306,8.379938,0.010512,0.014634,0.003092
0.978086,4.846052,8.435034,0.009447,0.000785,0.010549
1.033182,4.814911,8.403893,0.008382,-0.00241,0.010549
1.069115,4.798143,8.391916,0.000925,-0.00134,0.003092
1.117024,4.798143,8.303282,-0.01398,-0.00241,-0.00329
1.105047,4.802934,8.332029,-0.01824,-0.00134,-0.00436
1.117024,4.812516,8.351192,-0.01931,0.003981,-0.00862
1.124211,4.802934,8.377543,-0.01718,0.005046,-0.01182
1.124211,4.798143,8.442220,-0.01292,0.003981,-0.01288
1.102651,4.800538,8.470966,0.001990,0.007177,-0.01288
1.071510,4.822098,8.506898,0.019034,0.011438,-0.00862
1.047555,4.822098,8.458989,0.020100,0.011438,-0.00649
1.059533,4.802934,8.377543,0.009447,0.005046,-0.00756
1.093069,4.805329,8.322446,-0.00546,0.001850,-0.01288
1.085883,4.807724,8.367960,-0.00653,0.002916,-0.01395
1.066719,4.819702,8.406289,0.001990,0.006111,-0.01075
1.047555,4.819702,8.423057,0.001990,0.006111,-0.01075
1.057137,4.795747,8.382333,-0.00227,0.001850,-0.01075
1.054742,4.776584,8.360774,-0.00972,-0.00134,-0.01075
1.066719,4.776584,8.327238,-0.01931,-0.00241,-0.01395
1.090674,4.790956,8.348796,-0.01718,0.000785,-0.01714
1.037973,4.817306,8.437430,-0.01292,-0.00027,-0.01182
1.002041,4.810120,8.490130,0.005186,-0.00241,-0.00542
1.030787,4.822098,8.478153,0.015839,0.008242,-0.00436
1.037973,4.819702,8.379938,0.011578,0.007177,-0.00542
1.045160,4.805329,8.320051,-0.01185,-0.00027,-0.00436
1.045160,4.812516,8.315260,-0.01718,0.001850,0.000962
1.025996,4.807724,8.403893,-0.00866,0.002916,0.004157
1.049951,4.795747,8.492526,-0.00227,0.003981,0.003092
1.066719,4.795747,8.504503,0.009447,0.005046,0.002027
1.064324,4.776584,8.418266,0.004121,-0.00027,0.000962
1.085883,4.807724,8.384729,0.001990,-0.00027,0.000962
1.083487,4.793352,8.391916,0.003055,0.010373,-0.00329
1.109838,4.805329,8.365565,-0.00120,0.008242,-0.00969
1.071510,4.790956,8.399102,-0.00013,0.006111,-0.01075
1.057137,4.802934,8.415870,-0.00440,0.000785,-0.00756
1.040369,4.814911,8.415870,0.001990,0.001850,-0.00223
1.023601,4.800538,8.420661,0.005186,0.008242,-0.00116
1.040369,4.805329,8.406289,0.005186,0.008242,-0.00436
1.014019,4.790956,8.430243,0.006251,0.006111,-0.00329
1.040369,4.786165,8.420661,0.007317,0.003981,-0.00542
1.047555,4.802934,8.399102,0.004121,0.003981,-0.00649
1.059533,4.812516,8.363169,-0.00440,0.007177,-0.00542
1.069115,4.834075,8.317655,-0.02037,0.013568,-0.00542
1.102651,4.824493,8.286515,-0.02783,0.013568,-0.00862
1.109838,4.800538,8.320051,-0.03635,0.008242,-0.01608
1.100256,4.774188,8.435034,-0.03209,0.008242,-0.01821
1.035578,4.762210,8.538040,-0.01292,0.008242,-0.01927
1.018810,4.764606,8.516480,0.008382,0.006111,-0.01182
0.949341,4.783770,8.561994,0.026491,0.007177,-0.00223
0.963714,4.793352,8.451803,0.025426,0.008242,-0.00010
0.975691,4.800538,8.415870,0.020100,0.005046,0.005223
0.997250,4.802934,8.355983,0.003055,0.000785,0.010549
1.011623,4.819702,8.303282,-0.00759,-0.00027,0.009484
1.035578,4.812516,8.286515,-0.01931,0.000785,0.006288
1.049951,4.798143,8.387125,-0.01292,-0.00134,0.008418
1.037973,4.795747,8.518876,-0.00653,-0.00667,0.011614
1.049951,4.783770,8.552412,0.024361,0.008242,0.003092
1.093069,4.778979,8.499711,0.031818,0.021025,-0.00542
1.100256,4.798143,8.346402,0.023295,0.017829,-0.00862
1.088279,4.793352,8.293701,-0.00013,0.015699,-0.01182
1.066719,4.822098,8.305678,-0.00866,0.016764,-0.01075
1.009228,4.824493,8.413475,-0.00653,0.014634,-0.00862
0.982877,4.829284,8.487734,0.012643,0.012503,-0.00223
0.963714,4.822098,8.514084,0.020100,0.011438,0.000962
1.011623,4.798143,8.379938,0.014773,0.010373,-0.00116
1.035578,4.795747,8.332029,-0.00227,0.005046,-0.00436
1.047555,4.800538,8.312865,-0.01185,0.009307,-0.00756
1.023601,4.810120,8.375147,-0.00972,0.010373,-0.00649
0.994855,4.810120,8.442220,-0.00227,0.008242,-0.00436
0.994855,4.795747,8.470966,0.006251,0.001850,-0.00542
1.006832,4.790956,8.449407,0.008382,0.002916,-0.00649
0.999646,4.798143,8.408683,0.007317,-0.00027,-0.00116
0.987668,4.829284,8.420661,0.007317,-0.00347,-0.00116
0.997250,4.824493,8.415870,0.007317,-0.00134,-0.00329
1.002041,4.812516,8.418266,-0.00120,-0.00134,-0.00329
1.023601,4.810120,8.387125,-0.00759,-0.00347,-0.00329
1.018810,4.824493,8.346402,-0.00653,-0.00027,-0.00223
1.009228,4.822098,8.399102,-0.00120,-0.00134,-0.00010
1.002041,4.817306,8.423057,0.007317,-0.00241,0.002027
0.990064,4.819702,8.454197,0.009447,-0.00134,0.000962
1.023601,4.810120,8.442220,0.003055,-0.00241,-0.00329
1.033182,4.814911,8.406289,-0.00013,-0.00241,-0.00756
1.057137,4.805329,8.365565,-0.00440,-0.00134,-0.00969
1.052346,4.805329,8.370356,-0.00972,0.000785,-0.01182
1.059533,4.822098,8.355983,-0.01185,0.006111,-0.01714
1.042764,4.810120,8.379938,-0.01079,0.009307,-0.01714
1.045160,4.800538,8.399102,-0.00972,0.003981,-0.01395
0.994855,4.805329,8.415870,-0.00013,0.002916,-0.00862
0.970900,4.810120,8.451803,0.005186,0.000785,-0.00756
0.968505,4.807724,8.463780,0.012643,0.000785,-0.00756
0.975691,4.800538,8.463780,0.016904,0.001850,-0.00649
0.980482,4.800538,8.458989,0.015839,-0.00347,-0.00542
0.951736,4.814911,8.408683,0.020100,-0.00134,-0.00223
0.968505,4.826889,8.401497,0.016904,0.003981,-0.00329
1.016414,4.841261,8.375147,0.005186,0.006111,-0.00649
1.042764,4.850843,8.320051,-0.00440,0.005046,-0.00756
1.047555,4.843657,8.329633,-0.01398,-0.00134,-0.01714
1.054742,4.812516,8.346402,-0.01079,-0.00134,-0.01927
1.071510,4.798143,8.355983,0.000925,0.005046,-0.02247
1.052346,4.781374,8.432639,0.009447,0.007177,-0.02034
1.047555,4.778979,8.456593,0.015839,0.016764,-0.00862
0.990064,4.814911,8.482944,0.003055,0.017829,-0.00329
0.927781,4.819702,8.458989,-0.01079,0.007177,-0.00223
0.937363,4.836471,8.355983,-0.01292,0.003981,-0.00223
0.949341,4.824493,8.312865,-0.01398,-0.00347,0.000962
0.946945,4.826889,8.377543,-0.00440,-0.01306,0.004157
0.949341,4.831679,8.391916,0.006251,-0.01306,0.005223
0.951736,4.834075,8.435034,0.017969,-0.01199,0.000962
0.978086,4.829284,8.523667,0.015839,-0.00667,-0.00436
1.002041,4.834075,8.523667,0.003055,0.008242,-0.01501
1.052346,4.805329,8.391916,-0.01079,0.016764,-0.02034
1.083487,4.800538,8.315260,-0.00546,0.017829,-0.01927
1.073906,4.790956,8.269746,0.016904,0.012503,-0.00862
1.016414,4.822098,8.396706,0.027557,0.006111,-0.00756
0.961318,4.826889,8.487734,0.023295,0.006111,-0.01075
0.925386,4.834075,8.545226,0.010512,0.006111,-0.01501
