upDown
0.074991,5.162255,8.444616,0.060373,0.042001,0.074711
-0.04238,5.226933,8.329633,0.118963,0.152788,-0.00731
-0.50471,5.377849,8.159554,0.105114,0.141070,-0.03714
-0.73468,5.471272,8.159554,0.067830,0.079285,-0.05205
-0.85205,5.500018,8.094876,0.029481,-0.00167,-0.04672
-0.44722,5.385035,7.984684,0.001784,-0.07517,-0.02542
-0.27714,5.298798,7.994266,-0.00567,-0.09967,0.004404
-0.16934,5.241306,7.963125,0.030546,-0.00806,0.041688
-0.13341,5.255679,7.931983,0.055047,0.056915,0.035296
-0.50231,5.430549,7.967916,0.065700,0.097395,0.015056
-0.76103,5.540741,8.030198,0.053982,0.096329,-0.01690
-0.87361,5.581464,8.061339,0.002849,0.021761,-0.06909
-0.84726,5.595837,8.034989,-0.00993,-0.01126,-0.06270
-0.78019,5.576673,7.975102,-0.00673,-0.02191,-0.03714
-0.62688,5.497622,7.800232,0.006045,-0.01232,-0.00944
-0.67000,5.516787,7.826582,0.025220,0.017500,0.016122
-0.77061,5.521577,7.852933,0.044394,0.093134,0.039557
-0.75384,5.545532,7.800232,0.038003,0.109112,0.042753
-0.43045,5.353894,8.382333,0.027350,0.105917,0.051275
-0.60053,5.459295,8.288909,-0.02058,0.065437,0.076842
-0.58616,5.509600,8.123621,-0.05147,0.017500,0.037427
-0.62927,5.538346,8.123621,-0.01312,-0.00700,0.003338
-0.70832,5.581464,8.365565,-0.03869,-0.03043,-0.00731
-0.72030,5.538346,8.394310,-0.06745,-0.03576,-0.01264
-0.67239,5.543137,8.312865,-0.06852,-0.02724,-0.00944
-0.60771,5.547927,8.272142,-0.05467,-0.01552,0.000143
-0.51190,5.533555,8.085294,-0.01632,-0.01658,0.021448
-0.49752,5.478459,8.075712,0.004980,-0.03789,0.027839
-0.51908,5.464086,8.126017,0.014567,-0.03363,0.031035
-0.52148,5.454504,8.130808,0.009241,-0.02617,0.028905
-0.48555,5.452108,7.951148,-0.02804,-0.04854,0.016122
-0.48315,5.442526,7.872097,-0.03336,-0.05813,0.011861
-0.49273,5.444922,7.860119,-0.00993,-0.04108,0.007599
-0.50471,5.444922,8.159554,0.012436,0.010043,0.001208
-0.47117,5.437736,8.300888,0.006045,0.031348,-0.00411
-0.38254,5.373058,8.344006,-0.05467,0.015369,-0.01583
-0.26516,5.284425,8.094876,-0.12285,-0.04641,-0.02861
-0.24839,5.258075,7.941565,-0.13883,-0.07198,-0.03074
-0.16455,5.241306,7.644526,-0.15907,-0.13483,-0.03927
-0.08790,5.210165,7.273227,-0.19422,-0.21366,-0.04992
-0.12143,5.229329,7.179803,-0.21872,-0.24668,-0.05525
-0.08550,5.114346,7.297182,-0.27624,-0.27970,-0.06590
-0.46399,5.023318,7.910424,-0.40301,-0.34255,-0.10425
-0.76821,4.987386,8.224232,-0.49462,-0.40753,-0.12875
-0.94069,4.874798,8.636254,-0.64376,-0.48317,-0.16390
-0.50950,4.764606,9.184819,-0.62672,-0.40327,-0.15964
-0.46638,4.707115,9.347711,-0.54789,-0.27864,-0.11277
-0.43524,4.788561,9.580073,-0.32631,0.014304,0.038492
-0.61969,4.750233,9.539350,-0.14415,0.250793,0.109865
-0.63886,5.016131,9.623191,-0.07917,0.262510,0.109865
-0.54304,5.032900,9.436344,-0.03656,0.157049,0.092821
0.180392,4.999363,8.851847,-0.05360,-0.08796,0.076842
0.688234,4.762210,8.214650,-0.06639,-0.17637,0.081103
0.791239,4.625669,8.171531,0.001784,-0.19342,0.141823
0.980482,4.251974,8.605113,0.114702,-0.01978,0.213195
1.066719,4.036380,8.679373,0.149855,0.085677,0.223848
1.435623,3.631545,8.478153,0.126420,0.220965,0.205739
2.065634,3.284200,8.880593,0.038003,0.208182,0.173781
2.480051,2.960811,9.201587,-0.09408,0.085677,0.149280
2.968729,2.611071,10.40172,-0.19635,0.068632,0.145018
2.202176,2.618257,11.11557,-0.40727,0.247597,0.083233
0.666674,2.994347,11.40782,-0.49036,0.369037,0.005469
0.146855,3.317737,11.16348,-0.50954,0.573567,-0.29813
-0.49752,4.065126,10.11426,-0.36253,0.457454,-0.66458
-0.79696,4.692742,9.215960,-0.16120,-0.06132,-0.85100
-0.96225,4.927499,8.964435,-0.05041,-0.29994,-0.87763
-1.36948,5.339521,8.729678,0.146660,-0.56093,-0.83289
-1.95876,5.442526,8.463780,0.271295,-0.46399,-0.73808
-2.37079,5.545532,8.430243,0.312841,-0.38410,-0.70612
-2.42109,5.729984,8.008639,0.388474,-0.24455,-0.66351
-1.88690,5.638956,7.675667,0.434281,-0.20087,-0.61238
-1.73119,5.574278,7.618176,0.436411,-0.26372,-0.55805
-1.57788,5.555114,7.416955,0.412976,-0.42032,-0.38974
-1.69526,5.605419,7.311554,0.363973,-0.50234,-0.31304
-1.74796,5.626978,7.198967,0.350125,-0.50660,-0.30878
-1.70005,5.660515,7.175012,0.319232,-0.48743,-0.31517
-1.54435,5.617396,7.285204,0.288340,-0.47571,-0.30345
-1.25928,5.550323,7.381023,0.197792,-0.44908,-0.22356
-1.18742,5.485645,7.565475,0.146660,-0.38729,-0.14047
-1.11556,5.416176,7.599012,0.124289,-0.31166,-0.09679
-1.04609,5.416176,7.570266,0.121093,-0.29036,-0.08827
-1.22575,5.456899,7.591825,0.120028,-0.26266,-0.07229
-1.36708,5.550323,7.836164,0.075287,-0.24561,-0.06590
-1.05806,5.432945,8.142786,0.048655,-0.22324,-0.05844
-0.78977,5.301193,8.207464,-0.01099,-0.17318,0.005469
-0.55262,5.121532,8.370356,-0.01099,-0.12417,0.067254
-0.34182,5.059250,8.454197,0.008175,-0.09648,0.083233
-0.23881,5.068832,8.413475,0.048655,-0.05174,0.081103
-0.07352,5.162255,8.221837,0.102984,-0.03043,0.064058
-0.16934,5.260470,8.011034,0.117898,-0.03789,0.051275
-0.22204,5.289216,8.001452,0.117898,-0.06132,0.012926
-0.18851,5.327544,8.034989,0.095527,-0.06132,-0.01050
-0.26756,5.373058,8.181114,0.075287,-0.06132,-0.00518
-0.30109,5.363476,8.308073,0.024154,-0.08902,0.009730
-0.06634,5.210165,8.566785,-0.02058,-0.14548,0.027839
-0.27235,6.060560,5.495782,-0.02165,-0.15613,0.048080
-0.12862,4.905939,7.460074,0.040133,-0.14655,0.080037
-0.15976,5.231724,8.355983,0.140268,0.362645,0.100277
-0.73947,5.258075,8.037384,0.104049,0.250793,0.082168
-0.61490,5.253283,7.754718,0.032676,0.067567,0.078972
0.101341,5.128719,7.637340,-0.05041,-0.25414,0.083233
0.283398,5.080809,7.922401,-0.12072,-0.35321,0.121583
0.434313,4.937080,8.516480,-0.23789,-0.34788,0.137562
0.300166,4.996967,8.413475,-0.25068,-0.27118,0.125844
0.142064,5.131114,7.886469,-0.14735,-0.09328,0.082168
0.010313,5.191001,7.718786,0.014567,0.032413,0.049145
0.252256,5.090391,7.728368,0.052916,0.059045,0.056602
0.726561,4.958640,8.063735,-0.03656,0.017500,0.102408
0.606787,4.929894,8.154763,-0.08343,0.012173,0.121583
0.482222,4.956244,8.061339,-0.12817,0.028152,0.088560
0.034268,5.044877,7.728368,-0.11219,0.033479,0.012926
-0.42326,5.085600,7.476842,-0.10154,0.021761,-0.01370
-0.35379,5.037691,7.570266,-0.09089,0.046262,-0.02542
0.463059,4.678369,8.094876,-0.11006,0.130418,0.043818
0.803216,4.560990,8.348796,-0.13989,0.174094,0.106669
0.829567,4.656809,8.547621,-0.20168,0.202856,0.151410
0.039059,5.035295,8.430243,-0.20700,0.196464,0.113061
-0.72270,5.670097,8.399102,-0.19635,0.151723,-0.02116
-0.97422,5.991091,8.585949,-0.21233,0.086742,-0.09040
-1.34073,6.633080,9.465089,-0.27944,0.039870,-0.04779
-1.55632,6.982819,10.37058,-0.32525,0.012173,-0.00518
-1.56591,7.198412,10.70594,-0.37851,-0.00806,0.072581
-2.21987,7.761350,11.73839,-0.31459,0.013239,0.137562
-2.60794,8.055994,12.53609,-0.27518,0.040936,0.149280
-2.70615,8.199723,13.46074,-0.20381,0.122961,0.170585
-2.55045,8.034434,14.36623,-0.15374,0.144266,0.221717
-2.02344,7.284649,15.77478,-0.07171,0.173028,0.300547
-1.88450,6.613915,15.74603,0.071026,0.225226,0.376181
-1.83660,6.350413,15.23100,0.538677,0.358384,0.475250
-1.65214,5.811430,13.44877,1.124572,0.389277,0.517861
-0.98141,4.970617,11.33835,1.377039,0.341340,0.560471
-0.52866,4.589736,10.44005,1.721119,0.152788,0.689368
0.391194,3.875884,8.832683,1.790361,-0.12631,0.836375
1.205657,3.384810,7.352278,1.739229,-0.32551,0.889638
1.442809,3.279409,6.573747,1.580504,-0.77186,0.934379
1.737453,3.118912,4.595082,1.478239,-1.08824,0.912008
1.862018,3.123703,2.458315,1.480370,-1.14150,0.899225
2.000956,3.140472,1.548033,1.481435,-1.10422,0.870463
2.571079,3.049443,-0.13119,1.334429,-1.03391,0.869398
2.978311,3.085376,-1.16604,1.187422,-0.99876,0.867267
2.987893,3.030280,-1.07741,0.832689,-0.92845,0.837440
2.616594,3.051839,-0.76599,0.258512,-0.80488,0.707478
2.281227,2.975184,-0.97919,0.022024,-0.73138,0.640366
2.197385,2.953624,-0.90733,-0.30181,-0.50554,0.537036
2.401000,2.742822,-0.89535,-0.63630,-0.41499,0.489099
2.568684,2.579930,-0.52645,-0.80781,-0.37132,0.491229
2.585453,2.436201,-0.67497,-1.08691,-0.20727,0.494425
2.286018,2.160721,-0.88577,-1.26694,0.109112,0.462467
1.919510,1.808585,-0.37074,-1.34683,0.314708,0.432640
1.859623,1.506755,0.412576,-1.63339,0.709921,0.338896
1.703916,1.010891,1.912146,-2.13619,0.888885,0.259002
0.750516,0.692292,3.117072,-2.38653,0.946410,0.217456
0.103737,0.630010,3.644077,-2.70078,1.193551,0.075776
-1.57309,0.385671,5.186765,-2.79559,1.640962,-0.10212
-2.58398,0.009581,7.151058,-2.86590,1.826317,-0.16177
-2.09770,-0.90309,8.985994,-3.12263,1.959475,-0.17882
-2.01147,-1.42770,9.735779,-3.35273,1.832709,-0.01157
-2.91217,-1.87805,11.75037,-3.34740,1.852949,0.134366
-3.65716,-2.03136,12.74689,-3.24620,2.042566,0.136496
-4.33029,-2.41464,14.00691,-2.97775,2.475063,0.081103
-4.36143,-3.01111,16.08619,-2.84353,2.575197,0.084298
-3.87515,-3.12130,18.83859,-2.73700,2.447366,0.159932
-3.59488,-2.97039,19.69138,-2.74233,2.157614,0.224913
-3.32898,-2.86978,19.01107,-2.63474,2.053218,0.253675
-3.42719,-2.45536,19.10449,-2.12235,1.899821,0.224913
-3.79610,-2.12958,19.62431,-1.72607,1.532305,0.088560
-3.22597,-1.62413,21.04483,-1.76442,0.865450,-0.03714
-2.33965,-1.43489,21.36582,-1.78572,0.496868,-0.04353
-1.07962,-0.92225,20.64239,-1.53539,-0.05174,0.096016
-1.14909,-0.29224,19.19791,-0.83870,-0.14122,0.114126
-1.57788,0.014372,18.57748,-0.44349,-0.06772,0.054471
-2.51212,0.421603,18.36429,0.210575,0.081416,-0.08827
-2.79718,0.055095,19.33206,0.400192,0.093134,-0.13088
-2.73490,-0.28027,19.89500,0.582352,0.006847,-0.11277
-2.46421,-0.74978,20.30463,0.764513,-0.11778,-0.01903
-2.33006,-1.16899,20.48668,0.918976,-0.18809,0.027839
-2.50014,-1.80379,20.12017,1.354668,-0.39901,0.038492
-3.02475,-2.23258,18.72121,1.888366,-0.69090,0.001208
-3.07745,-2.34517,17.82530,2.394366,-1.06800,0.032101
-2.18634,-2.61346,15.59272,2.631920,-1.23098,0.087494
-1.49165,-2.98237,12.32529,3.113419,-1.46108,0.167389
-0.98860,-2.86259,9.551327,3.343516,-1.50050,0.159932
-1.09879,-2.50087,8.878197,3.520349,-1.46108,0.127974
-1.36948,-1.70558,8.334424,3.526741,-1.28318,0.041688
-1.41260,-1.41812,7.984684,3.410627,-1.26614,-0.01583
-1.39343,-0.93184,7.021702,3.092113,-1.52713,-0.04459
-1.15149,-0.79769,6.022787,2.961086,-1.75083,-0.06164
-0.99099,-0.21319,4.065681,2.871604,-2.07787,-0.04885
-0.60053,0.601264,1.969637,2.881191,-2.09704,-0.06164
-0.24121,1.437286,0.393412,2.886518,-1.99584,-0.06909
-0.10466,1.837331,-0.25097,2.791709,-1.64857,-0.03607
0.180392,2.627839,-1.12292,2.529654,-1.33325,-0.03714
0.168415,3.296178,-1.64753,2.342168,-1.19263,-0.02222
0.257047,3.583635,-1.68107,1.892627,-0.96999,-0.00944
0.386403,3.907025,-1.30019,1.390887,-0.75907,0.029970
0.642719,4.055544,-1.32414,1.125637,-0.66213,0.052341
0.812798,3.959725,-1.51578,0.662247,-0.49169,0.088560
0.913408,3.839951,-1.42715,0.275557,-0.34362,0.117322
0.875081,3.629149,-1.16843,0.051851,-0.27757,0.111995
0.618765,3.473443,-0.85463,-0.44456,-0.15613,0.085364
0.223511,3.047048,-0.07849,-0.94523,0.001521,0.055536
0.369635,2.536811,1.440237,-1.21368,0.061176,0.049145
0.235488,2.321218,2.218767,-1.77827,0.152788,0.105604
-0.27714,2.060111,3.682404,-2.23953,0.274228,0.130105
-1.35031,1.710371,4.063285,-2.37375,0.388211,0.118387
-1.80306,1.446868,4.039331,-2.47282,0.628961,0.091755
-1.77431,0.503050,4.631014,-2.47175,0.905930,0.143953
-0.99099,-0.50784,6.293476,-2.51117,1.059328,0.230240
-0.48075,-0.86716,7.007329,-2.72209,1.307534,0.429444
-0.59095,-1.84930,6.796527,-2.84459,1.350144,0.541297
-0.71312,-2.59430,6.691125,-2.80518,1.356536,0.534905
-1.34792,-2.73084,6.969001,-2.63900,1.590894,0.442227
-2.96966,-2.96799,8.281723,-2.68267,1.891298,0.335701
-4.11949,-3.48542,10.88321,-2.77535,2.032978,0.225979
-4.21051,-3.86869,12.20791,-3.04593,2.120330,0.119452
-3.80807,-4.17052,14.58662,-3.25898,1.965867,0.182303
-4.38059,-4.26634,16.10535,-3.23555,1.940301,0.261132
-4.30154,-4.02200,18.14151,-2.92023,1.957345,0.309069
-4.07158,-3.87109,18.74038,-2.54419,1.998890,0.276046
-3.52541,-3.65550,19.00867,-2.27148,1.654810,0.328244
-3.27867,-3.16682,19.97644,-2.10743,1.385298,0.327179
-3.07506,-2.79073,20.75498,-1.86668,0.835622,0.311200
-2.73011,-2.11760,21.16939,-1.67387,0.339209,0.250480
-2.44505,-1.90919,21.13825,-1.48319,0.161310,0.237696
-1.97314,-1.45405,21.30833,-0.92819,-0.02724,0.205739
-2.19592,-1.59059,20.86756,-0.66507,-0.11885,0.181237
-2.55524,-1.83493,20.56573,-0.11752,-0.30101,0.085364
-3.17567,-2.22779,20.42919,0.488609,-0.34468,-0.01264
-3.03673,-2.49848,21.43769,0.751729,-0.30847,-0.03288
-2.84749,-3.00153,21.16460,1.130963,-0.35321,-0.00411
-2.95528,-3.20275,20.28786,1.453738,-0.71327,0.038492
-3.63081,-3.30815,17.50910,1.993827,-1.26507,-0.01370
-3.66914,-3.41595,16.26585,2.285709,-1.49730,-0.04779
-3.38647,-3.47823,15.29089,2.724597,-1.85523,-0.02861
-2.73969,-3.57405,14.65369,2.932324,-2.02887,0.089625
-1.53237,-3.74652,13.42242,3.028198,-2.03845,0.129040
-0.97422,-3.66268,11.62102,3.317949,-1.99797,0.061928
-1.09400,-3.43751,10.66522,3.595983,-1.90210,-0.10105
-1.50841,-2.80271,8.279328,3.705705,-1.86801,-0.17882
-1.53237,-1.90201,6.556979,3.822884,-1.79238,-0.23314
-1.26647,-1.62413,5.704188,3.856973,-1.58998,-0.13621
-0.43284,-1.13785,3.711150,3.898518,-1.46215,-0.06377
0.654697,-0.63240,1.274948,3.916627,-1.20435,0.060863
1.030787,-0.09581,0.436531,3.691857,-0.94336,0.073646
1.066719,0.847999,-0.52645,3.461760,-0.83790,0.034231
0.946945,1.743908,-0.70371,2.865212,-0.70900,-0.07229
0.824776,2.055320,-0.81869,2.240968,-0.70048,-0.11170
0.678652,2.721263,-0.71569,1.945890,-0.67918,-0.11170
0.800821,3.027884,-0.50968,1.416454,-0.62378,-0.05098
1.033182,3.111726,-0.46177,0.978631,-0.50980,0.013991
1.265544,3.114121,-0.50968,0.809254,-0.42991,0.027839
1.299081,3.037466,-0.85942,0.521632,-0.20513,0.008665
1.373340,3.003929,-1.03668,0.210575,-0.03043,0.003338
1.188889,2.970393,-1.11094,0.029481,0.045197,-0.00305
0.966109,2.656585,-1.69544,-0.33483,0.247597,0.015056
0.867894,2.455365,-1.68346,-0.81527,0.514978,0.057667
0.716979,1.937941,0.230520,-1.14763,0.683290,0.085364
0.846335,1.190552,2.520597,-1.77187,0.960258,0.138627
1.241589,0.804880,3.181749,-2.09998,1.060393,0.188694
1.713498,0.251524,3.507534,-2.15430,1.096612,0.162063
0.376821,0.100609,3.569817,-2.22887,1.258532,-0.05205
-0.36338,0.237152,4.111195,-2.47495,1.448149,-0.34287
-1.37666,0.433581,5.534110,-2.66243,1.411930,-0.41637
-2.59836,0.275479,6.168911,-2.92023,1.296881,-0.46750
-2.50014,0.172474,6.451578,-2.98947,1.385298,-0.37589
-2.58638,-0.44076,7.534334,-3.01610,1.476911,-0.30984
-2.48098,-0.56054,8.954853,-3.13009,1.782642,-0.29706
-2.79000,-0.47670,10.45442,-3.17057,1.842296,-0.35245
-3.25711,-0.47430,11.42938,-3.13222,1.794359,-0.43235
-4.04044,-0.42879,11.32877,-3.00758,1.689964,-0.47709
-4.85969,-1.06838,11.05329,-2.69013,1.542957,-0.45898
-4.50516,-1.39177,11.70965,-2.73487,1.546153,-0.29280
-3.96857,-1.74869,14.74472,-2.84673,1.544023,-0.22782
-4.67284,-1.74869,17.23362,-2.93514,1.433235,-0.27362
-5.52324,-1.64569,17.95945,-2.72742,1.260662,-0.35032
-5.72446,-1.34865,20.36212,-2.62409,1.030565,-0.30452
-5.04654,-1.32949,21.68682,-2.36310,0.623635,-0.04672
-4.39497,-1.14024,22.33359,-1.83366,0.439344,0.215326
-3.28586,-0.80967,23.90263,-1.58013,0.361580,0.293090
-2.73490,-0.89351,24.88478,-0.97399,0.195399,0.334635
-2.29413,-0.83841,25.10037,-0.32631,-0.17211,0.288829
-1.71443,-1.16659,24.61409,0.012436,-0.41073,0.254741
-1.81025,-1.30793,23.37323,0.764513,-0.69409,0.138627
-2.04500,-1.41572,22.55637,1.504871,-0.85814,0.025709
-2.29653,-1.62413,21.62932,1.820189,-0.94975,-0.00305
-2.55763,-1.74869,20.79570,2.090766,-1.04243,-0.01477
-2.85946,-2.15113,19.45902,2.332581,-1.14044,0.001208
-2.47858,-2.78833,18.13432,2.757621,-1.30129,0.071515
-2.33006,-3.09735,17.00126,3.187987,-1.53884,0.124778
-2.44026,-3.19077,14.63932,3.389322,-1.63365,0.116256
-2.69657,-3.01590,12.03304,3.684400,-1.78279,0.088560
-2.33725,-2.93446,10.96465,3.856973,-1.85310,0.143953
-1.49165,-2.63263,9.103372,3.850581,-1.92447,0.181237
-1.55632,-1.95710,6.916301,3.802644,-2.13220,0.133301
-1.63777,-1.60017,5.720957,3.750446,-2.10983,0.058732
-1.36469,-0.85039,3.572212,3.719554,-2.00969,0.061928
-0.86882,-0.47430,2.887105,3.542720,-1.55802,0.147149
-0.30588,0.313807,2.249908,3.239120,-1.11380,0.184433
-0.60292,1.085151,2.027129,3.072939,-0.93164,0.178042
-0.41129,1.573829,1.308485,2.712880,-0.81234,0.195086
-0.18132,1.890032,0.941977,2.264404,-1.00302,0.254741
0.405567,2.390687,0.529955,2.024719,-1.10422,0.269654
0.417544,2.891342,0.232915,1.629507,-1.09143,0.255806
0.573251,3.090167,0.120328,1.366386,-0.81020,0.238762
1.025996,3.279409,0.048463,1.236424,-0.65894,0.244088
1.600911,3.475839,-0.19587,0.972239,-0.41393,0.224913
1.670380,3.662686,-0.19108,0.676096,-0.17744,0.159932
1.725476,3.995657,0.455695,0.500327,-0.05813,0.113061
1.531442,4.448403,1.313276,0.157312,0.138940,0.039557
1.682357,4.515476,1.361186,-0.05360,0.346666,0.016122
2.264458,4.671183,1.940891,-0.14096,0.488346,0.019317
1.986583,4.838866,2.784100,-0.39555,0.660919,-0.06377
1.766199,4.917917,3.105094,-0.64376,0.667311,-0.21290
1.145770,5.322752,3.713546,-0.76946,0.591677,-0.27256
0.338494,5.638956,3.747082,-0.97825,0.426561,-0.36737
-0.14299,5.900063,3.344642,-0.94843,0.577828,-0.38974
-0.95506,6.127634,2.702654,-0.93245,0.818578,-0.35139
-1.02213,5.868922,3.862065,-1.17000,1.111526,-0.19693
-0.61969,5.562300,5.119692,-1.73885,0.852666,0.016122
1.042764,4.541827,7.769091,-1.93806,0.683290,0.098147
1.924301,4.136991,7.651712,-1.77720,0.664115,0.104538
1.342199,4.105849,5.998832,-1.02086,1.181833,-0.16390
-1.03890,4.280719,2.961365,-0.76094,1.480107,-0.32369
-2.48817,4.024403,4.863376,-1.15189,1.572785,-0.44194
-2.05458,3.480630,7.148662,-2.09358,1.251075,-0.21184
-1.48925,2.103229,9.678287,-2.29918,1.159462,-0.09360
-1.96356,2.160721,9.637564,-1.71115,1.307534,-0.11384
-2.74209,2.163116,11.90847,-1.87521,1.093416,-0.11490
-2.21269,2.024178,14.28958,-2.08826,0.829231,0.043818
-1.84378,2.045738,14.40935,-1.59504,1.110460,0.256871
-1.98751,2.091252,13.33857,-1.24670,1.316056,0.308004
-1.54435,2.151139,14.10992,-1.05069,1.334166,0.360202
-0.98620,1.966687,15.18309,-1.43738,0.643875,0.414530
0.168415,1.837331,17.25758,-1.57906,0.287011,0.414530
0.142064,2.270913,17.57857,-1.42992,-0.14122,0.303743
0.086968,2.455365,17.07792,-0.84296,-0.14868,0.160997
0.395985,2.752404,15.66458,-0.53830,-0.07304,0.120517
0.654697,2.941647,14.90043,-0.12711,0.006847,0.033166
0.573251,3.094958,14.67046,0.083809,-0.04961,-0.11810
-0.04238,3.329715,14.22730,0.177552,-0.10393,-0.20012
-0.32026,3.403974,13.32420,0.416171,-0.20087,-0.30878
-0.48794,3.459070,12.78282,0.678226,-0.21685,-0.37163
-0.65323,3.497398,12.28456,0.783687,-0.17211,-0.38867
-0.90715,3.483025,11.42219,0.924302,-0.11139,-0.38335
-0.92871,3.420742,11.00777,0.961586,-0.11459,-0.36630
-0.89278,3.253059,10.67720,0.967978,-0.13909,-0.35139
-0.80175,3.152449,10.68199,0.953064,-0.16679,-0.33434
-1.02932,3.142867,10.82572,0.899801,-0.29675,-0.31730
-1.20419,3.138076,10.77781,0.911519,-0.44588,-0.31304
-1.11077,3.140472,10.15259,0.956260,-0.50447,-0.28641
-0.65323,3.075794,9.163259,1.065982,-0.55454,-0.20651
-0.45680,3.104539,8.332029,1.104332,-0.55454,-0.17242
-0.62927,3.185986,8.075712,1.004197,-0.59715,-0.20332
-0.70114,3.408765,7.874492,0.907258,-0.64722,-0.21184
-0.69156,3.396788,8.003848,0.699531,-0.73564,-0.20225
-0.71312,3.430325,8.770401,0.615376,-0.76546,-0.19266
-0.37056,3.310551,8.791960,0.587679,-0.80062,-0.16071
0.221115,3.377624,6.966606,0.800732,-0.66107,-0.13940
0.333703,3.547703,6.350968,0.937085,-0.43097,-0.21077
-0.97662,4.014821,6.736639,0.824167,-0.33616,-0.27362
-1.35271,4.290301,7.766695,0.519502,-0.36599,-0.31624
-0.95745,4.230414,7.977498,0.400192,-0.39901,-0.17456
-0.18372,3.964516,8.293701,0.424693,-0.36066,-0.11703
-0.06155,4.048358,7.785859,0.490740,-0.30527,-0.13088
-0.19569,4.261556,7.364255,0.538677,-0.24242,-0.21823
-0.43524,4.503499,7.397792,0.509915,-0.19235,-0.25338
-0.62209,4.719092,7.649317,0.393801,-0.07943,-0.28428
-0.74426,4.848448,7.519961,0.367169,0.031348,-0.24699
-0.84247,4.977804,7.371441,0.355451,0.064371,-0.22036
-0.77300,4.994572,7.747532,0.254251,0.001521,-0.14366
-0.71312,4.958640,8.090085,0.132811,-0.09967,-0.08827
-0.38973,4.920312,8.286515,0.124289,-0.13270,-0.06377
-0.20288,5.076018,7.955938,0.207380,-0.15294,-0.04459
-0.18132,5.171837,7.761905,0.289405,-0.11246,-0.05418
-0.16695,5.253283,7.409769,0.311775,-0.07624,-0.05844
-0.24839,5.353894,7.230108,0.292601,-0.05600,-0.07016
-0.31786,5.432945,7.215735,0.259578,-0.05067,-0.06803
-0.31307,5.437736,7.306764,0.220163,-0.02830,-0.05418
-0.26516,5.478459,7.596617,0.190335,-0.00273,-0.03501
-0.09029,5.413781,7.685249,0.162639,0.049458,0.000143
0.257047,5.282030,7.860119,0.171161,0.081416,0.009730
0.065409,5.310775,7.654108,0.202053,0.100590,-0.03181
-0.16695,5.471272,7.316346,0.221228,0.073959,-0.08507
-0.42566,5.576673,7.175012,0.173291,0.023891,-0.10318
-0.56460,5.631769,7.237295,0.126420,0.002586,-0.08507
-0.17653,5.413781,7.524752,0.030546,-0.01552,-0.00518
-0.02082,5.341917,7.749927,-0.03763,0.001521,0.048080
0.063014,5.267657,8.087689,-0.05254,-0.00060,0.047014
-0.08550,5.329939,8.058943,-0.04295,-0.03150,0.008665
-0.06155,5.315566,8.049362,-0.01525,-0.04748,-0.00731
-0.11664,5.341917,8.178718,-0.01419,-0.05174,-0.01157
-0.18611,5.382639,8.130808,-0.00673,-0.04748,-0.01370
-0.11185,5.382639,8.094876,0.000719,-0.02404,0.009730
0.113319,5.298798,8.229022,-0.01632,-0.03895,0.019317
0.235488,5.219747,8.176322,-0.03976,-0.08156,0.015056
0.125296,5.255679,8.205068,-0.00780,-0.05280,-0.02435
0.034268,5.325148,8.102063,0.016698,-0.02297,-0.04246
0.022291,5.399408,8.056549,0.044394,0.028152,-0.04672
0.022291,5.430549,8.063735,0.043329,0.044131,-0.05312
0.058223,5.394617,8.286515,0.033742,0.056915,-0.05312
0.046245,5.420967,8.561994,-0.01419,0.033479,-0.05205
0.039059,5.459295,8.499711,-0.02271,-0.06132,-0.06696
0.053432,5.492832,8.166740,0.020959,-0.08796,-0.07549
-0.04238,5.555114,8.157158,0.023089,-0.07943,-0.08081
-0.04238,5.552719,8.243395,-0.01952,-0.07624,-0.08294
-0.04717,5.545532,8.497317,-0.05147,-0.08369,-0.07229
-0.00166,5.507205,8.863824,-0.05467,-0.08796,-0.06696
0.094155,5.447318,8.976412,-0.01206,-0.09648,-0.05312
0.379217,5.382639,8.748842,0.024154,-0.12417,-0.04672
0.685838,5.363476,8.291305,0.078483,-0.20833,-0.06164
1.066719,5.337125,7.953543,0.101919,-0.26585,-0.10318
1.193680,5.334730,7.828978,0.117898,-0.25094,-0.17349
1.430832,5.468877,7.443306,0.140268,-0.21046,-0.21610
1.562583,5.591046,7.153453,0.181813,-0.10820,-0.28747
1.639239,5.751543,6.918696,0.124289,-0.08263,-0.35245
1.756617,5.799453,6.933069,0.062504,-0.08476,-0.38441
1.945860,5.861735,7.460074,0.007110,-0.06559,-0.47816
1.730267,5.995882,7.769091,0.064634,0.024957,-0.58575
1.469160,6.163566,7.788255,0.080613,0.064371,-0.62836
0.693024,6.611520,8.013429,0.061439,0.085677,-0.63794
-0.01124,6.884604,8.298492,-0.04295,0.030283,-0.53248
-0.15736,6.887000,8.502107,-0.12498,-0.03895,-0.44726
-0.00645,6.633080,9.692660,-0.23363,-0.25094,-0.28534
0.592414,6.156379,10.46400,-0.16120,-0.44162,-0.19160
0.817589,5.986300,10.51191,-0.09728,-0.50554,-0.18734
0.990064,5.837780,10.53586,0.009241,-0.59396,-0.19373
1.006832,5.715611,10.52868,0.068895,-0.63018,-0.19693
0.942154,5.533555,10.50233,0.214837,-0.74309,-0.17029
1.253566,5.272448,9.896276,0.371430,-0.91460,-0.14899
1.792549,4.987386,8.229022,0.463043,-1.12552,-0.20864
1.936278,4.927499,7.723577,0.469435,-1.12126,-0.24060
2.096775,4.925103,7.289995,0.482218,-1.08717,-0.27682
2.477656,5.059250,6.370131,0.468369,-1.00408,-0.37589
2.518379,5.152674,5.941341,0.431085,-0.96999,-0.43768
1.895555,5.286820,5.593997,0.351190,-0.87092,-0.50905
0.920595,5.389826,5.371217,0.316037,-0.69409,-0.42063
0.549296,5.440131,5.234674,0.278752,-0.60035,-0.31197
0.367239,5.349103,5.122087,0.042264,-0.55241,-0.02968
1.512278,4.671183,5.766471,-0.32418,-0.70261,0.130105
2.111148,4.340606,6.358154,-0.45627,-0.78464,0.110930
2.820209,3.765691,7.270832,-0.55002,-0.87519,-0.04353
3.028616,3.377624,7.582243,-0.52765,-0.93058,-0.32795
2.532752,3.550098,7.496006,-0.50208,-0.91567,-0.45152
1.538628,3.744132,7.345091,-0.47012,-0.83790,-0.54207
1.478742,3.672268,7.287600,-0.46799,-0.73883,-0.53461
1.730267,3.576449,7.404978,-0.45095,-0.66533,-0.56338
1.823690,3.449488,7.467261,-0.43603,-0.55241,-0.71145
1.313453,3.612381,7.704413,-0.43710,-0.54602,-0.79986
0.987668,3.662686,7.723577,-0.43816,-0.56200,-0.87869
0.460663,3.926189,7.510379,-0.44775,-0.60674,-0.93835
0.115714,4.168132,7.582243,-0.52339,-0.74309,-0.99374
0.149251,4.206459,7.929588,-0.66826,-0.82938,-0.98522
0.336098,4.311861,8.494921,-0.70235,-0.82831,-0.98096
0.113319,4.673578,8.727282,-0.64696,-0.68557,-1.03422
-0.10466,4.956244,8.796751,-0.55534,-0.54069,-1.10666
-0.42326,5.346707,8.933294,-0.51060,-0.48104,-1.11199
-0.04478,5.682075,9.115350,-0.45414,-0.36812,-1.04381
0.144460,5.792266,9.230333,-0.46267,-0.32551,-0.98309
0.355262,5.797057,9.936999,-0.49249,-0.29994,-0.99055
-0.06394,5.974323,10.69876,-0.49462,-0.24135,-1.07790
-0.32265,6.089306,10.74188,-0.31459,-0.17531,-1.19401
-0.70114,6.405509,10.30829,-0.18676,-0.15720,-1.22064
-0.89757,6.616311,9.647146,0.059308,-0.15294,-1.19295
-0.84247,6.673802,9.280638,0.226554,-0.14761,-1.06405
-0.72749,6.676198,8.641045,0.272361,-0.16039,-0.98842
-0.58136,6.467792,8.116436,0.307514,-0.24135,-0.82330
-0.46638,6.268967,7.745136,0.347994,-0.29355,-0.63688
-0.35379,5.794662,6.971396,0.396997,-0.24455,-0.54527
-0.48315,5.243702,6.631238,0.436411,-0.14441,-0.46111
-0.47117,4.920312,6.774967,0.440672,-0.03363,-0.38441
-0.12143,4.184900,7.462470,0.283013,0.134679,-0.25765
0.269025,3.542912,8.092480,0.165834,0.150658,-0.20651
0.281002,3.418347,8.221837,0.003914,0.195399,-0.16071
0.168415,3.466257,8.111644,0.024154,0.301925,-0.23634
0.103737,3.677059,7.692436,0.141333,0.446801,-0.38867
0.822380,5.373058,6.973792,0.163704,0.585285,-0.46857
-1.96835,6.074933,12.23905,-0.14735,1.220182,-0.72530
-3.58290,5.856944,13.65238,-0.43603,1.190355,-0.97670
-1.47967,5.418572,11.54915,-0.10048,1.012456,-0.72317
-0.05915,5.071228,8.245791,0.682487,0.719508,-0.20225
0.211533,4.776584,7.491215,0.760251,0.481955,-0.17562
0.496595,4.843657,7.186990,0.621767,0.336014,-0.22143
0.249861,5.425758,7.393001,0.329885,0.066502,-0.36630
-0.19330,5.765916,7.632549,0.124289,-0.05813,-0.56444
-1.41260,6.168356,7.855328,0.073156,-0.05706,-0.64221
-1.73119,6.324063,7.443306,0.097658,-0.08796,-0.67949
-1.78629,6.652243,7.062425,0.024154,-0.19022,-0.51011
-1.79827,6.484560,6.945046,-0.06213,-0.28077,-0.43768
-1.34313,6.419882,6.940255,-0.24748,-0.49489,-0.27256
-1.18742,6.324063,7.088775,-0.40088,-0.57052,-0.15005
-1.14909,6.050978,7.397792,-0.44669,-0.53963,-0.11703
-1.03890,5.919227,7.622967,-0.45521,-0.40540,-0.07016
-0.98860,5.868922,7.620571,-0.41260,-0.24561,-0.02755
-1.00776,5.868922,7.807419,-0.38277,-0.15187,-0.00944
-1.15149,5.856944,7.915215,-0.31779,0.042001,0.019317
-1.19700,5.832990,7.879283,-0.26027,0.184746,0.086429
-1.00536,5.682075,7.879283,-0.24642,0.227357,0.139692
-0.82331,5.454504,8.034989,-0.29116,0.218835,0.241957
-0.76103,5.399408,8.209859,-0.37318,0.140005,0.289894
-0.64125,5.234120,8.403893,-0.39768,0.106982,0.306939
-0.55741,4.937080,8.015825,-0.39449,0.066502,0.344223
-0.10466,4.937080,8.260164,-0.40408,-0.01339,0.391094
-0.09748,4.826889,8.569181,-0.44775,-0.02404,0.368724
-0.04717,4.814911,8.942875,-0.44562,-0.01126,0.298416
-0.06634,4.838866,8.995576,-0.34229,0.048392,0.245153
-0.27235,4.915521,9.055463,-0.27518,0.075024,0.205739
-0.38973,4.917917,8.777587,-0.16226,0.052653,0.126909
-0.38973,4.917917,8.573972,-0.13669,-0.09541,0.111995
-0.32744,4.860425,8.403893,-0.16652,-0.19661,0.111995
-0.24121,4.781374,8.372752,-0.25494,-0.36705,0.106669
-0.22444,4.795747,8.442220,-0.29648,-0.41286,0.116256
-0.03280,4.675973,8.494921,-0.29009,-0.38303,0.127974
0.051036,4.685555,8.571577,-0.25281,-0.28823,0.154606
0.110923,4.654414,8.590740,-0.20274,-0.16359,0.169520
0.290584,4.541827,8.588345,-0.17717,-0.10820,0.178042
0.304957,4.513081,8.597927,-0.12604,0.026022,0.175911
0.278607,4.446007,8.629068,-0.10367,0.086742,0.155671
0.276211,4.438821,8.631464,-0.08876,0.114439,0.122648
0.146855,4.453194,8.581158,-0.07171,0.148527,0.073646
0.048641,4.505894,8.523667,-0.06000,0.163441,0.045949
-0.17413,4.613691,8.487734,-0.05680,0.160245,-0.00305
-0.28672,4.640041,8.545226,-0.09835,0.124026,-0.01477
-0.41847,4.572968,8.782379,-0.12178,0.102721,-0.00092
-0.30588,4.544222,9.117745,-0.14202,0.056915,0.044884
-0.10706,4.354979,8.981204,-0.09089,0.077155,0.104538
0.034268,4.328629,8.873407,-0.01525,0.087807,0.123713
0.053432,4.374143,8.976412,0.004980,0.094199,0.114126
-0.07113,4.376539,9.021926,0.033742,0.116569,0.072581
-0.22683,4.410075,8.916525,0.053982,0.116569,0.065124
-0.18132,4.446007,8.777587,0.083809,0.040936,0.061928
-0.13820,4.467567,8.736865,0.082744,0.001521,0.067254
0.024686,4.426844,8.523667,0.075287,-0.01765,0.066189
0.156437,4.371747,8.200277,0.074222,-0.06026,0.061928
0.149251,4.515476,8.461384,0.038003,-0.05706,0.042753
0.010313,4.503499,8.528458,0.007110,-0.01126,0.011861
-0.09269,4.575363,8.482944,0.008175,-0.00806,-0.00944
-0.18372,4.680764,8.533248,0.013502,0.006847,-0.01690
-0.40889,4.666391,8.573972,0.001784,0.014304,-0.03714
-0.32744,4.647228,8.528458,-0.01952,-0.01765,-0.01370
-0.28672,4.625669,8.566785,-0.04402,-0.05174,0.021448
-0.27714,4.553804,8.655418,-0.05680,-0.05067,0.037427
-0.16455,4.505894,8.734469,-0.05467,-0.04854,0.058732
-0.09508,4.460380,8.686559,-0.03443,-0.03682,0.075776
0.096550,4.378934,8.667395,-0.03017,-0.03256,0.078972
0.216324,4.311861,8.710514,-0.03869,-0.04321,0.060863
0.240279,4.319047,8.734469,-0.04615,-0.06559,0.036362
0.249861,4.331025,8.784774,-0.04402,-0.06665,0.019317
0.096550,4.417262,8.760819,-0.02697,-0.05174,-0.00305
0.029477,4.481940,8.756028,-0.00673,-0.04108,-0.01370
-0.08790,4.481940,8.763215,-0.00247,-0.02830,-0.01370
-0.07592,4.486731,8.672186,0.020959,0.003651,0.001208
-0.04478,4.498708,8.597927,0.056112,0.040936,0.011861
-0.05915,4.486731,8.581158,0.059308,0.060110,0.013991
-0.04238,4.517872,8.523667,0.056112,0.069698,0.007599
-0.08071,4.529849,8.542831,0.036938,0.059045,0.000143
-0.16216,4.589736,8.564390,0.022024,0.038805,-0.00198
-0.13101,4.560990,8.617091,-0.01739,-0.02511,0.002273
-0.16216,4.505894,8.688955,-0.04615,-0.04428,0.008665
-0.00405,4.465171,8.770401,-0.04402,-0.04215,0.013991
-0.02561,4.462776,8.803937,-0.03336,-0.03469,0.012926
-0.03280,4.453194,8.815915,-0.01099,-0.02937,0.008665
0.017500,4.465171,8.669791,0.003914,-0.03150,0.006534
0.072596,4.441216,8.645836,0.007110,-0.04854,0.017187
0.094155,4.436426,8.619486,0.002849,-0.04961,0.012926
0.058223,4.484335,8.585949,0.009241,-0.03043,0.004404
0.077387,4.469962,8.585949,0.011371,-0.00167,0.002273
0.106132,4.457985,8.645836,0.002849,0.019630,0.000143
0.074991,4.453194,8.676978,-0.00141,0.024957,-0.00731
0.072596,4.465171,8.602718,0.006045,0.029218,-0.01690
0.079782,4.484335,8.576367,0.001784,0.022826,-0.02116
0.029477,4.469962,8.708119,-0.00567,0.022826,-0.02542
-0.08550,4.469962,8.811124,-0.00780,0.024957,-0.03820
-0.09748,4.486731,8.803937,0.025220,0.061176,-0.03714
-0.16216,4.517872,8.770401,0.046525,0.081416,-0.03394
-0.19090,4.537035,8.720096,0.079548,0.110178,-0.02435
-0.18851,4.513081,8.696141,0.095527,0.114439,-0.01157
-0.12143,4.501103,8.478153,0.098723,0.108047,-0.00731
-0.13341,4.525058,8.466176,0.078483,0.079285,-0.00731
-0.16695,4.587341,8.617091,0.029481,0.047327,-0.01477
-0.20048,4.604109,8.684164,0.009241,0.040936,-0.01796
-0.24600,4.628064,8.775192,0.014567,0.050523,-0.01583
-0.19569,4.613691,8.712909,0.047590,0.067567,-0.00305
-0.13581,4.551408,8.597927,0.062504,0.078220,0.002273
-0.07352,4.527454,8.497317,0.074222,0.077155,0.003338
-0.16934,4.570572,8.528458,0.057178,0.066502,-0.01477
-0.22923,4.601714,8.578763,0.046525,0.063306,-0.02435
-0.34421,4.654414,8.650627,0.031611,0.063306,-0.03288
-0.38494,4.675973,8.650627,0.031611,0.062241,-0.03288
-0.40649,4.692742,8.595531,0.035872,0.059045,-0.02435
-0.32026,4.635250,8.523667,0.036938,0.053719,-0.00305
-0.26277,4.625669,8.502107,0.026285,0.027087,0.012926
-0.26995,4.623273,8.550017,0.017763,0.021761,0.011861
-0.24600,4.628064,8.614695,0.001784,0.002586,0.007599
-0.23881,4.625669,8.638649,-0.00886,-0.00806,0.005469
-0.22204,4.647228,8.573972,-0.00460,-0.00700,0.003338
-0.20767,4.618482,8.521271,0.001784,-0.00380,0.000143
-0.19809,4.604109,8.502107,0.008175,0.002586,-0.00198
-0.19809,4.596922,8.466176,0.012436,0.023891,-0.00518
-0.23642,4.613691,8.466176,0.008175,0.040936,-0.00731
-0.25079,4.613691,8.538040,0.000719,0.039870,-0.00944
-0.27235,4.628064,8.638649,-0.02697,0.038805,-0.01264
-0.32744,4.632855,8.768006,-0.03976,0.036675,-0.01583
-0.38254,4.673578,8.746446,-0.04295,0.034544,-0.01796
-0.36577,4.611295,8.609904,-0.03443,0.031348,-0.01796
-0.36817,4.623273,8.511690,0.001784,0.038805,-0.00944
-0.30588,4.594527,8.454197,0.024154,0.045197,0.001208
-0.36338,4.623273,8.533248,0.024154,0.049458,0.006534
-0.36098,4.611295,8.564390,0.006045,0.059045,0.007599
-0.38494,4.618482,8.602718,-0.00247,0.071828,0.003338
-0.41129,4.611295,8.727282,-0.00673,0.070763,-0.00092
-0.39452,4.652019,8.763215,-0.01099,0.065437,-0.00305
-0.45440,4.628064,8.909338,-0.00034,0.027087,-0.00624
-0.31307,4.601714,8.657814,0.006045,0.016435,-0.00518
-0.27714,4.582550,8.540435,0.045460,0.003651,0.004404
-0.23162,4.584945,8.324842,0.081679,0.008978,0.015056
-0.33703,4.671183,8.540435,0.080613,0.016435,0.010795
-0.54543,4.750233,8.823101,0.064634,0.043066,-0.00518
-0.58376,4.687951,8.813520,0.027350,0.060110,-0.02648
-0.53825,4.673578,8.700932,0.048655,0.068632,-0.02009
-0.43764,4.644832,8.456593,0.116832,0.073959,0.004404
-0.36098,4.642436,8.226628,0.136007,0.084611,0.010795
-0.38254,4.707115,8.154763,0.143464,0.106982,0.011861
-0.57897,4.862821,8.200277,0.132811,0.117635,0.005469
-0.68437,4.893962,8.394310,0.088070,0.154919,-0.01264
-0.67958,4.896358,8.533248,0.056112,0.243336,0.001208
-0.62688,4.755024,8.753633,0.049721,0.300860,0.028905
-0.60771,4.769397,8.566785,0.053982,0.317904,0.043818
-0.54543,4.707115,8.557204,0.080613,0.289142,0.054471
-0.37296,4.594527,8.573972,0.097658,0.250793,0.039557
-0.41368,4.647228,8.681768,0.088070,0.223096,0.026774
-0.51429,4.714301,8.648232,0.046525,0.109112,-0.04246
-0.64844,4.771792,8.561994,0.036938,0.047327,-0.10744
-0.75863,4.778979,8.423057,0.042264,0.048392,-0.12236
-0.88559,4.886775,8.243395,0.073156,0.080350,-0.13834
-1.00536,4.987386,8.106853,0.096592,0.113374,-0.14579
-0.95027,4.896358,8.020616,0.120028,0.183681,-0.14153
-0.84008,4.915521,8.075712,0.140268,0.277424,-0.11703
-0.90715,4.872403,8.183508,0.134942,0.390342,-0.07762
-0.95266,4.922708,8.274537,0.096592,0.430822,-0.07868
-1.30959,5.054459,8.413475,0.081679,0.448932,-0.08720
-1.46051,5.097578,8.408683,0.011371,0.365841,-0.12023
-1.57549,5.056854,8.274537,-0.07384,0.157049,-0.14579
-1.43895,4.917917,8.320051,-0.12711,-0.02617,-0.11170
-1.46530,4.922708,8.312865,-0.14948,-0.07837,-0.09360
-1.42936,4.886775,8.341610,-0.19528,-0.16892,-0.09360
-1.27845,4.728674,8.430243,-0.20487,-0.19022,-0.08188
-1.35271,5.013736,8.511690,-0.22085,-0.19448,-0.03607
-1.34792,4.848448,8.703328,-0.24429,-0.21898,0.002273
-0.91434,4.589736,8.485339,-0.32312,-0.31912,-0.03394
-0.85684,4.572968,8.566785,-0.24322,-0.19022,0.018252
-0.76821,4.534640,8.528458,-0.12711,0.000456,0.009730
-0.72030,4.465171,8.461384,-0.11645,0.047327,-0.00731
-0.78498,4.472358,8.502107,-0.09835,0.083546,-0.00624
-0.96704,4.560990,8.693746,-0.08237,0.119765,-0.01690
-1.13232,4.546617,8.981204,-0.08237,0.157049,-0.06057
-1.16107,4.462776,9.151282,-0.09089,0.153854,-0.07442
-1.15388,4.515476,9.194400,-0.10900,0.110178,-0.07762
-1.16107,4.541827,8.928503,-0.09515,0.075024,-0.06483
-1.07723,4.589736,8.439825,-0.08237,-0.06345,-0.07442
-1.10837,4.647228,8.293701,-0.03549,-0.07091,-0.07655
-1.25928,4.709510,8.147577,0.058243,-0.07411,-0.07549
-1.32396,4.707115,8.224232,0.087005,-0.06559,-0.08188
-1.40541,4.668787,8.542831,0.075287,-0.05919,-0.07868
-1.40062,4.546617,8.760819,0.039068,-0.02084,-0.04566
-1.36469,4.546617,8.744050,0.018828,0.000456,-0.02648
-1.35031,4.527454,8.674582,0.011371,0.037740,0.016122
-1.21138,4.592132,8.430243,0.048655,0.092068,0.054471
-1.15149,4.649623,8.308073,0.090201,0.118700,0.058732
-1.15628,4.666391,8.329633,0.100853,0.110178,0.061928
-1.12993,4.687951,8.394310,0.081679,0.055849,0.049145
-1.14670,4.656809,8.538040,0.034807,0.013239,0.021448
-1.17544,4.613691,8.595531,0.015632,-0.00273,0.017187
-1.15149,4.563386,8.631464,-0.02165,-0.03576,0.013991
-1.17784,4.546617,8.636254,-0.02804,-0.03150,0.017187
-1.15149,4.513081,8.576367,-0.01525,-0.00700,0.025709
-1.22335,4.568177,8.509294,0.020959,0.043066,0.027839
-1.32875,4.668787,8.542831,0.026285,0.045197,0.025709
-1.37906,4.721487,8.497317,0.018828,0.013239,0.023578
-1.34073,4.711905,8.430243,0.014567,0.018565,0.026774
-1.23293,4.678369,8.420661,0.028415,0.023891,0.031035
-1.18503,4.678369,8.439825,0.031611,0.031348,0.041688
-1.18742,4.683160,8.609904,0.022024,0.033479,0.061928
-1.07962,4.642436,8.581158,0.012436,0.034544,0.071515
-0.98620,4.630459,8.502107,0.009241,0.035609,0.072581
-0.89757,4.565782,8.415870,0.016698,0.023891,0.074711
-0.93590,4.601714,8.320051,0.040133,0.014304,0.064058
-0.98620,4.606504,8.363169,0.038003,0.008978,0.050210
-1.08202,4.647228,8.518876,0.017763,-0.01978,0.018252
-1.15149,4.635250,8.664999,-0.01525,-0.02297,-0.01157
-1.10837,4.608900,8.744050,-0.02804,-0.01552,-0.02542
-0.99818,4.532245,8.837474,-0.03869,-0.00700,-0.04033
-1.18023,4.719092,8.530853,-0.02271,-0.01552,-0.04566
-1.25689,4.747838,8.341610,-0.01312,-0.03682,-0.04885
-1.34552,4.728674,8.205068,0.022024,-0.08689,-0.06696
-1.32157,4.735860,8.241001,0.068895,-0.05174,-0.08614
-1.33594,4.721487,8.530853,0.059308,0.018565,-0.05951
-1.34313,4.692742,8.605113,0.032676,0.023891,-0.04353
-1.33354,4.687951,8.691350,-0.01419,0.014304,-0.01690
-1.32396,4.661601,8.669791,-0.01632,0.011108,-0.00837
-1.28803,4.649623,8.593135,0.002849,0.003651,0.000143
-1.25210,4.625669,8.521271,0.024154,-0.02937,0.009730
-1.21138,4.618482,8.427847,0.028415,-0.05813,0.009730
-1.17784,4.661601,8.382333,0.020959,-0.06878,0.006534
-1.19461,4.716697,8.382333,-0.00247,-0.07943,0.001208
-1.19700,4.735860,8.451803,-0.01632,-0.06878,0.009730
-1.11316,4.721487,8.509294,-0.01952,-0.05919,0.015056
-1.04369,4.675973,8.573972,-0.01952,-0.04428,0.024644
-1.01016,4.647228,8.605113,-0.01845,-0.04961,0.026774
-1.00536,4.649623,8.698536,-0.01525,-0.05493,0.022513
-1.01016,4.637646,8.593135,0.007110,-0.06452,0.012926
-1.01016,4.616086,8.559598,0.036938,-0.04641,0.007599
-1.02213,4.611295,8.506898,0.047590,-0.03363,0.000143
-1.01255,4.640041,8.487734,0.053982,-0.02724,-0.01264
-1.04130,4.668787,8.561994,0.047590,-0.03895,-0.02755
-1.10358,4.680764,8.588345,0.051851,-0.05067,-0.02861
-1.12274,4.771792,8.490130,0.057178,-0.05813,-0.02329
-1.07723,4.771792,8.367960,0.050786,-0.05493,-0.01157
-1.05806,4.783770,8.291305,0.043329,-0.04748,-0.00837
-1.02692,4.738256,8.236209,0.018828,-0.02191,-0.00092
-1.02213,4.743047,8.355983,-0.00141,0.004717,-0.00092
-0.98380,4.714301,8.377543,-0.00993,0.010043,-0.00731
